#CV|L
GVAC|1|SID|Amílcar Cabral~3|67414|70506|54|01,3280,45,1,1,358,,-1985,55,54,,967,35,52,266;07,1500,45,1,2,58,,-470,-860,54,,240,320,54
GVBA|1|BVC|Aristides Pereira~3|61365|71111|21|03,2100,45,1,0,16,,-830,-252,21,,996,314,21
GVNP|1|RAI|Nelson Mandela~3|49411|65153|70|03,2100,45,1,0,22,,-871,-363,95,198,878,363,99;03R,2096,45,1,3,22,,-920,-380,,198,840,350;03L,1283,30,1,3,22,,-2190,-1100,,,-1130,-660
GVSV|1|VXE|Cesaria Evora~3|68334|49447|20|07,2000,30,1,1,54,,-504,-686,21,167,567,825,21
#CV|M
GVMA|1|MMO|Maio~1|51559|67863|11|01,1200,,1,0,,,,,11,,,,11
GVSN|1|SNE|Preguiça~1|65889|57159|204|01,1400,30,1,0,356,,-697,40,204,,565,-33,204
#CV|S
GVMT|1|MTI|Mosteiros~1|50450|56608|20
GVSF|1|SFL|São Filipe~1|48850|55200|188|14,1200,,0,0,,,,,160,,,,160
