#OM|L
OM-0003|OODQ|DQM|Duqm~3|95019|76342|111|04,4000,60,2,1,45,,-1462,-490,109,,1085,2216,109
OOSA|1|SLL|Salalah~3|70387|40913|22|07,4000,60,1,1,71,,-433,-2156,19,,756,1389,22;17,1279,18,6,2,174.1,,160,1000,21,,-990,1130,12
#OM|M
OOTH|1|TTH|Thumrait~d|76660|40246|479|17,4000,45,1,1,173,,1790,-240,454,,-1790,240,470
#OM|S
BJQ||BJQ|Bahja~1|98731|60678|157
OO42|||Manston~d|69904|33588|970|16,1502,30,1,0,157.9,,630,-270,,,-630,270
OOJA||JNJ|Ja'Aluni~1|94749|73083|171
OOMX|1|OMM|Marmul~1|81390|51790|282|13,2632,58,5,0,136.2,,880,-870,,,-830,850;06,1762,53,5,0,64.6,,-930,-1070,,,-240,430
UKH||UKH|Mukhaizna~1|93864|64014|144
#SA|S
OEBN|1||Thablotin~1|98316|40221|123
OEOM|1||Umm Al Melh Border Guards~1|91118|1274|262
#SO|S
HCMA|1|ALU|Alula~1|19582|7480|2
HCMS|1|CMS|Iskushuban~1|3139|2056|342
SO-0004|HCBA||Hafun~6|4450|12466|11
SO-0005|HCBG||Hafun Old Base~6|4154|13256|169
#YE|M
OYGD|1|AAY|Al Ghaydah~3|61933|21742|41|08,2700,45,1,1,81.9,,-180,-1350,41,,160,1160,37
OYSQ|1|SCT|Socotra~1|26321|39062|45|03,3300,45,1,1,26,,-1470,-730,45,,1180,610,9
#YE|S
OYBA|||Al Badie~1|87207|8358|277|06,3036,45,1,0,59,,-850,-1120,,,550,1350
OYQN|1||Qishn~1|54170|16830|30
