#GT|L
MGGT|1|GUA|La Aurora~3|45829|94725|1509|02,2987,60,1,1,17.4,,-1250,-410,1489,,1320,420,1509,220
#GT|M
MGCB|1|CBV|Coban~1|54690|95933|1323|03,1018,15,1,0,31.4,,-390,-250,,,390,240
MGRB|1|RUV|Rubelsanto~1|59920|95547|130|08,1430,21,1,0,88,,-20,-670,,,20,670
MGRT|1|RER|Retalhuleu~1|45214|83030|200|04,1544,30,1,0,49.8,,-490,-570,,,410,520
MGSJ|1|GSJ|San José~1|39362|91642|9|15,2010,46,1,0,156.7,,840,-370,9,,-840,360,9
#GT|S
GT-0003||ENJ|El Naranjo~1|41069|91825|43
GT-0004||PCG|Paso Caballos~1|72639|97437|65
MGCR|1|CMM|Carmelita~1|74612|99463|230
MGCT|1|CTF|Coatepeque~1|46942|81175|453
MGHT|1|HUG|Huehuetenango~1|53167|84944|1870
MGPG|1|PKJ|Playa Grande~1|59975|92583|176
MGQC|1|AQB|Quiché~1|50122|88494|2021|17,1247,,1,0
MGQZ|1|AAZ|Quezaltenango~1|48656|84980|2371|05,2103,,1,0
#MX|H
MX-0685|||Cantarell II Platform Helipad|85018|64794|20
MX-0779|||Helipuerto El Universal|94343|8504|2274
MX-1167|||Helipuerto VZ Flights|94281|7937|2315
MX-2020|||Helipuerto Ciudad de México|94323|9351|2134
#MX|L
MMAA|1|ACA|General Juan N. Álvarez~3|67571|2469|5|10,3302,45,2,1,108,,290,-1010,4,,-640,1930,4;06,1700,35,2,1,67,,-350,-930,3,,250,540,3
MMBT|1|HUX|Bahías de Huatulco~3|57754|37395|141|07,2700,45,1,1,79.1,,-240,-1450,141,,220,1030,141
MMMX|1|MEX|Mexico City Benito Juárez~3|94358|9297|2230|05L,3952,45,1,1,59.4,,-820,-2020,2228,315,990,1210,2228,500;05R,3900,45,1,1,59.4,,-880,-1550,2230,455,910,1640,2224
MMOX|1|OAX|Xoxocotlán~3|69988|32739|1521|01,2450,45,1,1,15.7,,-1070,-300,1513,,1060,330,1521
MMPB|1|PBC|Hermanos Serdán~3|91585|16284|2244|17,3600,45,1,1,177.8,,1600,-40,2244,,-1670,70,2244
MMSM|1|NLU|Felipe Ángeles~3|97438|9849|2246|04C,4500,45,1,1,45,,-1524,-800,2243,,1133,2447,2243;04L,4500,45,1,1,45,,-972,-2460,2242,,1685,787,2242;04R,3500,45,2,1,45,,-1798,-553,2242,,270,1975,2242;04,3470,75,2,3,,,,,,,,,,423
MMTO|1|TLC|Adolfo López Mateos~3|93369|4342|2580|15,4200,45,1,1,156.8,,1760,-810,2580,90,-1730,770,2580,160
MMVA|1|VSA|Carlos Rovirosa Pérez~3|79943|71818|14|08,2200,45,1,1,87,,210,-960,14,,330,1130,14
MMVR|1|VER|General Heriberto Jara~3|91396|38114|27|19,2400,45,1,1,191,,990,230,27,,-1150,-210,34;09,1523,45,1,2,101,,680,-330,27,,420,1100,27
#MX|M
MMCB|1|CVJ|General Mariano Matamoros~3|88339|7382|1304|03,2798,45,1,1,31,,-1020,-660,1304,,1200,760,1304,79
MMCE|1|CME|Ciudad del Carmen~3|86515|82006|3|13,2200,45,1,1,140,,800,-680,3,,-720,670,3
MMCP|1|CPE|Ingeniero Alberto Acuña Ongay~3|98160|94999|10|16,2500,45,1,1,166.1,,1180,-310,10,,-1020,270,10
MMIT|1|IZT|General Antonio Cárdenas Rodríguez National Airport / Ixtepec~d|64460|49063|50|17,2329,45,1,1,179.9,,1390,0,,,-720,0
MMJA|1|JAL|El Lencero~1|94751|32030|953|08,1700,25,1,1,86.4,,-50,-860,956,,50,760,956,293
MMMT|1|MTT|Minatitlán/Coatzacoalcos~3|81034|54193|11|01,2100,45,1,1,17.8,,-900,-300,10,,910,310,10
MMPS|1|PXM|Puerto Escondido~3|58768|29109|90|09,2300,45,1,1,92.7,,60,-1080,90,,-40,1080,90
MMTB|1||Terán~d|67399|68267|582|17,2153,41,1,1,179.1,,980,-10,582,56,-970,20,582,61
MMTG|1|TGZ|Angel Albino Corzo~3|65616|69743|457|15,2500,45,1,0,148,,980,-650,,,-940,580
MMTP|1|TAP|Tapachula~3|47945|76301|30|05,2000,45,1,1,55.4,,-530,-780,30,,500,750,30
MX-2118|||Base N°1 de la Fuerza Aérea Mexicana (General Alfredo Lezama Álvarez)|97352|10118|2245
#MX|S
MM20|||Ingeniero Juan Antonio Perdomo Díaz~1|88732|30427|902|12,1247,15,1,0,125.6,,430,-570,,,-230,390
MM29|||Aeródromo Ta Lo De Soto|64646|16015|67|10,962,20,1,0,105.1,,0,120,,,-230,990
MM41|MMPD||Base Nº7 de la Fuerza Aérea Mexicana (Gustavo G. León González)|69107|117|6|10,2320,46,1,1,110,,310,-1060,,,-400,980
MM48|||Ciudad Pemex~1|78801|75243|6|05,1524,30,1,0,56,,-380,-590,,,390,600
MMCH|1||Chilpancingo National~1|75741|4846|1280|15,1407,20,1,0,156.7,,550,-160,,,-620,370
MMCO|1|CJT|San Antonio Copalar~1|61767|79494|1573|09,1760,,0,0,,,,,1574,,,,1574
MMHC|1|TCN|Tehuacán National~1|84972|25799|1679|13,1990,35,1,1,143,,710,-550,,,-720,590
MMJC|1|AZP|Jorge Jiménez Cantú National~1|95742|7088|2475|04,1300,40,1,0,47.2,,-340,-230,,,470,700
MMPQ|1|PQM|Palenque~3|75332|79845|61|10,2500,45,1,1,101,,279,-1141,44,,-309,1133,44
MMSZ|1|SCX|Estación Aeronaval de Salina Cruz|62126|47984|23|18,1716,,1,0
MMTA|1||Estación No. 9 de la Fuerza Aérea Mexicana|95380|18265|2508|01,2492,30,1,1,17.7,,-1080,-360,,,1070,360
MX-0070|||Loma Roja~1|92526|23225|2353|03,1195,15,1,0,37,,-440,-350,2355,,420,340,2354
MX-0126|||Algodonera de Tapachula~1|48225|76668|52|04,727,20,6,0,46,,-220,-230,44,,220,240,52
MX-0413|MMLB||Air Station No. 8 Loma Bonita|80233|41464|53
MX-0839|MMTQ||Tequesquitengo~1|86467|7384|997
MX-2520|||Pinotepa Nacional~1|63792|18829|254|10,1195,17,1,0
X-MMTG|||Francisco Sarabia National~1|67697|66585|1052|09,2505,45,1,1,97.4,,290,-2380,,,0,-50;16,1500,30,1,0,162.3,,-40,20,,,-1300,430
