#BF|L
DFFD|1|OUA|Ouagadougou Thomas Sankara~3|23532|84876|316|04,3000,45,1,1,33,,-1150,-757,315,,1124,761,299;04R,1911,30,9,2,35,,-890,-338,317,,520,679,303
DFOO|1|BOY|Bobo Dioulasso~1|11601|56690|461|06,3300,45,1,1,53,,-900,-1191,432,,890,1197,452
#BF|S
DFCA|1|XKY|Kaya~1|30774|88997|300
DFCB|1||Barsalogho~1|34000|89330|330
DFCC|1|OUG|Ouahigouya~1|36553|76779|332
DFCD|1||Didyr~1|25500|73830|292
DFCG|1||Kongoussi~1|33170|84670|322
DFCJ|1|XDJ|Djibo~1|41250|83753|305
DFCK|1||Koudougou~1|22670|76000|305
DFCL|1|XLU|Leo~1|11000|79000|360
DFCP|1|PUP|Po~1|11791|88515|320
DFCR|1||Poura~1|16174|72463|260
DFCS|1||Seguenega~1|34406|80056|347
DFEA|1|XBO|Boulsa~1|26500|94330|300
DFEB|1|XBG|Bogande~1|29830|98330|300
DFEE|1|DOR|Dori~1|40216|99318|282
DFEG|1|XGG|Gorom-Gorom~1|44542|97814|285
DFET|1|TEG|Tenkodogo~1|18011|96286|310
DFEZ|1|XZA|Zabré~1|11670|93830|270
DFOA|1||Dano~1|11330|69330|285
DFOB|1|BNR|Banfora~1|6889|52723|300
DFOD|1|DGU|Dedougou~1|24590|65100|300
DFOG|1|XGA|Gaoua~1|3841|68365|335
DFOH|1||Houndé~1|14912|64872|324|08,780,,4,0;18,585,,5,0
DFON|1|XNU|Nouna~1|27500|61330|270
DFOR|1||Orodara~1|9861|50752|520
DFOT|1|TUQ|Tougan~1|30591|69227|300
DFOU|1|XDE|Diebougou~1|9500|67500|300
DFOY|1|XAR|Aribinda~1|42170|91170|342
#GH|S
DGLN|1||Navrongo~1|9431|89126|207
DGLW|1|WZA|Wa~1|827|74923|323|03,2015,44,1,0,20,,-860,-310,323,,850,311,323
#GN|S
GN-0003|||Loila~1|7849|11311|379|05,1415,23,1,0,47,,-390,-430,,71,390,425,,71
GUSI|1|GII|Siguiri~1|13998|8116|395|11,1495,,5,0
GXUD|1|KNN|Kankan~1|4484|7712|376|10,3000,44,1,0,91,,30,-1089,385,,-30,1647,374
#ML|L
GABS|1|BKO|Modibo Keita~3|25335|20501|380|06,3200,45,1,1,57,,-670,-1045,362,,680,1036,379
GATB|1|TOM|Tombouktou~1|67305|69924|263|07,2110,30,1,1,68,,-360,-915,263,,350,919,262
#ML|M
GAGO|1|GAQ|Gao~3|62485|99946|265|07,2500,45,1,1,62,,-530,-1042,255,,520,1030,263
GAMB|1|MZI|Mopti~1|45128|59204|276|05,2542,29,1,1,47,,-780,-863,276,,770,872,275
#ML|S
GABD|1||Bandiagara~1|43369|63902|400
GABG|1||Bougouni~1|14419|24931|347
GABR|1||Bourem~1|70262|95937|287
GADZ|1||Douentza~1|50036|70808|300
GAGM|1|GUD|Goundam~1|63584|63955|264|05,1500,,0,0,,,,,264,,,,264
GAKN|1||Kolokani~1|35240|19540|444
GANF|1||Niafunke~1|59240|59923|264
GANK|1|NRM|Nara~1|52291|27380|271|03,396,30,5,0
GANR|1|NIX|Nioro du Sahel~1|52381|4239|237|08,1500,,0,0,,,,,232,,,,232
GASK|1||Sikasso~1|13286|43153|420|08,2850,23,6,0,76,,-318,-1263,416,,294,-2,397
GASO|1|KSS|Sikasso (Dignangan)~1|15984|42011|397|08,1602,30,1,1,70.6,,-280,-774,395,,200,611,393
GASY|1||Syama~1|7885|39402|383
#MR|S
GQNA|1|AEO|Aioun el Atrouss~1|67113|3621|290|04,1599,30,1,0,32.4,,-610,-400,,,610,403,285
GQNC|1|THI|Tichitt~1|84339|5136|171
GQNH|1|TMD|Timbedra~1|62337|18365|211
GQNI|1|EMN|Néma~1|66220|26834|227|09,2100,30,1,1,84,,-90,-979,222,,90,986,231
GQNM|1||Dahara~1|63000|19500|220
