#GM|L
GBYD|1|BJL|Banjul~3|33380|33478|29|14,3600,45,1,1,131,,1060,-1260,27,,-1060,1260,23
#GN|S
GUFA|1|FIG|Fria~1|3506|64308|152|06,1600,40,1,0,48.1,,-500,-560,,,470,540
GUFH|1|FAA|Faranah~1|355|92302|450|09,2315,45,1,0,84,,-130,-1080,,,130,1070
GUKR|1||Kawass~1|6575|54677|11|07,1560,,1,0
GULB|1|LEK|Tata~1|13375|77091|1035|06,3000,45,6,0,51,,-1720,-300,1035,,-570,1110,1035
GUOK|1|BKJ|Boké Baralande~1|9658|57189|50|02,1540,,6,0
GUSA|1||Sangarédi~1|11146|61842|209|04,1150,,6,0
GUSB|1|SBI|Sambailo~1|25753|66367|90|12,1500,,6,0
#GW|L
GGOV|1|OXB|Osvaldo Vieira~3|18943|43464|39|03,3200,45,1,1,19,,-1310,-480,39,,1420,460,26
#GW|S
GG64|||Quebo~1|15369|52381|50|14,1206,21,1,0,134,,250,-440,,,-510,360
GGBE|1||Bendanda~6|13468|48943|8
GGBF|1||Bafatá~1|21764|53422|44
GGBO|1||Bolama~6|15955|45015|23
GGBU|1|BQE|Bubaque~1|12974|41619
GGCC|1||Cacine~6|11208|49853|8
GGCF|1||Cufar~1|12879|48195|20|06,1899,23,1,0,50,,-550,-670,,,550,670
#ML|M
GAKY|GAKD|KYS|Kayes Dag Dag~1|44825|86007|50|09,2700,45,1,1,81,,-240,-1250,49,,-10,230,49
#ML|S
GABF|1||Bafoulabé~1|38069|91522|116
GAKA|1|KNZ|Kenieba~1|28390|87466|137
GASD|1||Sadiola~1|38755|83322|148
GAYE|1|EYL|Yélimané~1|51237|94288|99
ML-0001|GAMN||Manantali Bengassi~1|32556|94957|164|09,1508,30,9,1,88,,-30,-700,160,,30,690,164
#MR|L
GQNO|1|NKC|Nouakchott–Oumtounsy~3|83100|40303|3|16,3400,60,2,1,150,,634,-388,3,,-2019,1235,3;06,2400,45,2,1,50,,-1521,-2269,3,,-118,-538,3
#MR|S
GQNB|1|OTL|Boutilimit~1|75283|52859|37
GQND|1|TIY|Tidjikja~1|85701|85765|409|07,1600,29,1,0,64,,-320,-680,,,320,670,401
GQNE|1|BGH|Abbaye~1|66333|58000|20
GQNF|1|KFA|Kiffa~1|65900|85938|131|07,2500,29,1,0,61,,-340,-650,122,,340,650,129
GQNJ|1|AJJ|Akjoujt~1|97280|56228|123
GQNK|1|KED|Kaédi~1|61595|64924|23|07,2500,45,1,0,60,,-570,-1010,16,,580,1010,20
GQNL|1|MOM|Letfotar~1|77500|75000|78
GQNS|1|SEY|Sélibaby~1|51797|77927|67|07,1600,30,0,0,56.3,,-400,-620,,,400,620
GQNT|1|THT|Tamchakett~1|72316|92208|189
#SN|L
GOBD|1|DSS|Blaise Diagne~3|46709|29272|88|01,3500,60,1,1,359,,-1570,10,83,120,1590,-17,77,120
GOOY|1|DKR|Léopold Sédar Senghor~3|47423|25208|26|18,3490,45,1,1,172.6,,1480,-170,20,160,-1650,250,23;03,1483,30,1,2,23,,-1060,-2510,19,,190,-1980,17
#SN|M
GOGG|1|ZIG|Ziguinchor~1|25556|37167|23|10,1545,30,1,1,88,,-20,-560,20,,30,860,23
GOGS|1|CSK|Cap Skirring~1|23953|32520|16|14,2003,30,1,1,136,,648,-650,16,,-639,647,9
GOOK|1|KLC|Kaolack~1|41469|39487|8|06,1600,30,1,0,50,,-460,-570,,,450,570
GOSM|1|MAX|Ouro Sogui~1|55936|66772|26|13,1920,,5,0
GOSS|1|XLS|Saint Louis~1|60498|35390|3|18,1899,30,1,1,172.6,,900,-130,3,,-800,100,2;01,1311,38,6,2,4.3,,-990,440,,,200,530
GOTB|1|BXE|Bakel~1|48473|75317|30|07,1750,30,0,1,59,,-400,-700,,300,390,710
GOTK|1|KGG|Kédougou~1|25723|77797|178|11,1800,45,1,1,103,,190,-810,,,-190,800
GOTT|1|TUD|Tambacounda~1|37368|63469|49|06,2000,30,1,1,49,,-590,-700,48,,590,700,49
#SN|S
GO66|||Dodji~1|55439|50417|20|02,1594,44,8,0,15,,-700,-200,,,690,190
GODK|1|KDA|Kolda~1|28986|50317|37|02,1502,15,1,0,28,,-610,-300,,,590,340
GOOG|1||Linguère~1|54021|49194|20
GOSP|1|POD|Podor~1|66782|50350|6
GOSR|1|RDT|Richard Toll~1|64378|43436|6|08,1550,,0,0
GOTS|1|SMY|Simenti~1|30468|67046|52
NIK||NIK|Niokolo-Koba~1|30520|72728|87|02,1451,25,6,0
SN-0001|||Thiès~1|48094|30493|83|03,1890,30,2,0
