#CN|L
ZJSY|1|SYX|Sanya Phoenix~3|83029|94120|28|08,3400,45,2,1,82.2,,-210,-1600,19,,210,1600,27
#CN|M
CN-0057|||Foluo Northeast~d|86922|91610
CN-0069|||Jialaishi~d|96972|97260
CN-0072|||Lingshui~d|84944|99880
CN-0290|||Sanya~d|82875|94637|9
#KH|H
VDST|1||Stung Treng~1|35313|60143|62|02,1295,21,1,0,19,,-530,-230,62,,580,170,55
#KH|L
KH-0001|VDDS|DSY|Dara Sakor~3|9142|32267|18|03,3200,45,2,0
KH-0002|VDTI|KTI|Techo~3|13600|49213|6|05,4000,60,2,1,47,,-1220,-1350,,,1230,1340
VDPP|1|PNH|Phnom Penh~3|15472|48447|12|05,3000,44,1,1,45.8,,-1010,-1070,12,,880,930,11,150
VDSA|1|SAI|Siem Reap-Angkor~3|33697|42238|58|05,3605,60,2,0
VDSV|1|KOS|Sihanouk~3|5706|36321|10|03,2500,34,1,1,27.6,,340,190,,,1380,790
#KH|M
VDBG|1|BBM|Battambang~1|30956|32240|18|07,1600,34,1,0,69,,-260,-600,18,,250,700,18
VDRK|1|RBE|Ratanakiri~1|37300|69870||18,1200,,0,0,,,,,324,,,,324
#KH|S
OMY||OMY|Preah Vinhear~1|37597|49717|107
VDKC|1||Kampong Cham~1|20287|54412|45
VDKK|1|KKZ|Koh Kong~1|16134|29971
VDMK|1|MWV|Mondulkiri~1|24646|71880|701
VDSY||KZD|Krakor~1|25385|41486|19|18,1463,45,5,0
#LA|L
VLLB|1|LPQ|Luang Phabang~3|99043|21672|291|06,2500,45,1,1,61,,-1180,-1520,291,,-230,280
VLPS|1|PKZ|Pakse~3|51340|57799|107|15,2400,45,2,1,147,,420,-290,107,,-810,610,107
VLVT|1|VTE|Wattay~3|79851|25667|172|13,3000,45,1,1,135.3,,1286,-1341,172,,-637,653,172
#LA|M
VLSK|1|ZVK|Savannakhet~1|65566|47600|155|04,1633,38,2,0,39.3,,-570,-500,,,570,400
#LA|S
LA-0005|||Khoksa~9|80680|29106||16,671,,0,0
VLAP|1|AOU|Attopeu~1|47931|70453|105
VLPV|||Phonesavanh~1|94549|32180|1106|14,942,20,3,0,139.1,,320,-300,,,-320,300
VLSB|1|ZBY|Sayaboury~1|92436|17093|293
VLSV|1|VNA|Salavan~1|57090|64109|175
VLTK|1|THK|Thakhek~1|73779|48574|137
VLXK|1|XKH|Xieng Khouang~1|94500|31580|1050|07,2608,40,1,0,72,,-580,-1300,,,140,1100
VLXL||XIE|Xienglom~1|96203|8153|558
#TH|H
VTBE|1||Pak Phreaw~2|45082|9190|14
#TH|L
VTBD|1|DMK|Don Mueang~3|39126|6070|3|03L,3700,60,1,1,29,,-1550,-1100,2,,1380,500,2;03R,3500,45,1,1,29,,-1310,-500,2,,1480,1000,2,350
VTBS|1|BKK|Suvarnabhumi~1|36811|7470|2|01,4000,60,1,1,14,,-2440,483,,,1061,1403;02L,4000,60,1,1,14,,-1593,-1776,,,1906,-856;02R,3700,60,1,1,14,,-982,-1233,,,2257,-382
VTBU|1|UTP|U-Tapao–Rayong–Pattaya~3|26799|10050|13|18,3505,60,1,1,185,,1590,100,18,,-1580,-100,8
VTUD|1|UTH|Udon Thani~3|73862|27886|176|12,3048,45,1,1,117,,650,-1360,176,,-600,1240,176
#TH|M
VTBL|1|KKM|Khok Kathiam~1|48746|6634|37|16,2210,45,1,1,160.3,,930,-340,,142,-950,360;05,1352,45,2,1,46.8,,-520,-540,,,310,360;10,183,20,1,0,96,,1170,-240,,,1160,-40
VTBO|1|TDX|Trat~1|22746|23190|32|05,1798,46,1,1,51,,-430,-500,,,430,500
VTCN|1|NNT|Nan~1|88079|7830|209|02,2000,45,1,1,20.7,,-840,-300,207,,840,400,208
VTCP|1|PRH|Phrae~1|81322|1650|164|01,1500,30,1,1,6,,-680,-100,164,,670,0,163
VTPB|1|PHY|Phetchabun~1|66760|11950|137|18,2100,45,1,1,180,,950,0,137,,-950,0,137
VTPI|1|TKH|Takhli Royal Thai Air Force Base|52773|2960|33|18,3000,45,2,1,181.3,,1360,0,33,,-1360,0,20
VTPP|1|PHS|Phitsanulok~1|67829|2790|47|14,3000,45,1,1,144,,1100,-800,44,,-1090,800,44
VTUI|1|SNO|Sakon Nakhon~1|71951|41190|161|05,2600,45,1,1,45,,-830,-900,161,,840,800,160
VTUJ|1|PXR|Surin~1|48683|34980|146|01,1540,35,1,0,7.5,,-690,-100,146,,690,100,146
VTUK|1|KKC|Khon Kaen~1|64666|27840|204|03,3050,45,1,1,32.9,,-1160,-800,183,150,1160,700,204,150
VTUL|1|LOE|Loei~1|74391|17220|262|01,2100,45,1,1,16.8,,-910,-300,249,,910,300,262
VTUO|1|BFV|Buri Ram~1|52295|32530|180|04,2100,45,1,1,35.1,,-770,-500,180,,780,600,171
VTUQ|1|NAK|Nakhon Ratchasima~1|49495|23130|233|06,2100,45,1,1,61.3,,-460,-900,233,,460,800,226
VTUU|1|UBP|Ubon Ratchathani~1|52513|48700|124|05,3002,45,1,1,51.5,,-850,-1100,124,,840,1100,119
VTUV|1|ROI|Roi Et~1|61168|37740|137|18,2100,45,1,1,182.5,,950,0,137,,-950,-100,137
VTUW|1|KOP|Nakhon Phanom~1|73838|46430|179|15,2500,45,1,1,144.8,,920,-700,179,,-930,700,169
#TH|S
TH-0001|||Eastern Flying Club~1|29024|9332|49|01,457,,4,0
TH-0007|VTBC||Chanthaburi~6|26325|20260|22
TH-0011|||Nong Khor~9|31403|10464|65|06,671,,1,0,,,,,76
TH-0015|||Best Ocean~j|35402|3294||16,792,,1,0
TH-0025|||Dropzone Thailand~1|26714|15476||17,700,20,1,0
TH-0028|||Sri Racha~1|30910|9675|26|05,1150,25,1,0,,,,,,300
TH-0034|||TFT~9|40805|8526|6|09,820,23,1,0,90,,,,6,,,,6
TH-0036|||Kabin Buri~1|40214|17030|12|02,1317,50,0,0,,,-539,-218,,,559,241
TH-0040|||Khanong Phra~1|46312|14659||10,713,18,1,0
TH-0043|||Bird's Paradise~j|75220|35512|169|07,732,18,4,0
TH-0044|||Tantawan|47712|7760|50|03,698,18,4,0
TH-0062|||Ayudthaya~9|42769|6478||18,556,,1,0
VTBH|1||Sa Pran Nak~1|49494|6430|29|06,1186,30,1,1,58,,-360,-600,,,200,300;01,1006,30,1,1,9,,-450,-100,,,450,100
VTBI|||Khao E To~1|40778|13800|24|17,1000,34,1,0,172.3,,440,-100,24,,-450,100,24
VTBT|1||Bang Phra~1|32324|9568|27|05,924,,1,0
VTBV|1||Koh Takian~1|22540|25185|0|16,914,15,2,1,,,-13,-328,,,-787,-40
VTBW|1||Watthana Nakhon~1|37692|23160|61|05,1500,35,1,0,50,,-480,-600,,,400,500
VTPL|1||Sak Long~1|68241|12512|152|01,1000,30,1,0,7.9,,-420,-20,,,470,80
VTPN|1||Nakhon Sawan~1|56730|1370|34|05,1366,30,1,1,53.1,,-370,-500,,,370,500
VTUN|1||Khorat~1|49347|20789|222|06,3000,45,2,1,62.1,,-660,-1290,222,,610,1210,209
VTUR|1||Rob Muang~1|60704|36460|140|17,953,30,1,0,166.6,,410,-100,140,,-420,100,140
VTUZ|||Nam Phung Dam~1|66522|29670||01,3157,45,2,0,7,,-1380,-100,,,1450,200
#VN|H
VN-0012|VVNM||Nước Mặn (Marble Mountain) Air Facility|60286|82529|9
#VN|L
VN-0018|VVLT|LTH|Long Thanh International Airport (Under Construction)|7728|70406|76|05L,4000,45,2,2;05R,4000,45,2,2
VVCR|1|CXR|Cam Ranh International Airport / Cam Ranh~d|19982|92190|12|02L,3048,45,2,1,19,,-1313,-420,10,,1298,485,10;02R,3048,45,2,1,,,-1658,-244,5,,950,660,11
VVCT|1|VCA|Can Tho~3|834|57094|3|06,3000,45,1,1,60,,-370,-740,,,720,1160
VVDN|1|DAD|Da Nang~3|60439|81990|10|17L,3500,45,1,1,172,,1380,-100,9,,-1350,300,11;17R,3048,45,1,0,172,,1350,-300,8,,-1380,100,9
VVPB|1|HUI|Phu Bai~3|64006|77041|15|09,2675,40,1,1,93.1,,160,-1410,,,20,1090,4
VVPQ|1|PQC|Phú Quốc~3|1698|39935|11|10L,3300,45,1,1,96,,463,-1371,5,,166,1626,8;10R,3000,45,1,1,96,,140,-1450,4,,-130,1350,7
VVTS|1|SGN|Tan Son Nhat~3|8188|66520|10|07R,3800,45,2,1,69,,-730,-1500,7,741,490,1800,10;07L,3050,45,2,1,69,,-380,-1500,7,,610,1100,10
#VN|M
VVBM|1|BMV|Buon Ma Thuot~1|26683|81200|527|09,3000,45,1,0,90.9,,20,-1400,522,,-20,1400,527
VVDH|1|VDH|Dong Hoi~1|75150|65906|18|11,2400,45,2,0,114,,280,-560,13,,-600,1440,13
VVDL|1|DLI|Lien Khuong~1|17506|83670|962|09,3250,45,1,0,,,166,-2005,945,,324,972,945
VVPC|1|UIH|Phu Cat~1|39550|90420|24|15,3051,45,2,0,146.7,,1150,-700,31,,-1150,800,31
VVPK|1|PXU|Pleiku~1|40045|80170|742|09,2400,45,1,0,91,,16,-1344,742,,-20,877,742
VVTH|1|TBB|Dong Tac~1|30496|93340|6|03,2902,45,2,0,30,,-1254,-664,,,1021,667;03R,2835,46,2,2,29.9,,-1350,-400,,,870,900;02,844,27,1,2,32,,-250,-300,,,440,100
VVVH|1|VII|Vinh~1|87376|56710|7|17,2400,45,1,0,173,,1074,-173,4,,-808,84,5
#VN|S
HOO||HOO|Nhon Co~9|19787|75638|692
VV02|||Bien Hoa~d|9767|68180|24|09L,3054,47,2,0,88.3,,40,-1400,18,,120,1400,24;09R,3050,48,2,0,86.3,,-170,-1400,18,,10,1400,24
VVCA|1|VCL|Chu Lai~1|54033|87060|3|14,3050,45,1,0,135,,1236,-1024,3,,-697,1000,3
VVPR|1|PHA|Phan Rang~1|16335|89520|31|04,3045,45,2,0,46.7,,-940,-1000,,,940,1000
VVTX|1|THD|Tho Xuan~1|99017|54678|18|13,3200,50,1,0,,,992,-1044,16,,-819,1338,16
VVVT|1|VTG|Vung Tau~1|3751|70962|4
