#IN|L
IN-0276|VANM|NMI|Navi Mumbai~3|89846|30653|56|08,3700,45,1,1,82,,-220,-1740,10,,224,1740,9;08R,3700,60,1,1
VABB|1|BOM|Chhatrapati Shivaji Maharaj~3|90887|28679|12|09,3509,60,1,1,89,,-30,-1990,5,142,20,1320,7,482;14,2871,45,1,1,134.2,,980,-1060,11,377,-860,930,8,260
VAPO|1|PNQ|Pune~3|85821|39197|592|10,3048,46,1,1,94,,80,-1340,,,-70,1060;14,1796,46,1,0,134,,290,-330,,130,-830,900,,143
VASD|1|SAG|Shirdi~3|96892|43737|587|09,2500,45,9,0,89,,-70,-853,591,,-6,1516,582
VOBL|1|BLR|Kempegowda International Airport Bengaluru|31979|77063|914|09L,4000,45,1,1,,,926,-2023,902,,895,1667,902;09R,4000,45,1,1,92,,-817,-1632,915,,-849,2058,889
VOCB|1|CJB|Coimbatore~3|10300|70434|404|05,2585,46,1,1,46,,-810,-850,403,,820,850,389
VOCI|1|COK|Cochin~3|1510|64008|9|09,3400,45,1,1,87.9,,40,-1440,9,,160,1660,9
VOCL|1|CCJ|Calicut~3|11360|59552|104|10,2860,46,1,1,101,,330,-1280,95,,-160,1300,99
VOGA|1|GOX|Manohar~3|57443|38606|168|10,3500,45,1,0,,,140,-1609,163,,-119,1648,163
VOGO|1|GOI|Goa Dabolim~3|53801|38333|46|08,3458,45,1,1,79,,-230,-1770,34,,380,1390,56
VOHS|1|HYD|Rajiv Gandhi~3|72313|84299|617|09R,4260,60,1,1,90,,-273,-1708,600,,-220,2297,617;09L,3707,45,1,1,90,,-71,-1758,601,313,-16,2340,618,341
VOKN|1|CNN|Kannur~3|19163|55450|101|07,3050,45,1,1
VOML|1|IXE|Mangaluru~3|29547|48868|103|06,2449,46,2,1,,,-559,-918,94,,545,910,94;09,1615,46,1,3,89,,650,-420,98,,670,1070,90
VOTP|1|TIR|Tirupati~3|36320|95399|107|08,3810,45,1,1,81,,-100,-710,107,,200,1380,101
VOTR|1|TRZ|Tiruchirappalli~3|7629|87177|88|09,1864,46,1,1,85.6,,230,-1040,87,157,360,660,84;15,1456,46,1,2,149,,590,-1010,84,,-540,-320,85
#IN|M
IN-0107|VOSR|SDW|Sindhudurg~1|60026|35298|62|09,2500,45,1,0,85,,-96,-1186,55,,85,1143,69
IN-0301|VOSH|RQY|Rashtrakavi Kuvempu~1|38580|56189|615
VAAU|1|IXU|Aurangabad~1|98629|53963|582|09,2839,45,1,1,89,,0,-1435,584,,26,1275,575
VABM|VOBM|IXG|Belagavi~1|58593|46183|758|08,2300,45,0,1,79,,-130,-800,755,,160,800,747
VAHB|VOHB|HBX|Hubballi~1|53611|50821|662|08,1670,30,1,0,82.8,,-30,-500,,102,160,1050,,53
VAKP|1|KLH|Kolhapur~1|66647|42894|608|07,1930,45,1,1,70,,-220,-610,608,,210,600,606
VALT|1|LTU|Murod Kond~1|84115|64647|651|05,2300,30,1,0,51,,-460,-590,,,450,590
VAND|1|NDC|Nanded~1|91833|73167|381|09,2300,45,1,1,99,278,-50,-480,,,-210,820
VARG|1|RTC|Ratnagiri~1|70136|33278|93|05,2100,45,1,0,43,,-450,-440,,,460,440
VASL|1|SSE|Solapur~1|76280|59348|483|15,2009,44,1,0,145,,500,-360,481,,-510,370,479
VOAT|1|AGX|Agatti~1|8237|21760|4|04,1291,30,1,0,35.4,,-480,-340,,,470,350,,191
VOBG|1||HAL~1|29500|76682|888|09,3307,61,1,1,85,,-120,-1270,876,,150,1760,882
VOBI|1|BEP|Bellary~1|51628|68828|9|12,1106,15,1,0,123,,270,-430,,,-270,430
VOBR|1|IXX|Bidar Airport / Bidar Air Force Station|79081|74871|664|02,2120,45,1,1,18,,-1110,-370,,,730,260;08,2072,46,1,1,78.2,,-340,-1670,,,40,230
VOCP|1|CDP|Kadapa~1|45132|87692|131|11,2000,45,1,0,108,,-170,-110,,,-480,830
VODG|||Dundigul Air Force Academy|76272|84034|614|10L,2515,46,2,1,99.4,,420,-1320,,,50,1010;10R,2073,46,1,0,99.5,,-80,-810,,,-390,1110
VOHY|1|BPM|Begumpet~1|74531|84676|531|09,3231,45,1,1,88.8,,-10,-1370,531,480,50,1670,523,739
VOKU|1|KJB|Kurnool~1|57163|81692|280|10,2000,30,2,0,,,152,-1008,337,,-126,834,337
VOMY|1|MYQ|Mysore~1|22298|66537|716|09,1740,30,2,0
VOPC|1|PNY|Pondicherry~1|19680|98120|41|07,1500,30,1,0,68,,-130,-710,,116,270,320
VOPN|1|PUT|Sri Sathya Sai~1|41493|77911|475|09,2230,44,1,1,93,,50,-1030,470,,-50,1040,476
VOSM|1|SXV|Salem~1|17833|80656|307|04,1806,46,1,0,34,,-670,-470,307,,680,470,307
#IN|S
IN-0011|VOJK||Jakkur~e|30767|75976|918
IN-0013|||Nadirgul~1|73061|85610|552|10,914,23,1,0,,,,,,,,,552
IN-0024|||Baramati~1|82269|45908|603|11,1676,30,3,0,110
IN-0033|VAAV||Aamby Valley~1|86096|33776|689|14,1200,30,1,0
IN-0382|VANR||Gandhinagar~9|99637|38076|597|09,1378,46,2,0,92,,30,-650,,,-20,660
VA1B|||Chanda~1|99947|92225|191|08,953,30,1,0,79.1,,-80,-450,,,80,450
VA1M|||Karad~1|72859|41581|576|10,1280,30,1,0,96,,60,-600,,,-70,590
VAJJ|||Juhu~e|90981|28342|4|08,1143,,0,0,,,,,5,,,,5
VO52|||Harihar~1|45345|57869|533|06,1491,17,1,0,59.5,,-290,-550,,38,400,650
VO95|||Hosur~1|26613|77672|950|09,2195,46,1,1,89,,70,-514,930,,123,1149,911
VOAR|||INS Rajali / Arakkonam Naval Air Station|30712|96912|81|06,4103,47,1,1,59,,-960,-1620,78,375,960,1620,84,201
VOGB|1|GBI|Kalaburagi~1|73082|69652|479|09,3175,,1,1
VOHK|||Hakimpet~1|75535|85249|616|09,2095,45,2,1,85,,-100,-1220,,,60,750
VOJV|1|VDY|Jindal Vijaynagar~1|51759|66330|509|13,1539,30,1,1,135,,,,496,130,,,508,354
VOKP|||Baldota Koppal~e|53595|62194|518|10,1829,,0,0
VONS|||Nagarjuna Sagar~1|65416|93165|201|09,1539,30,1,0,87.9,,80,-500,,,130,940
VONV|1|NVY|Neyveli~1|16130|95274|56
VORG|1|RMD|Basanth Nagar~1|87010|93923|204
VOSX|||Coimbatore Air Force Station|10136|71597|381|05,2516,45,1,1,48.9,,-750,-870,,,740,870
VOTJ|1|TJV|Thanjavur Air Force Station|7238|91095|77|07,1731,46,2,0,66,,-440,-1490,77,305,190,-50,74;14,1450,46,2,0,136,,60,-990,77,,-890,-70,70
VOWA|1|WGC|Warangal~1|79144|96022|285|09,1829,,0,0
VOYK|||Yelahanka Air Force Station|31355|76060|928|09,2196,44,1,1,90.6,,10,-1010,921,305,-10,1010,926,157
#ZZ|H
ZZ-0004|JZRO||(Bogus)Jezero Crater(Location is India not Planet Mars)|84400|74500|2600|1,10,10,0,0,270,270,41500,6900,2600,,41500,6900,2600
