#GU|L
PGUM|1|GUM|Antonio B. Won Pat~3|34850|47973|91|06L,3662,46,1,1,65,,-610,-1330,73,,560,1270,91;06R,3052,46,1,1,65,,-780,-1230,70,,150,769,87
#GU|M
PGUA|1|UAM|Andersen Air Force Base|35840|49300|191|06R,3409,61,1,1,66,,-870,-1400,170,,390,1501,185;06L,3218,61,1,1,66,,-370,-1400,165,,820,1299,188
#MP|L
PGRO|1|ROP|Rota~3|41733|52411|185|09,1829,46,1,1,92,,130,-711,180,,80,991,185
#MP|M
PGSN|1|SPN|Saipan~3|51194|57288|66|07,2652,61,1,1,68,,-490,-1080,66,,410,1220,64
PGWT|1|TIQ|Francisco Manglona Borja / Tinian~3|49992|56194|83|08,2621,46,1,1,79,,-220,-1241,72,,220,1160,82
#MP|S
TT01|||Pagan~6|81232|57633|10|11,457,37,4,0
