#ER|M
HHAS|1|ASM|Asmara~3|52919|89107|2335|07,3000,45,1,1,74.3,,-780,-1660,2335,,-50,1030,2333;12,1814,45,1,0,119.5,,810,-430,,,0,1040
HHMS|1|MSW|Massawa~3|56700|93701|59|07,3500,45,1,1,75,,-400,-1560,59,,400,1570,41
#ER|S
ER-0004|HHOH||Omhajer~1|43217|66303|593
ER-0006|HHKN||Keren~9|57844|84253|1426
HHAG|1||Agordat~1|55363|78655
HHAK|1||Adi Keyh~9|48271|93652|2436
HHAL|1||Alghena~9|73354|85193|385
HHBA|1||Barentu~1|51224|76143
HHGU|1||Gura~9|50268|90398|1961
HHKT|1||Kerkebet~9|62776|73604|391
HHMG|1||Gulbub~6|64110|91824|4
HHNF|1||Nakfa~9|66732|85055|1725
HHTS|1|TES|Tessenei~1|51043|66817|615
#ET|M
HAAX|1|AXU|Axum~1|41468|87728|2121|16,2400,45,1,1,160,,1010,-350,2111,,-1030,360,2121
HABD|1|BJR|Bahir Dar~1|16081|73216|1822|04,3000,45,1,1,45,,-950,-960,1831,,950,970,1804
HAGN|1|GDQ|Gondar~1|25199|74340|1966|17,2765,44,1,1,170,,1230,-220,1986,,-1230,230,1940
HAMK|1|MQX|Mekele Alula Aba Nega~1|34674|95335|2254|11,3600,45,1,1,112,,600,-1550,2254,300,-610,1540,2244,300
HASO|1|ASO|Asosa~1|185|45863|1554|11,2505,45,1,0,115,,370,-810,1554,,-360,800,1554
#ET|S
ET-SHC|HASR|SHC|Shire Inda Selassie~1|40757|82736|1892
HADC|1|DSE|Kombolcha~1|11098|97259|1865
HADM|1|DBM|Debre Markos~1|3215|77419|2480
HADT|1|DBT|Debre Tabor~1|18848|80092|2588
HAHU|1|HUE|Humera~1|38301|68824|588
HALL|1|LLI|Lalibela~1|19752|89802|1983|10,2435,53,1,1,96,,100,-1130,1922,,-140,1090,1957
HAMA|1|MKS|Mekane Selam~1|7254|87415|2562
HAMM|1|ETE|Metema~1|29330|61670|808
HAPW|1|PWI|Beles~1|13126|64164|1126
#SD|L
HSPN|1|PZU|Port Sudan New~3|94346|72341|41|16,2500,45,1,1,165,,1000,-260,41,,-1200,260,41
HSSK|1|KRT|Khartoum~3|55895|25532|386|18,2972,45,1,1,177,,1350,-20,386,,-1350,10,384
#SD|M
HSDN|1|DOG|Dongola~1|91537|4301|235|17,3000,45,1,1,173,,1370,-130,235,,-1330,130,236
HSKA|1|KSL|Kassala~1|53875|63288|509|02,2500,45,1,1,22,,-1210,-500,509,,890,370,508
HSMN|1|MWE|Merowe~1|84433|18433|273|02,4019,60,1,1,,,-1688,-721,,,1645,788
HSOB|1|EBD|El-Obeid~1|31532|2327|587|01,3000,45,1,1,8,,-1340,-200,587,,1330,210,579
SD-0001|||Wadi Seidna~d|58152|25140
#SD|S
HSAT|1|ATB|Atbara~1|77099|40572|360|01,2580,45,1,1,,,,,365,,,,360
HSCG|1||Carthago~1|87514|69917|985|10,1695,,8,0;06,1000,,8,0
HSDB|1|EDB|Al Dabbah~1|80146|9595|257|18,1401,30,6,0,181.2,,580,20,251,,-680,-10,253
HSDZ|1|RSS|Damazin~1|17859|43367|482|17,2749,45,1,1,170,,1110,-200,482,,-1110,190,482
HSGG|1|DNX|Galegu~1|25330|50670|500
HSKG|1|GBU|Khashm El Girba~1|49250|58780|475
HSKN|1||Kenana~1|30534|29073|393
HSMR|1||Merowe Town~1|84550|18185|263|02,1500,,0,0,,,,,256,,,,259
HSNW|1|NHF|New Halfa~1|53556|57278|451
HSSP|1||Port Sudan~d|95765|72159|3
SD-0026|HSND||Shendi~1|67038|34464|360
#SS|M
HSFA|||Paloich~1|5292|25006|393|01,2500,45,1,0
#SS|S
AEE||AEE|Adareil~1|536|29594|397
HSRN|1||Renk~1|16448|28105|390
