#DJ|L
HDAM|1|JIB|Djibouti-Ambouli~1|15473|31595|15|09,3150,45,1,1,91,,20,-1440,15,,-20,1440,6,222
#DJ|S
HDAS|1|AII|Ali-Sabieh~1|11469|27200|705
HDCH|1||Chabelley~1|15168|30614|85|10,2376,30,1,0
HDDK|1||Dikhil~1|10980|23506|463|11,1759,,1,0
HDHE|1||Herkale~1|24449|32926|12
HDMO|1|MHI|Moucha~1|17297|32096
HDOB|1|OBC|Obock~1|19670|32670|21
HDTJ|1|TDJ|Tadjoura~1|17870|29174|75
#ER|M
HHSB|1|ASA|Assab~3|30718|26450|14|12,3515,45,1,1,120,,800,-1400,,,-800,1400
#ER|S
HHBL|1||Beilul~9|32635|23752|5
HHMF|1||Fatuma~9|48885|3169|13
#ET|S
HASM|1|SZE|Semera~1|17875|9915|424|13,2500,,2,0,,,957,-942,,,-654,663
#SA|L
OEAB|1|AHB|Abha~3|82404|26566|2090|13,3350,45,1,1,129,,950,-1230,2082,,-960,1240,2090
#SA|M
OEBH|1|BHH|Bisha~1|99844|26209|1185|18,3050,45,1,1,186,,1350,340,1180,,-1400,50,1184
OEGN|1|GIZ|Jizan Regional Airport / King Abdullah bin Abdulaziz~1|69011|25858|6|15,3050,45,1,1,150,,1190,-720,5,,-1200,710,6
OEKM|1|KMX|King Khalid~d|82973|28035|2066|06,3800,45,1,1,60.2,,-960,-3010,2042,,750,120,2041;14,3800,45,1,1,140.9,,1420,300,2052,,-1240,2580,2066
OENG|1|EAM|Najran Domestic~1|76114|44192|1214|06,3050,45,1,1,60,,-690,-1250,1214,,690,1240,1206
OESH|1|SHW|Sharurah Domestic~1|74669|71214|720|08,3650,45,1,1,85,,-160,-1720,712,,150,1720,720
#SA|S
OE48|||Quz South~1|88932|13550|61|02,2205,30,1,0,21,,-930,-380,,,920,390
#SO|L
HCMF|1|BSA|Bender Qassim~3|12752|91392|1|09,2400,45,1,0;01,1082,35,8,0
#SO|M
HCMI|1|BBO|Berbera~1|3850|49367|9|05,4140,50,1,0,46.9,,-860,-940,,,1700,1820
#SO|S
HCMC|1|CXN|Candala~1|14956|99098|9|04,1100,66,0,0,41,,-480,-430,11,,260,240,6
HCMU|1|ERA|Erigavo~1|6421|73880|1743
SO-0008||LKR|Las Khorey~1|11735|82143
#YE|L
OYAA|1|ADE|Aden~3|28296|50300|2|08,3100,45,1,1,77,,-320,-1520,2,,310,1280,2
OYRN|1|RIY|Riyan~3|46622|93753|16|06,3000,45,1,1,62,,-590,-1260,15,,680,1200,14
OYSN|1|SAH|Sanaa~3|54763|42197|2199|18,3252,45,1,1,179.6,,1470,-10,2184,,-1480,10,2199
OYSY|1|GXF|Seiyun Hadhramaut~3|59659|87881|639|07,3000,37,1,0,68.5,,-480,-1280,639,,510,1330,636
#YE|M
OY74|||Al Anad~d|31747|47651|274|07,2819,44,1,0,72.1,,-390,-1240,,,390,1240
OYAT|1|AXK|Ataq~1|45513|68262|1138|13,2890,50,1,1,135.1,,910,-940,1122,,-940,960,1138
OYHD|||Hodeida~3|47520|29760|12|03,3000,45,1,3,26,,-1120,-590,9,,1320,650,12
OYTZ|1|TAI|Taiz~3|36860|41391|1475|01,3060,45,1,0,8,,-1370,-190,1435,,1370,180,1475
#YE|S
DAH||DAH|Dathina~1|38669|61335|-1
OY75|||Canoxy~1|56018|90807|1006|16,2579,34,1,1,162.1,,1110,-370,,,-1100,370
OYAB||EAB|Abs~1|60110|31768|198|09,2500,,6,0
OYBI||BYD|Al-Bayda~1|41060|54411|1865
OYBN|1|BHN|Beihan~1|47817|57197|1158|17,1670,23,1,0,173,,780,-60,,,-720,130
OYBQ||BUK|Al-Bough~1|73504|46255|1158
OYKM|1|KAM|Kamaran~1|53688|26125|16|18,1800,,0,0,,,,,16,,,,16
OYMB|1|MYN|Marib~1|54692|53273|1006|17,3000,,0,0,,,,,1006,,,,1006
OYMS|1|UKR|Mukeiras~1|39368|56570|2158
OYSH|1|SYE|Sadah~1|69675|37281|1810|18,3500,,0,0,,,,,1811,,,,1811
OYZM|1||Al-Hazm~1|62071|47903|975|17,2495,,0,0,,,,,975,,,,975
WDA||WDA|Al Ain Airport Ain District, Shabwah Governorate, Yemen|48596|55457
YE-0005||RXA|Ar Rawdah~1|44487|72796|832
