#AG|L
TAPA|1|ANU|V. C. Bird~3|71367|82073|19|07,2744,45,1,1,58.4,,-650,-1100,18,200,650,1100,5
#AG|M
AG-0001|TAPB|BBQ|Burton-Nibbs~3|76212|82017|9|10,1859,30,1,1,,,-65,-870,6,,41,879,6
#AG|S
TAPT|1||Coco Point Lodge~6|75556|82347|5
#AI|M
TQPF|1|AXA|Clayton J. Lloyd~3|82048|69462|39|11,1665,30,1,1,91,,10,-790,37,150,-10,780,25,150
#BL|M
TFFJ|1|SBH|St. Jean~1|79044|71567|15|10,646,18,2,0,89,,-8,-331,15,,6,279,1
#BQ|L
TNCB|1|BON|Flamingo~3|21310|17315|6|10,2880,45,1,1,91.7,,40,-1330,4,,-40,1320,6
#BQ|M
TNCE|1|EUX|F. D. Roosevelt~1|74965|70206|39|06,1300,30,1,1,50.2,,-380,-480,39,,380,470,29
TNCS|1|SAB|Juancho E. Yrausquin~1|76453|67795|18|12,400,18,2,1,,,78,-181,,52,-60,169,,46
#CW|L
TNCC|1|CUR|Hato~3|21889|10402|9|11,3410,60,1,1,102.2,,320,-1530,8,830,-330,1530,9
#DM|M
TDCF|1|DCF|Canefield~1|53367|86079|4|01,954,23,1,1,356.3,,-430,20,4,145,430,-40,4
TDPD|1|DOM|Douglas-Charles~1|55467|86989|22|09,1936,45,1,1,70,,-190,-530,22,53,260,750,4
#DO|L
MDLR|1|LRM|Casa De Campo~3|84522|10889|65|11,2950,45,2,1,109,,192,-1409,73,,192,-1409,66
MDPC|1|PUJ|Punta Cana~3|85671|16354|14|08,3100,45,1,1,74,,320,-1850,13,,1100,980,11;09,3100,45,1,1,83,,-100,-1350,14,,150,1580,11
MDSD|1|SDQ|Las Américas~3|84297|3311|18|17,3353,61,1,1,161,,1430,-530,12,,-1430,520,18;18,2991,45,1,0,173,,1170,-631,12,,-1381,306,17
#DO|M
MDCY|1|AZS|Samaná El Catey~3|92693|2626|9|07,3000,45,1,1,74,,,,4,,,,4
MDJB|1|JBQ|La Isabela~3|85725|144|30|01,1650,30,1,1,6.4,,-740,-90,12,,740,90,24
MDSI|||San Isidro~d|85037|2383|34|03,2134,61,1,1,26,,-860,-440,,,860,440
#DO|S
MDAB|1||Arroyo Barril~1|91985|5702|17|11,1167,25,1,0,99.5,,100,-540,17,,-80,550,17
MDBC|||La Romana Batey Cacata airport|84797|10841|68|09,1000,,0,0,,,,,95,,,,95
MDLL|1||Los Llanos de Sabanatosa~1|85964|4742|80
#GD|L
TGPY|1|GND|Maurice Bishop~3|20040|82147|12|10,2744,45,1,1,90.3,,30,-1350,6,,20,1170,12
#GD|S
TGPZ|1|CRU|Lauriston~1|24761|85272|2|09,800,,2,0,,,,,2,,,,2
#GP|L
TFFR|1|PTP|Maryse Condé~3|62654|84672|11|12,3505,45,1,1,101,,290,-1510,2,400,-310,1710,10,250
#GP|M
TFFM|1|GBJ|Marie-Galante~1|58689|87299|5|09,1240,30,1,1,78.3,,-130,-570,4,,100,560,5
#GP|S
TFFA|1|DSD|La Désirade~1|62969|89156|3|09,605,,3,0,,,0,0,,,100,250
TFFB|1|BBR|Basse-Terre Baillif~1|60136|82571|18
TFFC|1|SFC|St-François~1|62578|87375|3
TFFS|1|LSS|Terre-de-Haut~1|58644|84194|14|09,544,15,1,0,78,,50,-270,,27,150,230
#GP|W
GP-0004|||Grand Baie~7|62117|84872|0|ALL/WAY,300,300,12,0
#KN|L
TKPK|1|SKB|Robert L. Bradshaw~3|73108|72809|52|07,2317,45,1,1,57.1,,-530,-870,51,61,610,960,49
#KN|M
TKPN|1|NEV|Vance W. Amory~3|72057|74101|4|10,1218,30,1,1,89,,-10,-570,4,175,0,580,4
#LC|L
TLPL|1|UVF|Hewanorra~3|37332|90474|4|10,2744,45,1,1,90,,0,-1270,3,,0,1270,3,150
#LC|M
TLPC|1|SLU|George F. L. Charles~1|40202|90071|7|09,1748,45,1,1,75,,-250,-830,6,130,150,730,3,307
#MF|M
TFFG|1|SFG|Grand Case-l'Espérance~1|81001|69526|2|12,1200,30,1,1,107.2,,140,-530,2,60,-180,560,2,160
#MF|W
MSB||MSB|Marigot~7|80696|69130|0
#MQ|L
TFFF|1|FDF|Martinique Aimé Césaire~3|45910|89968|5|10,3000,45,1,1,80,,-254,-1509,3,,178,1007,4,300
#MS|L
TRPG|1|MNI|John A. Osborne~1|67918|78068|168|10,600,,1,0
#PR|L
TJSJ|1|SJU|Luis Munoz Marin~3|84394|39982|3|08,3049,61,1,1,67,,-60,-1310,2,,1010,1350,2,67;10,2443,46,2,1,90,,-580,-1190,2,,-590,1120,2
#PR|M
TJAB|1|ARE|Antonio Nery Juarbe Pol~1|84508|33242|7|08,1212,18,1,1,67.8,,-290,-480,2,,120,580,7
TJBQ|1|BQN|Rafael Hernández~3|84949|28706|72|08,3567,61,1,1,72,,-490,-1600,72,,480,1630,59
TJCP|1|CPX|Benjamin Rivera Noriega~1|83130|46961|15|13,792,15,1,0
TJIG|1|SIG|Fernando Luis Ribas Dominicci~1|84568|39019|3|09,1621,30,1,1,82.8,,-90,-760,3,,90,760,2,152
TJMZ|1|MAZ|Eugenio Maria De Hostos~1|82557|28515|9|09,1523,30,1,1,76,,-170,-700,9,,160,710,9
TJPS|1|PSE|Mercedita~3|80083|34370|9|12,2104,46,1,1,108,,290,-950,7,240,-290,940,7
TJRV|1|NRR|José Aponte de la Torre~1|82473|43602|12|7,3353,46,1,1;18,1768,30,3,2
TJVQ|1|VQS|Antonio Rivera Rodriguez~1|81348|45064|15|09,1311,23,1,1,77,,-140,-600,14,273,140,600,8
#PR|S
02PR|||Cuylers~1|84649|36362|5|06,610,15,4,0
PR-HUC||HUC|Dr Hermenegildo Ortiz Quinones~1|81381|41993|10
PR10|||Boqueron~1|80107|28587|1|06,914,18,1,0,65.6,,-170,-400,,,170,380
PR20|||Adjuntas~1|81802|32431|713|12,488,12,1,0
PR27|||Santa Isabel~1|79632|36088|8|10,1219,46,1,0,91.8,,20,-570,9,,-10,560,7
PR36|||Cocal~1|84590|37809|3|6,1219,18,1,0
X64|||Patillas~1|79822|39807|3|10,610,15,1,0
#PR|W
PR03|||Fajardo Harbor~7|83397|43754||N/S,1829,610,12,0;E/W,1219,610,12,0
PR34|||San Juan~7|84578|38789|3|09W/27W,3048,152,12,0
#SX|L
TNCM|1|SXM|Princess Juliana~3|80410|68911|4|10,2300,45,1,1,96,,-161,-1080,4,94,146,1068,3
#TT|L
TTCP|1|TAB|A.N.R. Robinson~3|11496|91687|12|11,2744,48,1,1,94.1,,100,-1340,9,306,-80,1160,6
TTPP|1|POS|Piarco~3|5953|86624|18|10,3200,46,1,1,90,,0,-1430,9,,10,1500,18
#TT|S
TT-TT01|||Camden~9|4263|85603|23|10,816,12,1,0,104,,-10,-580,18,43,-8,160,18
#VC|L
TVSA|1|SVD|Argyle~3|31597|88512|41|04,2743,45,1,1,,,,,41,,,,16,300
#VC|M
TVSB|1|BQU|J F Mitchell~1|29884|87380|5|12,1100,30,1,1,103,,120,-500,,,-110,490
TVSC|1|CIW|Canouan~1|26990|86576|3|13,1798,30,1,1,122,,604,-969,4,52,-244,436,5,52
TVSM|1|MQS|Mustique~1|28879|88198|2|09,992,23,1,1,71,,-140,-430,3,287,150,440,2
TVSU|1|UNI|Union Island~3|26001|85881|5|08,752,30,1,0
#VE|H
VE-0017|SVHA||Ávila~2|4806|32919|560
VE-0097|SVXJ||José~2|693|51342|14
VE-0244|SVOD||BOD Tower Helipad|2116|19960|490
VE-0350|SVXG||PDVSA Guaraguao~2|2370|53655|20
#VE|L
SVBC|1|BLA|General José Antonio Anzoategui~3|1111|53078|9|15,3000,40,1,1,142.6,,1070,-830,4,,-1080,830,7;02,2800,40,1,1,13,,-1370,80,12,,840,580,6,299
SVBM|1|BRM|Jacinto Lara~3|427|6414|622|09,2850,45,1,1,81,,-240,-1320,622,,170,1270,610,470
SVMG|1|PMV|Del Caribe Santiago Mariño~3|9126|60334|23|09,3180,46,1,1,78,,-330,-1430,23,,260,1430,10,150;09L,2935,30,1,1,78,,-170,-1540,,,380,1180
SVMI|1|CCS|Maiquetía Simón Bolívar~3|6022|30088|71|10,3500,45,1,1,88,,160,-2160,72,,260,1040,45;09,3027,45,1,1,76,,-350,-650,70,,300,2010,31
SVVA|1|VLN|Arturo Michelena~3|1497|20716|430|10,3000,50,1,1,92.8,,70,-1360,431,,-60,1360,427
#VE|M
SVBL|||El Libertador Airbase|1834|24427|442|09,3170,48,2,1,81.7,,-210,-1420,,178,200,1420
SVBS|1|MYC|Escuela Mariscal Sucre~1|2500|23506|408|11,2087,40,1,1,104.1,,300,-1210,,,-170,630;06,1357,40,1,0,50.8,,-470,-570,,,310,400
SVCP|1|CUP|General Francisco Bermúdez~1|6600|67383|10|17,2015,45,1,0,167.6,,890,-200,,,-890,200
SVCR|1|CZE|José Leonardo Chirinos~1|14149|3191|16|09,2061,45,1,1,79,,-180,-1000,15,,180,850,15
SVCS|1||Caracas Óscar Machado Zuloaga~3|2869|31842|654|10,2000,30,1,1,94.1,,30,-950,654,,-100,870,646
SVCU|1|CUM|Antonio José de Sucre~1|4503|58695|4|08,3100,45,1,1,62,,-650,-1250,8,,650,1260,8
SVFM|||Generalissimo Francisco de Miranda~d|4850|31565|835|11,1974,43,1,1,102.2,,190,-880,,191,-190,880,,201
SVGI|1|GUI|Guiria~1|5741|76873|13|05,2007,40,1,0,33,,-770,-490,,,750,500
SVLO|||La Orchila~1|18082|38192|2|08,3000,45,1,1,71.6,,-360,-1120,,,490,1460
SVMP|1||Metropolitano~3|1332|32122|175|08,1420,30,1,0,77,,-140,-640,,,140,630,,98
SVPC|1|PBL|General Bartolome Salom~3|4805|19270|10|10,2124,44,1,1,96,,100,-960,,,-100,960
SVSP|1|SNF|Sub Teniente Nestor Arias~1|2787|12448|232|05,1500,40,1,0,36,,-540,-400,,,550,400
#VE|S
SVAR|SVAD||Adícora~1|19361|1880|2
SVAY|SVAA||Araya~1|5973|57280|10
SVDA|SVIT||La Tortuga Punta Delgada~1|9480|47720|9
SVDM|SVID||Dos Mosquises~1|17943|31070|2
SVEP|||El Palmar~1|1980|25569|474|08,1261,15,1,0,65.7,,-270,-630,,,190,410
SVHG|1|HGE|Higuerote~1|4625|39072|4|08,1200,30,1,0,70,,-190,-510,3,,180,520,3
SVHH|||Churuguara~1|8081|3616|750|12,1300,20,1,0,114.5,,190,-540,,,-300,540
SVIE|1|ICC|Andrés Miguel Salazar Marcano~1|7944|60184|3|09,1200,30,1,0,87.4,,-20,-540,,,30,540
SVRA|||Río de Agua~1|5740|70153|10|10,1000,15,1,0,86,,-20,-500,,,40,410
SVRB|1||Cumarebo~1|15124|6855|8|08,1192,21,1,0,76,,-130,-560,,,140,500
SVRS|1|LRV|Los Roques~1|19469|33317|5|07,840,,1,0
SVWB|||La Bananera~1|4795|15272|15|09,1193,15,1,0,89.4,,-10,-550,,,0,540
#VG|L
TUPJ|1|EIS|Terrance B. Lettsome~3|84455|54583|5|07,1415,27,1,1,61,,-310,-570,4,149,320,590,2,59
#VG|M
TUPW|1|VIJ|Virgin Gorda~1|84466|55721|3|03,945,30,5,0
#VG|S
TUPA|1|NGD|Captain Auguste George~1|87277|56715|3|09,762,,0,0,,,,,9,,,,9
#VG|W
TOV||TOV|Tortola West End~7|84500|54167
TUPG|1||Virgin Gorda North Sound Water~e|85000|56140
VG-0002||RAD|Road Town~7|84183|53826|0
#VI|L
TIST|1|STT|Cyril E. King~1|83371|50227|7|10,2134,46,1,1,87.5,,-20,-610,7,,60,1400,3,701
#VI|M
TISX|1|STX|Henry E. Rohlsen~1|77014|51974|23|10,3049,46,1,1,84,,-130,-1360,23,,150,1490,8,300
#VI|W
SJF||SJF|Cruz Bay~7|83315|52040
VI22||SPB|Charlotte Amalie Harbor~7|83382|50603||E/W,3048,1219,12,0;N/S,1219,1219,12,0
VI32||SSB|Christiansted Harbor~7|77479|52921||E/W,2134,183,12,0
