#BF|S
DFED|1|DIP|Diapaga~1|20603|17846|290
DFEF|1|FNG|Fada N'gourma~1|20389|3628|308
DFEL|1|XKA|Kantchari~1|24640|14929|268
DFEM|1|TMQ|Tambao~1|47909|395|250
DFEP|1|XPA|Pama~1|12500|7000|213
DFER|1|ARL|Arly~1|15970|14830|232
DFES|1|XSE|Sebba~1|34500|5170|270
#BJ|S
DBBK|1|KDC|Kandi~1|11448|29404|290
DBBN|1|NAE|Natitingou~1|3770|13605|461
DBBO|1||Porga~1|10466|9926|162
DBBR|1||Bembereke~1|2741|26971|362
#DZ|S
DATG|1|INF|In Guezzam~1|95605|57493|400|08,2200,30,1,0,,,-133,-1010,400,,132,1061,400
#ML|H
ML-0006|GAGL||Aguelhok~2|94637|8657|424
#ML|S
GAAO|1||Ansongo~1|57006|4941|260
GAKL|1||Kidal~1|84330|14170|456|09,1900,40,4,0,,,223,-166,456,,191,1232,456
GAMK|1||Menaka~1|59291|23470|274
#NE|L
DRRN|1|NIM|Diori Hamani~3|34815|21836|223|09L,3200,30,9,0,87,,326,-1255,222,,463,1698,218;09R,3000,45,1,1,87,,11,-1419,222,,173,2090,215
#NE|M
DRRM|1|MFQ|Maradi~1|35025|71268|378|09,1850,30,1,0,83.9,,-90,-856,370,,90,847,378
DRRT|1|THZ|Tahoua~1|48757|52654|386|06,2150,30,1,1,60,,-490,-861,382,,490,853,386
DRZA|1|AJY|Mano Dayak~3|69660|80001|505|07,3000,30,1,1,68,,-510,-1304,505,,500,1315,506
DRZR|1|ZND|Zinder~1|37790|89838|462|05,1825,30,1,1,53,,-500,-682,449,,490,674,460
NE-0001|||Niger Air Base 201|69557|80186|508
#NE|S
DRRA|1||Tessaoua~1|37566|80205|414
DRRC|1||Dogondoutchi~1|36630|40997|293
DRRD|1||Dosso~1|30497|32232|225
DRRE|1||Tera~1|39530|7403|259
DRRG|1||Gaya~1|18900|34280|202
DRRP|1||La Tapoa~1|24845|23985|220
DRRU|1||Ouallam~1|43556|20694|272
DRZI|1||Iferouane~1|90662|84150|659|01,1353,60,0,0,11,,-384,-95,662,,815,146,662
DRZL|1|RLT|Arlit~1|87904|73660|440
NE-0006|DRRL||Tillabéri~1|42561|14351|205
#NG|L
DNBC|1|BCU|Sir Abubakar Tafawa Balewa Bauchi State~3|4828|97440|599|17,3400,45,1,1
DNKA|1|KAD|Kaduna~3|6960|73201|632|05,3000,60,1,1,50,,-890,-1042,620,,860,1051,631
DNKN|1|KAN|Mallam Aminu Kano~3|20456|85236|476|06,3301,60,1,1,61,,-400,-1695,476,,1040,960,459;05,2451,45,1,1,44,,-670,-173,467,150,900,1409,458
DNSO|1|SKO|Sadiq Abubakar III~3|29157|52075|308|08,3000,60,1,1,77,,-290,-1406,305,,330,1285,308
NG-0005|DNBK||Sir Ahmadu Bello~3|24790|43691|236|06,3100,60,2,1,61,,-682,-1200,235,,721,1255,235
#NG|M
DN57|DNKT|DKA|Umaru Musa Yar'adua~1|30078|76605|506|04,3460,45,1,1,37,,-1140,-1104,,,1060,562
DNGU|1||Gusau~1|21729|66961|463|05,1463,45,9,0,46.8,,-580,-489,,,330,491
DNZA|1|ZAR|Zaria~1|11302|76858|661|05,1665,46,1,0,50,,-490,-589,655,,490,572,661
#NG|S
DN53|||Kaduna Old~1|5989|74487|648|05,2625,31,1,1,46,,-820,-859,,,830,860
DNDS|1||Dutse~3|17951|93012|416|06,2999,47,1,0
NG-BCU|DNBA||Bauchi~1|2944|98167|609
#TG|S
DXDP|1||Djangou~1|8004|2424|270
DXMG|1||Sansanné-Mango~1|3730|4714|140
