#IN|L
VOPB|1|IXZ|Veer Savarkar International Airport / INS Utkrosh|16402|27290|4|04,3290,45,1,1,36,,-1100,-820,3,597,1290,970,18
#IN|S
IN-0053|||INS Kohassa|32363|30497|4|18,1006,23,0,0
#MM|L
VYNT|1|NYT|Nay Pyi Taw~3|96235|62010|92|16,3658,152,2,1,157,,1540,-740,,,-1500,610
VYYY|1|RGN|Yangon~3|69073|61332|33|03,3414,61,1,1,33.1,,-930,-630,33,,930,630,20,84
#MM|M
VYDW|1|TVY|Dawei~1|41039|82036|26|16,3662,30,2,0,157,,890,-390,26,419,-890,390,26
VYKP|1|KYP|Kyaukpyu~1|94264|35348|6|18,1402,30,1,1,179.9,,640,0,,,-630,0
VYKT|1|KAW|Kawthoung~1|493|85380|55|02,1829,46,1,1,17.8,,-790,-260,,,780,260
VYLK|1|LIW|Loikaw~1|96915|72148|896|01,1585,23,1,1,4,,-720,-50,,61,720,60,,61
VYME|1|MGZ|Myeik~1|24398|86215|23|18,2681,55,1,1,182.5,,1220,50,23,,-1220,-60,23
VYTD|1|SNW|Thandwe~1|84607|43001|6|02,1677,31,1,0,20,,-700,-270,,,710,270
#MM|S
MM-0002|VYHT|HEB|Hinthada~1|76333|54667|10
VYAN|1|VBA|Ann~1|97692|40261|23|18,2591,30,2,0,181.9,,1160,40,,,-1170,-40
VYBP|1|VBP|Bokpyinn~1|11494|87359|30|17,3055,31,2,0,166,,1350,-430,,,-1320,270
VYCI|||Coco Island~1|41380|33679|6|01,1354,31,1,0,10,,-250,-50,,,950,170,,54
VYGW|1|GWA|Gwa~1|76000|45833|3
VYMM|1|MNU|Mawlamyine~1|64447|76607|16|04,1603,46,1,1,35,,-590,-430,46,,600,430,35
VYMN|1|MGU|Manaung~1|88458|36889|31
VYPA|1|PAA|Hpa-N~1|68937|76746|46|03,1372,31,1,0,31,,-530,-340,,,530,330
VYPN|1|BSX|Pathein~1|68152|47799|6|06,1341,30,2,0,64,,-260,-560,,,270,570,,91
VYPP|1|PPU|Hpapun~1|80667|74498|91
VYPY|1|PRU|Pyay~1|88245|52660|37|07,1372,40,1,0,65,,-270,-590,,30,260,590,,30
VYTO|||Taungoo~1|90313|64012|49|18,3659,61,1,0,180.2,,1640,10,49,,-1650,0,49
VYYE|1|XYE|Ye~1|53014|78643|9
#TH|L
VTCC|1|CNX|Chiang Mai~3|87668|89626|316|18,3400,45,1,1,180,,1696,32,316,,-1376,25,307
VTCT|1|CEI|Mae Fah Luang - Chiang Rai~3|99523|98829|390|03,3000,45,1,1,29,,-1180,-690,390,,1190,700,389
#TH|M
VTBK|1|KDT|Kamphaeng Saen~1|41020|99172|9|03,2743,45,2,1,30,,-1080,-630,9,,1080,630,8
VTCH|1|HGN|Mae Hong Son~1|93013|79758|283|11,2000,30,1,1,107,,270,-900,264,,-280,910,283
VTCL|1|LPT|Lampang~1|82709|95042|247|18,1971,29,1,1,175.4,,890,-70,240,201,-890,80,247,101
VTPH|1|HHQ|Hua Hin~1|26362|99515|19|16,2100,35,1,1,159.7,,890,-330,19,,-890,340,5,150
VTPM|1|MAQ|Mae Sot~1|66999|85451|210|09,1500,30,1,1,89.1,,-10,-710,210,,10,700,206
VTPO|1|THS|Sukhothai~1|72380|98182|55|18,2100,45,1,1,181,,950,20,55,,-950,-20,55
VTPT|1|TKT|Tak~1|68960|92533|146|09,1500,30,1,1,90.3,,0,-700,143,,0,710,146
VTSE|1|CJM|Chumphon~1|7112|93617|5|06,2100,45,1,1,60.1,,-470,-830,5,,470,830,5
#TH|S
TH-0027|VTCM||Ban Thi~1|86761|91052|302
VTBP|1||Prachuap~1|17884|98047|3|08,2000,40,1,1,77.6,,-320,-1480,3,,70,320,3;18,1000,40,1,0,179,,470,-10,3,,-430,0,3
VTCI||PYY|Pai~1|93721|84359|511|01,710,18,1,0,,,-252,-73,511,,298,88,511
VTCO|1||Lamphun~1|85490|90124|282
VTCS|||Mae Sariang~1|81810|79306|229|01,732,,1,0
VTCY|1||Nok~9|86762|91116|300
VTPR|1||Photharam~1|36686|97314|27
VTPY|1||Khunan Phumipol~1|72342|90579|150|05,1493,30,1,0,47.5,,-460,-520,,96,460,520,,99
