#AW|L
TNCA|1|AUA|Queen Beatrix~3|25011|99857|18|11,2743,45,1,1,103.6,,330,-1320,4,,-270,1130,19
#CO|L
SKBQ|1|BAQ|Ernesto Cortissoz~3|8896|52192|30|05,3000,45,2,1,40,,-1040,-890,30,,1030,880,30
SKCG|1|CTG|Rafael Nuñez~3|4424|44870|1|01,2600,45,1,1,2,,-1154,-38,2,30,1008,51,2
#CO|M
SKLM|1|MCJ|Jorge Isaac~1|12325|75099|86|09,1486,45,1,1,90,,0,-680,,,0,680,,306
SKRH|1|RCH|Almirante Padilla~1|15262|70740|13|09,1650,30,1,0,88.3,,-20,-750,,,20,760
SKSM|1|SMR|Simón Bolívar~3|11196|57694|7|01,1700,40,1,0,359,,-760,10,2,,770,-20,7
SKVP|1|VUP|Alfonso López Pumarejo~1|4350|67505|147|02,2100,35,1,1,10,,-930,-160,137,,940,160,147
#CO|S
CO-0054|||Ríohacha Highway Strip|14988|70108|9|07,2520,20,1,0,61,,-560,-1010,8,,550,1010,6
SK-174||DZI|Las Flores~1|966|67663|122
SK-183||SJH|San Juan Del César~1|7667|69833|1100
SK-256||IVO|Chivolo~1|167|53167|171
SKBN|||Buenavista~1|8879|70996|259|03,1504,30,1,0,26.7,,-610,-310,,,610,310
SKFU||FDA|Fundación~1|5333|58000|46
SKMJ|||Maicao~1|13899|77608|49|07,1615,30,1,0,72,,-230,-700,,,230,710
SKPB|||Puerto Bolívar~1|22215|80152|27|09,1689,45,1,1,82.8,,-100,-770,27,105,90,770,27
#CU|L
MUCU|1|SCU|Antonio Maceo~3|99747|41645|76|10,4002,45,1,1,91,269,-510,-1920,60,300,-470,1900,75,299;19,1400,45,1,0,179,,600,0,57,,-570,10,66
#CU|M
MUGM|1|NBW|Leeward Point~a|99065|47929|17|10,2438,61,1,1,90.3,,20,-1160,17,,-30,1170,13
#DO|L
MDST|1|STI|Cibao~3|94041|93956|172|11,2620,45,1,1,103,,470,-1250,172,,-70,1190,168
#DO|M
MDBH|1|BRX|Maria Montez~3|82515|88796|3|12,3000,45,1,1,118,,620,-1260,3,,-630,1260,3
MDCR|1|CBJ|Cabo Rojo~1|79290|83552|80|11,1509,30,1,0,109,,220,-670,80,,-230,670,80
MDPP|1|POP|Gregorio Luperon~3|97579|94300|5|08,3081,46,1,1,73,,-410,-1410,5,,410,1400,5
#DO|S
MDAN|||Cotui Angelina~1|91316|97784|61|12,900,,0,0,,,,,60,,,,60
MDCZ|1|COZ|Constanza - Expedición 14 de Junio National~1|89075|92781|1205|08,1900,23,0,0,,,,,1205,,,,1205
MDDJ|||Dajabon~1|95636|83192|21|07,1600,,0,0,,,,,20,,,,20
MDES|||Peñuela / Esperanza~a|95841|90431|100|11,730,10,5,0
MDMC|||Monte Cristi~1|98653|83547|37|05,800,,0,0,,,,,35,,,,35
#HT|L
MTCH|1|CAP|Cap Haitien~3|97255|77993|3|05,2652,45,1,0,39,,-750,-685,3,,1100,922,2
MTPP|1|PAP|Toussaint Louverture~3|85800|77074|37|10,3040,43,1,1,87,,-70,-1430,24,,80,1440,37
#HT|M
MTCA|1|CYA|Antoine-Simon~3|82711|62117|62|08,981,24,1,0,75,,-120,-460,,79,120,470,,87
MTJA|1|JAK|Jacmel~1|82411|74815|51|01,1006,29,1,0,5,,-460,-50,,,460,50
MTJE|1|JEE|Jérémie~1|86631|58297|45
MTPX|1|PAX|Port-de-Paix~1|99340|71520|3|05,640,,5,0
#HT|S
HT-0005|||Anse-Rouge~1|96663|69277||16,590,,5,0
#JM|L
MKJP|1|KIN|Norman Manley~3|79357|32125|3|12,2713,46,1,1,112,,460,-1200,2,,-460,1180,5
MKJS|1|MBJ|Sangster~3|85034|20868|1|07,3060,45,1,1,66,,-470,-1160,2,69,530,1130,2,169
#JM|M
MKBS|1|OCJ|Ian Fleming~3|84041|30302|27|09,1454,23,1,1,86,,-20,-350,27,,50,510,27
MKKJ|1|POT|Ken Jones~1|81988|34655|6|09,1040,23,1,0,86.7,,-20,-510,,,30,480,,88
MKTP|1|KTP|Tinson Pen~1|79886|31762|5|14,1311,34,1,1,131.1,,380,-460,4,244,-390,470,5,213
#JM|S
JM-0002|||Hector’s River Agricultural~6|80547|37168|89|08,701,15,4,0
JM-0016|||Eastern Banana Estates~6|79405|36925|26|09,1219,15,1,0
MKNG|1|NEG|Negril~1|83417|16658|3|05,701,23,1,0,,,,,1
#KY|M
MWCB|1|CYB|Charles Kirkconnell~3|96870|1172|2|09,1829,45,1,1,84,,-80,-860,1,,70,870,2
#VE|L
SVMC|1|MAR|La Chinita~3|5575|82707|73|03L,3000,45,1,1,31,,-1160,-480,66,,1340,580,73;03R,2500,30,1,1,31,,-990,-200,70,,1090,680,63
#VE|M
SVJC|1|LSP|Josefa Camejo~3|17808|98485|23|09,2800,45,1,1,85,,-110,-1280,23,,110,1280,23
#VE|S
SV75|||Machiques North~1|883|74452|110|01,1756,21,1,0,3.9,,-790,-60,,,790,50,,390
SVAE|||Montellano~1|3287|75192|200|09,1256,15,1,0,93,,20,-560,,,-40,580
SVAX|||Los Andes~1|0|74167|120|01,1020,21,1,0,0.8,,-427,20,,,490,30
SVON|1|CBS|Oro Negro~1|3307|86775|50|06,1878,29,1,0,56.3,,-530,-710,,,410,710
SVVQ|||Venelac~1|2428|94982|600|13,1158,13,1,0,122,,260,-430,,,-300,460
