#PH|H
PH-0158|RPLW||Wallace Air Force Station~2|66191|2825|17
#PH|L
RPLB|1|SFS|Subic Bay International Airport / Naval Air Station Cubi Point|47948|2719|20|07,2744,45,1,1,67,,-510,-1190,14,,440,1110,16
RPLC|1|CRK|Clark International Airport / Clark~d|51860|5600|148|02L,3200,45,2,2,21,,-1540,-800,148,,1160,300,128;02R,3200,60,2,1,21.1,,-1160,-200,142,,1540,900,120
RPLI|1|LAO|Laoag~3|81751|5310|8|01,2780,45,2,1,5.4,,-1150,-100,7,360,1350,100,7
RPLK|1|DRP|Bicol~3|31119|36768|97|05,2500,45,1,1,,,,,,453,,,,600
RPLL|1|MNL|Ninoy Aquino~3|45086|10200|23|06,3737,60,2,1,60.3,,-1080,-2000,5,177,590,1000,23,149;13,2258,45,2,1,134.8,,1560,-1700,5,203,120,-200,13,232
RPVB|1|BCD|Bacolod-Silay~3|7762|30189|25|03,2000,45,2,1
RPVI|1|ILO|Iloilo~3|8330|24934|8|02,2500,45,1,1,24,,-1068,-398,40,,1059,386,2
RPVK|1|KLO|Kalibo~3|16794|23760|4|05,2187,45,2,1,49,,-650,-700,,,660,800
RPVM|1|CEB|Mactan Cebu~3|3093|39797|9|04R,3310,45,1,1,45,,-1235,-1091,5,,887,1040,9;04L,2560,45,2,0,44,,-678,-803,8,,963,844,8
#PH|M
RPLH|1|LLC|Cagayan North~3|81824|17462|45|04,2100,45,2,1
RPLS|1|SGL|Danilo Atienza~d|44954|9040|2|07,2368,46,1,0,67.8,,-410,-1000,2,570,400,1000,2,61
RPLU|1|LBX|Lubang~1|38554|1050|13|07,1260,30,1,0,65.3,,-230,-500,,,240,600
RPUB|1|BAG|Loakan~1|63750|6199|1296|09,1802,35,2,1,88.4,,-10,-890,1284,,30,810,1296
RPUD|1|DTE|Daet~1|41292|29800|3|06,1150,30,1,0,58,,-270,-400,1,,260,500,3
RPUH|1|SJI|San Jose~1|23615|10470|4|10,1836,30,2,1,105,,220,-900,,,-210,800
RPUM|1|MBO|Mamburao~1|32080|6055|4|16,1300,30,1,1,165,,580,-150,4,,-560,150,3
RPUN|1|WNP|Naga~1|35849|32700|43|04,1402,30,2,1,45,,-450,-400,29,,450,500,43
RPUR|1|BQA|Dr. Juan C. Angara~1|57293|15000|33|05,1200,30,1,1,50,,-280,-400,25,,390,400,30
RPUS|1|SFE|San Fernando~1|65956|3030|4|01,1200,30,2,0,5.2,,-540,0,,,540,100
RPUT|1|TUG|Tuguegarao~1|76434|17332|21|17,1967,30,2,1,172.1,,910,-20,,,-850,180
RPUV|1|VRC|Virac~1|35764|42060|37|06,1560,30,2,1,59.6,,-350,-700,,105,360,600
RPUW|1|MRQ|Marinduque~1|33610|18260|10|16,1458,29,1,1,162,,620,-300,,,-630,200
RPUY|1|CYZ|Cauayan~1|69299|17530|61|12,2100,36,2,1,126,,380,-600,,338,-700,1000,,360
RPVA|1|TAC|Daniel Z. Romualdez~1|12278|50278|3|18,2138,45,1,1,184,,950,20,1,,-980,-80,3
RPVC|1|CYP|Calbayog~1|20726|45451|4|17,1476,30,2,1,166,,660,-210,3,,-640,190,3
RPVE|1|MPH|Godofredo P. Ramos~1|19245|19540|2|06,1800,30,2,0,64,,-190,-400,,101,200,400,,58
RPVF|1|CRM|Catarman National~1|25016|46353|2|04,1350,30,2,0,44.2,,-360,-430,2,,520,470,2
RPVJ|1|MBT|Moises R. Espinosa~1|23697|36301|15|04,1280,30,3,0,38,,-460,-410,,,400,290
RPVO|1|OMC|Ormoc~1|10577|45656|25|18,1865,36,2,0,184,,870,40,,456,-810,-60
RPVR|1|RXS|Roxas~1|15977|27520|3|14,1890,45,2,1,145,,700,-500,3,105,-700,500,3,70
RPVS|1|EUQ|Evelio Javier~1|7666|19325|7|18,1200,30,1,0,180,,490,50,4,,-600,50,7
RPVU|1|TBH|Tugdan~1|23110|20850|3|03,1390,30,1,0,25,,-570,-300,3,,560,200,3
RPVV|1|USU|Francisco B. Reyes (Busuanga)~1|21219|1008|45|08,1006,30,3,0,84,,-90,-580,45,,0,420,45
#PH|S
CGG||CGG|Casiguran~1|61941|20651|15
DSG||DSG|Dilasag~1|64458|22068|18
ICO||ICO|Sicogon~6|14595|32506|8
PH-0005|||Tuy~6|40150|7356|72|06,700,30,4,0
PH-0073|||Camaya Coast~1|44480|4249|76|03,847,18,2,0,,,,,,32
PH-0107|||[Duplicate] Woodland~j|52543|6778||08,604,30,4,0,80,,-430,-780,30,30,70,240,30,30
PH-0108|RPLM||Camp Capinpin~6|45357|13646|395
PH-0687|||Woodland~j|52543|6778|30|08,500,30,4,0,82,,-32,-178,29,168,80,283,29,10
RP12|||Pagbilao Grande Island~1|39002|17440|4|08,1000,16,2,0,84.2,,-40,-500,4,,50,400,4
RP15|||Isabel PASAR~1|9123|44379|5|04,1200,15,2,0,38.7,,-450,-390,5,,400,310,5
RPLA|1||Pinamalayan~1|29858|14260|28|01,1200,30,2,0,6.4,,-530,-100,,198,550,100
RPLE|1|BSI|Balesin Island~1|44186|20392|8|05,1527,30,2,0,41,,-492,-441,6,151,542,522,5,151
RPLJ|1||Jomalig Island~1|47042|23311|11|05,1036,61,7,0,53,,-364,-471,9,9,191,251,9,9
RPLN|1||Palanan Community~1|70657|24277|16|02,1000,,1,0
RPLO|1|CYU|Cuyo~1|8581|10690
RPLQ|1||Colonel Ernesto Rabina~d|53177|4229|172
RPLR|1||Carmen (Rosales)~6|58850|6046
RPLV|1||Fort Magsaysay~1|54347|10910|61|05,1600,24,1,0,49,,-460,-500,,,460,600
RPLX|1||Corregidor Airport (Kindley Field)|43913|6070|31
RPLY|1||Alabat Island~1|42329|19291|2
RPLZ|1||Bacon Community~1|30070|40259|37
RPSB|1||Bantayan~1|11617|37849|18|16,1076,18,2,0
RPSM|||Maasin~1|1857|47832|100|16,1110,30,2,0,164.7,,650,-220,,,-320,80
RPUF|||Basa~d|49872|4926|46|03,2570,43,1,1,26.8,,-1090,-560,46,,960,540,46
RPUG|||Lingayen~1|60350|2422|2|08,1043,30,1,0,74,,-150,-620,2,,110,380,2
RPUL|||Basilio Fernando~d|39550|11250|372|03,1510,45,1,1,31.2,,-580,-400,,,590,400
RPUQ|||Vigan~1|75553|3560|5|02,1186,27,1,0,15,,-510,-200,,,520,100
RPUX|||Plaridel~1|48909|8529|6|17,900,9,3,0
RPUZ|||Bagabag~1|66192|12520|250|09,1200,29,3,0,89,,-10,-500,,,10,600
RPVG|||Guiuan~1|10355|57420|2|07,2414,45,1,0,66,,-380,-900,,,390,800
RPVL|RPLG||Wasig~1|25343|14828|5
RPVW||BPA|Borongan~1|16743|54793|2|02,1199,29,2,0,21,,-500,-230,,,510,170
