#BS|S
MYCS|1||Cay Sal~1|36976|96102|2|11,732,,1,2
#CU|L
MUHA|1|HAV|José Martí~3|29892|75909|64|06,4000,45,1,1,54,,-1060,-1580,64,,1050,1590,64
MUVR|1|VRA|Juan Gualberto Gomez~3|30344|85647|64|06,3502,45,1,1,56,,-890,-1410,64,,900,1410,64
#CU|M
MUCF|1|CFG|Jaime Gonzalez~1|21500|95858|31|02,2400,45,1,1,16,,-1060,-330,30,,1030,310,31
MUCL|1|CYO|Vilo Acuña~3|16165|84540|3|12,3008,45,1,1,116,,590,-1310,2,,-600,1310,3
MUKW|1|VRO|Kawama~1|31240|86984|5|06,1478,45,1,0,61,,-320,-630,5,93,320,630,5,93
MUNB|||San Nicolás de Bari~1|27565|80793|15|06,1006,30,1,0,55.9,,-290,-430,,122,220,380
MUNG|1|GER|Rafael Cabrera~1|18347|72162|24|05,2500,45,1,1,48,,-750,-900,24,,750,900,19;17,1623,30,1,0,172,,700,350,21,,-750,580,16
MUPB|1|UPB|Playa Baracoa~1|30328|74206|31|02,2305,45,1,1,21.9,,-980,-410,26,59,950,430,7,401
MUSJ|1|SNJ|San Julián~d|21005|58426|30
MUSN|1|SZJ|Siguanea~1|16425|70449|12|05,1800,30,1,0,50.2,,-550,-710,12,,560,710,12
#CU|S
MULB|||Ciudad Libertad~1|30939|75619|30|08,2065,50,1,0,83,,-120,-1000,,,130,1000
MUMG|||Managua~1|29699|77252|115|10,2845,45,1,0,93.2,,80,-1380,,,-70,1390,,367
MUSA|||San Antonio de los Baños~9|28715|74907|50|05,3596,56,2,0,53.8,,-2010,-2980,,,-100,-140;12,2482,46,2,0,114.7,,760,-1870,,,-170,330;01,2400,46,2,0,3.9,,-1340,-90,,,820,70
#MX|L
MMCZ|1|CZM|Cozumel~3|5149|30715|5|05,3098,45,1,3,55.2,,800,-1170,3,771,2390,1270,4;12,2700,45,1,1,116,,520,-1150,3,200,-540,1190,5
MMMD|1|MID|Manuel Crescencio Rejón~3|9305|3545|12|10,3200,46,1,1,105,,710,-1480,12,300,-50,1490,12;18,2300,46,1,1,181,,1020,-1210,12,,-1070,-1250,12
MMTL|1|TQO|Felipe Carrillo Puerto International Airport Tulum|1721|23397|20|12,3700,45,2,1
MMUN|1|CUN|Cancún~3|10408|31265|7|12R,3500,60,1,1,123.6,,450,-1750,6,,-1300,1060,5;12L,2800,45,1,1,123.6,,1390,-788,7,,-14,1454,5
#MX|S
MM72||TZM|Aeródromo de Cupul|11557|18271|17|12,1762,28,1,0,120.3,,400,-730,,,-400,730
MMCT|1|CZA|Chichén Itzá~3|6413|15538|31|10,2800,45,2,1,100.3,,220,-1320,31,,-230,1320,31
MMIM|1|ISJ|Isla Mujeres National~1|12460|32596|5|15,1050,25,1,0,153,,330,-180,,,-520,270
MMTU|1|TUY|Base Aeronaval de Tulum|2273|25618|2
MX-PCM||PCM|Playa del Carmen National~1|6228|29178|6
#US|L
KFLL|1|FLL|Fort Lauderdale Hollywood~3|60726|98473|3|10L,2743,46,1,1,90,,430,-1380,2,176,420,1360,2,184;10R,2438,46,1,1,90,,-671,-565,3,,-686,1871,20
KMCO|1|MCO|Orlando~3|84294|86910|29|18L,3659,61,1,1,179,,1890,-1330,28,,-1410,-1300,28;18R,3659,61,2,1,179,,1890,-1800,28,,-1410,-1760,28;17R,3048,46,2,1,179,,620,1310,27,,-2130,1340,27;17L,2744,46,1,1,179.5,,1430,2640,27,,-1050,2670,27
KMIA|1|MIA|Miami~3|57960|97102|2|09,3967,46,1,1,87,,-990,-2500,2,411,-830,1440,2,81;08R,3202,61,1,1,87,,470,-1160,2,,600,2030,2;12,2853,46,1,1,119,,330,-1250,2,290,-940,1230,2;08L,2621,46,1,1,87.4,,690,-1170,2,,800,1440,2
KPBI|KDJT|DJT|President Donald J. Trump~3|66832|99044|6|10L,3048,46,1,1,93,,0,-1280,6,366,-130,1780,5;14,2113,46,1,1,135,,860,-840,5,,-490,650,5;10R,980,23,1,1,93,,-200,-1070,5,,-240,-90,4
KPIE|1|PIE|St. Petersburg Clearwater~3|79102|73126|3|18,2966,46,2,1,171,,,,2,,,,3;17L,2682,46,1,3,171,,1320,-330,2,,-1070,80,3,143;04,1829,46,1,1,40,,-940,-90,3,,230,990,2;09,1574,46,1,3,88,,-90,-800,3,,-50,790,2;17R,1219,23,1,3,171,,1100,-450,2,,10,-260,2,170
KRSW|1|RSW|Southwest Florida~3|65347|82472|9|06,3658,46,1,1,54,,-820,-1720,8,,1110,1250,9
KSFB|1|SFB|Orlando Sanford~3|87743|87654|17|09L,3353,46,1,1,90,,740,-2140,17,305,750,860,11;18,1829,46,1,1,180,,900,-20,15,,-750,-10,13;09R,1780,23,1,1,89.9,,-440,-100,14,,-430,990,9;09C,1091,23,1,1,90,,420,-1090,16,,420,30,15
KSRQ|1|SRQ|Sarasota Bradenton~3|73946|74456|9|14,2896,46,1,1,134,,1000,-1120,7,411,-830,970,9,350;04,1526,46,1,1,38,,-460,-330,7,,620,630,8
KTPA|1|TPA|Tampa~3|79755|74668|8|19R,3353,46,2,1,182,,1800,-810,6,,-1220,-920,3;19L,2530,46,1,1,182,,1160,500,8,,-1120,420,5;10,2133,46,1,1,92,,-470,-290,4,,-530,1880,8
#US|M
07FA||OCA|Ocean Reef Club~1|53254|97252|2|04,1372,21,1,1,40,,-470,-440,,,470,440,,152
KAPF|1|APF|Naples~5|61526|82247|2|05,2012,46,1,1,44,,-540,-610,2,88,500,520,2;14,1524,30,1,1,134,,500,-500,2,40,-460,600,2;NE/SW,564,30,4,0,44,,-400,-520,1,,-30,-130,2
KBCT|1|BCT|Boca Raton~1|63785|98923|4|05,1913,46,1,1,44,,-620,-670,4,212,620,670,4,115
KCOF|1|COF|Patrick Space Force Base|82349|93899|2|03,2746,61,1,1,20,,-1380,-490,2,,960,460,2;11,1217,61,1,1,106,,650,-520,1,,340,670,2
KDAB|1|DAB|Daytona Beach~3|91825|89405|10|07L,3200,46,1,1,65,,-990,-1830,9,210,220,1160,10;16,1829,46,1,1,157,,840,320,9,,-680,1050,10;07R,974,30,1,1,65,,-650,270,9,,-280,1170,10
KEYW|1|EYW|Key West~3|45561|82404|1|09,1547,30,1,1,89,,0,-720,1,,10,730,1
KFMY|1|FMY|Page~a|65866|81367|5|05,1953,46,1,1,48,,-660,-780,4,140,520,670,5,122;13,1497,46,1,1,130,,530,-490,5,187,-350,650,5
KFPR|1|FPR|Treasure Coast~3|74951|96317|7|10R,1979,46,1,1,90,,220,-1110,7,,200,890,6;14,1449,30,1,1,135,,170,-360,7,,-760,670,7
KFXE|1|FXE|Fort Lauderdale Executive~1|61973|98293|4|09,1829,30,1,1,84,,30,-1020,4,,210,800,4;13,1219,30,1,1,129,,160,-320,4,,-530,630,4
KGNV|1|GNV|Gainesville~4|96901|77282|46|11,2287,46,1,1,102,,50,-880,45,,-390,1430,32;07,1267,30,1,1,61,,20,-1060,46,,570,90,40
KHST|1|HST|Homestead Air Reserve Base|54886|96164|2|05,3414,91,2,1,49.3,,-1010,-1280,2,,1000,1290,2;32,1988,45,1,2
KHWO|1|HWO|North Perry~1|60012|97593|2|10R,1056,30,1,1,100,,-300,-350,2,78,-300,640,2;19L,994,30,1,1,190,,530,110,2,34,-370,100,2,56;10L,988,30,1,0,100,,110,-410,2,55,100,580,2;19R,914,30,1,1,190,,580,-330,2,107,-340,-340,2,107
KISM|1|ISM|Kissimmee Gateway~1|82898|85629|25|15,1829,30,1,1,148,,640,-460,24,152,-760,530,23;06,1524,30,1,1,58,,-300,-700,24,,430,620,24
KLAL|1|LAL|Lakeland Linder~3|79893|79793|43|10,2591,46,1,1,90,,-10,-1320,40,,0,1320,43;05,1524,46,1,1,45,,-590,30,40,,390,1130,43
KLEE|1|LEE|Leesburg~3|88231|81913|23|13,1920,30,1,1,130,,570,-740,23,,-310,460,21;04,1511,30,1,1,35,,-690,-310,21,91,420,580,22,94
KMCF|1|MCF|MacDill Air Force Base|78493|74788|4|04,3481,46,1,1,40.5,,-1190,-1150,2,,1200,1150,4
KMLB|1|MLB|Melbourne Orlando~3|81020|93589|10|09R,3103,46,1,1,87,,-70,-2000,10,,80,1150,7,213;09L,1829,46,1,1,87,,340,-1880,9,,430,-20,8;05,915,23,1,1,42,,-610,370,8,,0,1000,6
KMTH|1|MTH|Florida Keys Marathon~3|47260|89486|2|07,1526,30,1,1,67,,-250,-690,2,,280,700,2
KNQX|1|NQX|Naval Air Station Key West/Boca Chica~a|45758|83111|2|08,3048,61,1,1,73,,-330,-1120,2,,470,1760,2;04,2134,46,1,1,32,,-1010,-700,1,,640,400,2;14,2134,46,1,1,131,,320,-340,1,,-940,1260,1
KOPF|1|OPF|Miami-Opa Locka Executive~1|59070|97216|2|09L,2439,46,1,1,87,,560,-1030,2,,680,1400,2;12,2073,46,1,1,122,,360,-1040,2,244,-630,720,2;09R,1313,30,1,1,87,,-800,-680,2,,-730,630,2
KORL|1|ORL|Orlando Executive~1|85455|86671|34|07,1830,46,1,1,67,,-270,-640,32,91,390,1080,34;13,1410,30,1,1,130.8,,330,-840,32,,-500,250,33
KPGD|1|PGD|Punta Gorda~1|69202|80095|8|04,2192,46,1,0,29,,-880,-90,7,,730,910,8;15,1916,46,1,1,149,,340,-860,5,,-780,-120,8;09,803,18,1,0,89,,330,-860,6,,350,690,8
KSGJ|1|UST|Northeast Florida~4|99592|86602|3|17W/35W,3658,305,12,0;18W/36W,3658,152,12,0;13,2439,46,1,1,126,,820,-1090,3,322,-480,940,2;12W/30W,1524,305,12,0;16,1220,46,1,2,162,,640,-330,3,,-420,60,3;06,823,18,1,1,62,,-520,-150,3,,-170,600,2;02,795,23,1,1,21,,-470,-130,3,,200,170,2
KTIX|1|TIX|Space Coast~4|85148|92008|10|18,2231,46,1,1,179,,980,230,9,97,-1030,260,10;09,1524,30,1,1,89.1,,30,-1150,10,,50,410,9
KTMB|1|TMB|Miami Executive~1|56479|95672|2|09R,1829,46,1,1,87,,-490,-530,2,,-420,990,2;09L,1525,46,1,1,87,,470,-730,2,,540,790,2;13,1220,46,1,1,127,,270,-800,2,,-400,170,2
KTTS|||Space Florida Launch and Landing Facility|86150|93055|3|15,4572,91,2,1,150,,1780,-1160,3,,-1800,1180,3
KVRB|1|VRB|Vero Beach~4|76556|95821|7|12R,2229,30,1,1,111,,230,-1070,7,,-480,1040,6;04,1516,30,1,1,36,,-590,-880,7,,510,30,6;12L,1068,23,1,1,111,,480,100,6,,130,1110,6
KX51|||Miami Homestead General Aviation~1|54992|94457|2|18,1219,30,1,1,179,,290,-280,2,,-810,-270,2;10,914,23,1,1,90,,350,-80,2,,360,830,2;09G/27G,305,152,4,1,,,570,530,,,570,830
KXMR|1||Cape Canaveral SFS Skid Strip|84676|94334|3|13,3048,61,1,1,128,,840,-1230,3,,-840,1230,3
#US|S
00FA|||Grass Patch~1|86455|77810|16|08,975,30,4,0,,,,,,,,,,244
00FL|||River Oak~1|72309|90308|11|12,1433,18,4,0
01FA|||Rybolt~b|85894|88558|17|10,610,30,4,0;18,457,30,4,0
01FL|||Cedar Knoll Flying~b|87819|88408|6|18,914,23,4,1
02FA|||Osborn~9|85267|81252|37|18,1093,46,4,0
03FA|||Lake Persimmon~6|73531|85919|21|E/W,610,61,4,0
04FA|||Richards~a|55587|94849|3|09,799,65,4,0
04FL|||Cross Creek Farms~1|92404|87775|9|09,914,30,4,0
05FL|||Charlton Strip|65202|85897|11|09,884,18,4,0,,,,,,128;15,396,15,4,0
06FA|||William P Gwinn~1|69084|96711|9|09,2135,46,1,1,90,,-30,-1030,9,73,-20,1120,9,73
06FD|||Grass Roots~j|86417|81150|32|18,1036,37,4,0
08FA|||Duda~6|65798|85163|11|09,965,24,4,0
08FD|||Sunniland~b|73631|92272|20|18,1261,32,4,0
08FL|||J. H. Hendrie Farms~1|70845|86713|31|03,762,30,4,0
09FA|||Placid Lakes~1|72456|85867|40|18,1463,15,1,1,180,,660,20,,,-670,20
09FD|||Cheryl-Lane Landings~1|86711|79127|22|18,807,30,4,0
0FA1|||Ott's Landing~1|73039|81196|20|09,549,23,4,0
0FD0|||The 2A~b|92676|87767|12|09,1219,23,4,0,,,,,,91,,,,91
0FL0|||Harper's Fly-In~b|67078|88245|9|14,701,30,4,0
0FL9|||Mc Daniel Ranch Inc.~1|63931|89713|5|09,1036,35,4,0,,,,,,91,,,,251;17,838,30,4,0,,,,,,61,,,,125
0J8|||Flying Ten~1|96190|74912|26|18,1194,53,4,1
10FA|||Flying Baron Estates~1|87975|80641|23|11,785,9,1,0
10FD|||Seven Feathers~1|90066|75954|21|01,457,30,4,0
13FA|||Earle~j|96893|84931|8|18,701,30,4,0
16FA|||Little Deer~1|60340|89577|4|12,817,61,4,0
16FD|||Skinners Wholesale Nursery~1|94050|85041|6|09,1036,61,4,0
17FA|||Cotton Strip|67134|84646|5|09W/27W,1829,122,12,0;03W/21W,1524,122,12,0;18,762,29,4,0,,326,,,,,,,,152
17FL|||Jumbolair-Greystone~1|92774|78793|30|18,2249,58,1,1,180,255,1320,-410,,549,-750,-410;09,1054,30,4,0,90,,1320,-1550,,,1320,-410
1FA1|||Post Oak~b|88558|74474|8|04,549,61,4,0
1FA3|||Pine Island~1|66562|78788|4|09,810,30,4,0
1FA9|||Villa Char Mar~1|77851|83486|41|18,808,8,1,0
1FD4|||Corkscrew Trace~j|64454|83927|9|03,1219,30,4,0
20FL|||Lake Suzy Estates~1|70426|79563|8|12,1158,46,4,0
21FA|||Freidus Family~b|89607|82325|26|18,701,23,4,0
21FL|||Kings~a|85086|81997|30|08,703,61,4,0;15,557,61,4,0
22FA|||Hidden River~1|73031|77274|14|09,770,15,1,1
23FL|||Gyro Town Usa STOLport|76844|77558|20|09,667,30,4,0
25FL|||Connells Wahoo~1|86319|78422|20|04,914,30,4,0
26FD|||Hennessy~1|70512|81519|15|18,618,30,4,0
28FL|||Mount Up with Wings~j|94412|84156|12|18,732,30,4,0
2FA1|||Squillacote~1|92513|87995|12|18,462,30,4,0,,,,,12,,,,12
2FA2|||Monroe~j|90189|78863|23|09,1219,20,4,0,,,,,,,,,,152
2FA5|||Thunderbird Air Park|94722|84280|20|04,875,24,4,1
2FA6|||Freeflight~3|88111|79346|17|02,1250,30,4,0
2FD0|||Lazyboy~1|99758|70927|14|18,1017,15,4,0,,,,,,381,,,,166
2FD1|||Hobby Hill STOLport|89755|80813|29|18,488,30,4,0
2FD2|||Marjorie Kennan Rawlings~1|94793|79467|24|13,732,30,4,0
2FD6|||Highlander~1|88880|91336|5|16,876,30,4,0
2J0|||Wakulla~8|99890|56042|3|18,789,21,4,1,,282,400,40,3,61,-310,40,3,114
2J8|||Pierson~5|92500|85408|19|05,792,61,4,0
31FA|||S & S Avion~b|89592|78658|21|09,1237,24,4,0
31FL|||Forever Florida~1|80434|89808|16|09,914,46,4,0
32FA|||Sunset Strip~j|72342|90963|10|08,1524,30,4,0
33FA|||Recreation Corporation~1|75981|91541|20|15,1219,70,4,0
33FD|||R O Ranch STOLport|99144|67335|15|17,762,30,4,0,,,,,,229,,,,23
33FL|||Flying S~b|78609|90001|22|04,1158,30,4,0,,241.1,,,,91,,,,91
34FD|||Blue Ridge Flightpark~1|88572|90930|8|17,1017,30,4,0
35FA|||Rimes Lakecrest~1|94679|78412|20|10,1402,61,4,0,,319,,,,91;04,1036,61,4,0,,258,,,,213
35FD|||Rush~1|96923|72708|24|18,610,37,4,0
37FL|||Flying Harness Farms~1|97186|71554|24|18,732,30,4,0,,,,,,175,,,,61
39FA|||Sanders~b|96625|79907|46|11,914,30,4,0
39FD|||Ancient Oaks~1|97294|66465|8|18,945,15,4,0
3FA7|||Flying 4~b|90427|89431|8|18,451,24,4,0,,,200,-5,7,,-207,-5,8
3FD0|||Last Chance~b|70217|85488|21|09,1036,30,4,0
3FD6|||Tradewinds~e|87618|91504|2|18,914,18,4,0
3FL0|||Mount Royal~1|94361|83433|18|08,914,15,4,0,,,,,,152
3FL1|||Two J's Flying~b|84525|77922|18|09,806,30,4,0
3FL5|||Mills Ranch South~1|77783|90781|18|15,799,30,4,0
43FL|||Rockin G~b|89840|81738|20|09,1256,24,4,0
46FD|||Tater Farms Strip|96748|84994|4|09,732,20,4,0
47FD|||Strayhorn~b|66628|82294|6|18,732,30,4,0
47FL|||Flying Exotics~1|89642|82210|46|09,914,30,4,0
48X|||Airport Manatee~1|76425|74791|8|07,951,30,4,1,,226,-110,-440,,,100,590
4FA2|||Croom A Chobee~1|86258|78586|20|10,610,18,4,0
4FD3|||The Wright Place~1|55172|94879|4|9,402,26,4,0,,238,,,,23,,,,96
4FD7|||Flanders~a|82064|81721|40|18,549,41,4,0
4FL1|||Escape~b|78628|90419|22|18,762,76,4,0
4FL3|||Fellsmere~1|77402|93332|7|09,1463,61,4,0,,247.8,,,,,,,,366
4FL5|||Ridge Landing~1|77572|83994|43|15,914,18,1,0
4FL8|||Schwartz Farms Inc~1|73437|76827|16|N/S,1219,27,4,0
4FL9|||Gore~1|81434|83530|41|09,604,23,4,0,,262,,,,,,,,18
51FD|||Tex Merritt Private~6|86678|80819|29|10,585,34,4,0
51FL|||Chiefland Sky~b|93949|71302|11|18,969,27,4,0,,359.1,,,,,,,,30
52FA|||Bent Willies~1|79396|85680|22|09,427,21,4,0,,194
52FL|||Lake Clinch~j|77503|84405|43|N/S,853,30,4,0
57FA|||Lake X~1|82086|88808|22|18W/36W,4054,1609,12,0;09W/27W,1609,1609,12,0;17,1554,18,1,1,170,269,700,-160,,,-690,140
58FD|||Southerly~1|80142|84594|24|09,701,15,4,0
59FD|||Big Cypress~9|63261|90121|6|10,1706,15,1,0,100,,-440,-820,,,-720,850
5FA1|||Flying Palomino~b|88780|80591|26|09,732,30,4,0
5FD0|||Manatee Springs~1|94927|70088|5|04,853,23,4,0
5FD7|||Chinsegut~1|86117|76321|24|09,762,5,1,0
5FL0|||Dusty Airpatch~1|84131|77766|37|18,468,30,4,0
5FL1|||Ezell~1|99033|63921|8|01,914,15,4,0
5FL4|||Byrd Air~a|98008|84991|6|09,808,30,4,0
5FL7|||Twelve Oaks~1|89780|76363|15|04,792,30,4,1,,203,-230,-330,,122,300,220,,60
62FL|||David Wine's~6|78444|85603|30|09,975,15,1,0,90,251,0,-500,,,0,490
63FD|||Link~a|96981|75086|33|18,698,21,4,0
64FA|||Naked Lady~b|71428|96622|7|18,1219,14,4,1,,261;09,604,37,4,0
66FD|||JR's STOLport|90040|74455|15|09,408,18,4,0
67FL|||Bald Eagle~6|74556|78950|24|18,1036,40,4,0
6FD0|||Windy Acres~1|95658|71313|14|09,792,30,4,0
6FD2|||Big Oaks~b|86669|89155|8|17,853,37,4,0
6FD5|||Blanket Bay~1|77786|89002|20|10,914,24,4,0,,202,,,,30,,,,30
6FD6|||Britt Brown & Porter~b|89050|85669|51|17,762,15,4,0
6FD7|||Thomson~9|75442|74699|11|02,838,32,4,0
6FL0|||Seminole Lake Gliderport|84058|81621|37|18,914,61,4,0,,234,,,,91,,,,274
6FL3|||Payson~b|69373|84330|19|01,1219,15,1,0,10,,-540,-110,,,540,100
6FL4|||Sylvanmir Farms~1|98211|64268|2|09,549,61,4,0
6FL8|||Ames~a|95875|71288|20|18,792,23,4,0,,327,360,-10,,24,-350,0,,32
6FL9|||Saw Whet Farms~1|96900|71288|15|18,671,15,4,0,,,,,,,,,,122
6J8|||Oak Tree Landing|97197|73339|27|10,1521,23,4,0,,,60,-750,26,,-60,750,26;16,861,23,4,0,,270.1,,,,72,,,,213
70FA|||Wee Bee Sky~b|75622|94006|8|09,817,34,4,0
72FL|||Gator~j|81575|87652|21|09,549,61,4,0
73FD|||Brookins Air Strip|95108|71399|14|18,732,30,4,0,180,,730,-1470,,,-340,-1470
75FA|||Brownville~1|72958|81168|20|1,604,15,4,0
78FD|||Mac's~a|55468|95349|5|08,610,30,4,0
78FL|||Pomona Landing~1|95022|84216|15|02,841,30,4,0,,,,,,244,,,,244
79FD|||Midway Lake~1|80420|79077|46|18,671,30,4,0
79FL|||Neal~a|95527|71313|14|18,579,30,4,0
7FA1|||Sugar Loaf Shores~1|46489|84216|1|10,823,4,1,0
7FA8|||Berry Grove~1|66956|85094|9|18,1415,26,4,0;H1/H1,55,27,2,0
7FD2|||Drake~b|89903|76696|15|06,640,30,4,0;16,610,30,4,0
7FD6|||Loxahatchee~1|66226|96947|4|12,1820,46,4,0
7FL4|||Haller~j|99041|83149|23|18,792,22,4,0
7FL6|||Spruce Creek~1|90802|89533|7|06,1220,54,1,1,50,,-360,-480,7,103,350,480,7,103
7FL7|||Lazy S~h|98686|73654|24|09,547,30,4,0
7FL8|||Dragonfly~1|74439|94349|8|11,610,23,4,0,,,,,,,,,,61
7LA1|||Birdwin~1|94602|3223|1|03,671,18,4,0
80FD|||Brady~b|71134|93666|5|14,1402,17,1,0,140,233.2,490,-470,,,-480,450
83FD|||Lake Montaza~1|75803|91847|16|06,823,30,4,0
85FA|||North Exuma~1|90931|87224|19|18,671,15,4,0,,10,,,,152,,,,183
86FD|||Country Landings~1|97647|71036|17|09,792,18,4,0,,306,,,,229,,,,152
8FA8|||Flying H~1|72381|86118|36|9,1073,18,1,0
8FD2|||The Flying Horseman~1|97152|79029|59|9,1263,23,4,0,,,8,-929,,,8,377
8FD5|||Lykes Brighton~1|71889|89130|9|18,1036,21,4,0
8FL0|||Hutson~9|97280|85602|15|09,728,15,4,0,,190.5,,,,85,,,,180;18,652,15,4,0,,270.2,,,,98,,,,271
8FL1|||Mc Donald's~a|71970|80844|16|04,853,30,4,0
8FL2|||Kiever~1|90011|78994|20|N/S,671,30,4,0
8FL3|||Back Achers~1|90730|80005|27|18,914,30,4,0
90FL|||Paxton~1|73612|92391|20|18,1433,30,4,0
94FL|||Pine Shadows~j|67328|81027|6|09,974,15,1,1,90,259.5,0,-490,,,0,490
95FD|||South Point~1|67683|84611|7|09,564,30,4,0
96FA|||Duette Training Facility~1|75214|79195|36|8,1280,30,4,0
96FD|||Citrus Hedging~b|73494|92641|19|17,784,21,4,0
96FL|||Wings~a|92425|74546|30|18,1006,30,4,0,,211.3,,,,381,,,,381
97FL|||Love~a|89619|81085|24|N/S,1128,38,4,0
9FA5|||Marshall Swamp~1|91908|79673|16|18,533,15,4,0,180,,253,6,16,,-228,6,15
9FD2|||Blackwater Creek Ultralightport|81370|78535|24|17,701,46,4,0
9FD5|||Thompson's Goinbroke Aero~b|93866|78571|26|09,762,30,4,0,,196.8,,,,152,,,,143
9FL1|||Flying W Airranch~1|86836|78424|18|09,1041,30,4,1,,269
9FL5|||Shady Bend~1|98141|70743|8|18,914,30,4,0
9FL7|||Oasis Ranger Station - US Government~1|58601|89653|3|18,628,46,5,0
A51|||Costin~1|97559|47110|4|18,1289,20,4,0,,223.8,,,,201,,,,305
F13|||Shell Creek~j|69689|80844|6|18,792,34,4,0,,300.3,330,-90,,183,-390,-60,,30
FA08|||Orlampa Inc Airport / Fantasy of Flight|81668|81904|42|04,1551,38,4,0;14,762,30,4,0
FA09|||Arliss M~1|93408|77363|61|09,823,6,4,0
FA18|||Devils Garden Strip|84511|89997|5|09,1219,24,4,0
FA30|||Redtail~6|92792|75000|20|18,823,24,4,0
FA35|||Lindbergh's Landing|56195|95113|3|09,1219,21,4,0
FA36|||White Farms~1|95127|71252|14|18,1191,21,1,0,180,330,540,0,,,-530,0
FA37|||Wing South~j|61165|82977|3|18,1341,30,1,1,180,313.8,630,-80,,91,-570,-80,,97
FA38|||Woods and Lakes~j|91236|81130|30|03,884,30,1,1,,358.8,,,,91,,,,143
FA40|||Hidden Lake~1|82825|73543|9|05,1349,15,1,1,50,315,-300,-400,,114,300,410,,198
FA42|||Sheets~1|85329|81533|36|18,610,35,4,0;09,543,47,4,0
FA43|||Dog Island~1|98107|54115|1|15,823,37,4,0
FA44|||Willis Gliderport|65481|97852|5|09,1097,46,4,0
FA49|||Shady~3|90969|78217|31|09,1609,46,4,0
FA50|||Wings-N-Wheels~1|93614|78502|25|18,762,30,4,0
FA51|||Sky Manor~1|67390|84938|5|09,1219,46,4,0
FA54|||Coral Creek~1|68545|77488|1|05,1829,30,1,1,50,,-370,-490,,,370,490
FA60|||Vince's Condominium Association~1|72389|86141|35|09,914,23,4,1,,1.1
FA62|||Santa Fe River~b|99169|75168|44|N/S,1097,61,4,0
FA64|||Montgomery~b|70745|84135|23|09,945,43,4,0;18,701,41,4,0
FA69|||Duda~6|65878|93627|4|18,792,15,1,0
FA71|||The Cedars~9|92282|70569|3|N/S,671,15,0,0
FA74|||Romor~b|59856|89583|4|12,567,23,4,0
FA81|||Tavernaero Park~1|50048|94667|3|08,663,29,4,0
FA83|||Orlando North~j|87216|83452|24|18,1219,15,4,0
FD02|||Patch O Blue~1|94850|79780|24|16,914,40,4,0
FD04|||Leeward Air~b|90841|79677|26|18,1904,46,4,1,,214
FD08|||Antiquers~e|64654|98502|7|09,1579,26,4,1,,226
FD09|||Rlm Farms~1|78100|91411|23|N/S,914,18,4,0
FD14|||Paniola Air~b|93753|79419|43|01,914,30,4,0,,0.3,,,,91
FD15|||Tailwinds~1|69795|97813|6|09,823,15,1,1,,220,,,,,,,,31
FD16|||Flying C~h|99658|71272|23|18,914,23,4,0
FD20|||Sundance Farms~1|68003|85149|15|01,1158,18,4,0
FD22|||Melrose Landing~1|96670|80473|48|05,1402,15,1,1,50,239.9,-420,-790,,,400,320
FD24|||Southern Fruit Groves~1|72212|94794|8|E/W,876,30,4,0
FD25|||Fly In Ranches~1|75625|95002|8|N/S,610,30,4,0
FD29|||Flying Dutchman~b|91308|78807|23|09,914,21,4,0,,315.3,,,,30
FD30|||Southeastern~1|74114|94738|7|09,792,30,1,0
FD31|||Bradley~1|99280|72988|6|18,792,23,4,0
FD33|||Green Swamp~e|82117|80013|35|18,792,30,4,0,,302.8,,,,,,,,91
FD37|||Gentry~1|81372|87366|24|09,671,18,4,0
FD38|||Wellington Aero Club~1|66465|97058|6|16,1236,23,1,1,,224
FD39|||Flying Cow Air~b|71556|93083|6|14,715,30,4,0,,269.3,,,,122,,,,198
FD44|||Eagles Nest~e|94269|83958|19|18W/36W,1006,38,12,0,,250.4,,,13,,,,13;18,975,30,4,1,,196,,,,183
FD49|||Montgomery's Flying M~b|87736|78696|21|E/W,1219,30,5,0
FD51|||Summerland Key Cove~1|46588|85547|1|12,777,6,1,0,,235.9,,,,109,,,,88
FD53|||Cub Haven~1|84533|77850|21|18,610,15,4,0
FD70|||River Acres~1|73253|89713|9|15,1181,20,4,1,,269,,,,,,,,84
FD72|||Kings Port~1|71828|86094|45|18,762,23,4,1,,267
FD74|||Gamebird Groves~6|80668|90975|11|18,805,15,4,0,,242,,,,165,,,,52
FD77|||Wimauma Air Park|77120|77171|30|09,823,30,4,1,,332.7,,,,198
FD81|||Gleim~a|97027|75743|52|09,549,15,4,0
FD83|||Stout~1|82586|86160|20|15,579,30,4,0
FD86|||Deep Woods~b|90303|85530|14|05,853,30,4,0,,1.8,,,,244,,,,223
FD88|||Aero Acres~1|73420|94780|8|09,960,15,4,1,,218,,,,204
FD90|||Lafayette Landings~1|91686|87352|11|15,975,61,4,0
FD92|||Southerland Strip|87328|89213|5|11,646,15,4,0
FD96|||Hilliard's Private~1|68326|89199|4|18,457,24,4,0
FL00|||Griffins Peace River~b|74189|81674|20|17,914,30,4,0
FL01|||Crews Homestead~b|76211|83894|27|14,953,15,4,0,,357.2,,,,261,,,,155
FL02|||Fox~a|98894|72013|22|13,756,30,4,0,,358.5,,,,69
FL16|||Market World~1|80586|81835|38|18,914,15,4,0
FL19|||Crosswind~h|92453|76463|23|18,1189,20,4,0,,320,,,,366,,,,335
FL29|||Hales 700~1|73612|94291|8|09,1219,12,4,0
FL33|||Watson Flight Strip|96683|71738|17|09,594,26,4,0
FL35|||Geraci~j|81750|75122|20|03,914,23,4,0
FL37|||Treasure Coast~j|72384|95086|9|09,1219,30,4,1,,330.6
FL41|||Okeelanta~1|65812|92441|4|09,1128,18,1,0,90,315,-10,-580,,,-10,560
FL43|||Burntwood~b|82581|80694|36|15,732,46,4,0
FL54|||Flying Tiger~a|99355|75893|35|09,1524,18,4,0;18,1219,53,4,1,,194.9,,,,213,,,,91
FL58|||Johary~1|90264|80121|22|18,1080,12,4,0
FL59|||Buckingham~a|66434|82896|7|14,1346,23,2,1,140,359.9,430,-390,,,-430,400;06,831,122,2,0,60,266.7,-1100,-540,,31,-730,180,,141
FL60|||Reynolds~j|99725|83391|6|05,1524,73,1,0,45,229,-500,-550,,,470,560
FL62|||Bradshaw Tree~h|89486|85869|17|09,640,30,4,0
FL66|||Peach Orchard~1|95597|75005|23|18,599,30,4,0
FL67|||Evans Properties Inc~1|72778|94141|7|09,914,11,1,0,90,221.6,0,-470,,,0,450
FL74|||Indian River~e|75986|94980|8|17,782,46,4,1,,235
FL75|||Indian Hammock~1|75420|91669|20|11,1056,30,4,1,,359.9,,,,91
FL77|||Calusa~b|60558|89368|5|14,559,30,4,0
FL78|||Lewis~1|78986|78174|14|09,610,27,4,0
FL80|||Lee Farms~1|93347|78332|30|18,914,30,4,1,,331
FL82|||Oak Ridge~1|95805|81388|22|07,914,23,4,0,,293,,,,,,,,250
FL86|||Woodstock~1|65826|79016|2|09,610,18,2,0
FL88|||Bob Paul~1|66837|85502|9|E/W,1128,30,4,0
FL90|||Salty Approach~1|66036|77799|2|E/W,549,30,4,0
FL91|||Big Cypress Ranch~9|63098|87727|7|08,1134,46,4,0,,,,,,61,,,,61
FL95|||Broocke Air Patch~1|77086|95472|7|18,671,21,4,0
FL97|||Tangerine~1|87603|83941|38|09,792,30,4,0
FL99|||Flying-H~1|88761|81110|24|18,805,91,4,0
K28J|||Palatka Municipal - Lt. Kay Larkin~a|96586|83111|15|09,1829,30,1,1,87,,-80,-1110,10,,0,780,9;06,1524,61,1,2,60,,-550,-610,13,,140,750,9;17,1159,23,1,1,165,,360,-170,9,,-580,110,15;12,914,23,1,2,119,,360,-280,9,,-30,560,9
K2CB|||Camp Blanding Army Air Field/NG~9|99525|80203|60|01,975,15,5,1,10,270,-440,-90,60,,440,80,60;07,671,15,5,1,70,314.6,-110,-340,60,,80,300,60
K2IS|||Airglades~1|67352|89489|6|13,1814,23,1,1,135,270.5,580,-650,6,,-580,650,6
K2RR|||River Ranch Resort~1|77822|87947|17|16,1509,23,1,0,160,360,340,-270,,61,-910,450,,305
K42J|||Keystone Heights~1|98447|79525|60|05,1537,30,1,1,45,,-810,-460,54,,170,670,60;11,1493,23,1,1,105,,520,-860,57,,170,630,60;16,1341,46,1,2,164,,390,-970,,,-780,-610
KAAF|1|AAF|Apalachicola~4|97275|49725|6|14,1654,46,2,1,135,,540,-740,6,,-500,450,6,122;06,1607,46,2,1,60,,-500,-970,6,,190,420,6;18,1601,46,2,0,180,,890,440,5,91,-550,430,6
KAGR|||MacDill Air Force Base Auxiliary~a|76506|86506|21|05,2438,46,1,1,50,,-970,-210,20,,440,1690,20;14,1641,46,1,2,135,,1050,-140,20,,0,1020,21
KAVO|1|AVO|Avon Park Executive~1|75912|84722|49|05,1638,30,1,1,45,,-670,-730,48,,370,450,47,305;10,1172,23,1,0,90,,240,-670,47,,230,510,47,152
KBKV|||Brooksville–Tampa Bay~4|84695|75429|23|09,2134,46,2,1,90,,640,-1350,22,,650,830,21;03,1280,46,2,1,26,,-540,420,21,,700,1110,21
KBOW|1|BOW|Bartow Executive~1|79434|82166|38|05,1524,30,1,1,46,,-530,-600,33,,430,520,37;09L,1524,46,1,1,87,,120,-720,36,,180,830,35;14,1524,46,1,2,139,,520,-600,,,-510,420;09R,1346,46,1,0,87,,-160,-700,34,,-100,660,34
KCDK|1|CDK|George T Lewis~1|91341|69492|3|05,702,30,1,1,,270,-200,-240,,,230,310
KCGC|||Crystal River~1|88672|74290|3|09,1389,23,1,1,91,,10,-740,2,,0,680,3;18,813,30,4,0,180,,560,-800,3,158,-280,-800,3
KCHN|||Wauchula~5|75149|81195|32|18,1221,23,1,1,180,,550,0,30,,-550,0,33
KCLW|1|CLW|Clearwater Air Park|79767|72413|22|16,1252,23,1,1,155,,410,-220,22,91,-410,220,22
KCOI|1|COI|Merritt Island~1|83416|93145|2|11,1098,23,1,1,109,,160,-530,2,,-160,530,1
KCTY|1|CTY|Cross City~1|96355|68952|13|04,1526,23,1,1,44,,-150,-310,13,,850,780,12;13,1524,30,1,1,134,,130,-790,12,,-820,350,12
KDED|||Deland Municipal Sidney H Taylor~a|90670|87162|24|12,1829,30,1,1,117,,540,-880,23,,-210,790,21;18,1828,61,1,2,180,,970,-310,,,-680,-310;05,1311,23,1,1,49,,-610,-430,24,,170,580,21;08,1097,61,1,2,83,,-90,-680,,,20,440
KEVB|||New Smyrna Beach~5|90557|90511|3|07,1524,23,1,0,62,,-80,-910,2,,570,470,3;11,1316,23,1,1,107,,20,-480,2,,-320,810,3;02,1219,30,1,0,17,,-670,-80,2,239,380,270,3
KF45|||North Palm Beach County General Aviation~1|68444|97787|7|08R,1311,30,1,1,85,,-190,-560,6,,-90,760,6;13,1311,23,1,1,135,,550,-570,6,,-290,360,6;08L,1128,23,4,0,82,,510,-390,7,,660,740,7
KF47|||St George Island~1|96460|50834|1|14,1018,20,1,0,140,,370,-350,,20,-360,360
KGIF|1|GIF|Winter Haven Regional Airport - Gilbert~a|80629|82467|44|05,1526,30,1,1,45,,-440,-460,43,,540,640,43;11,1220,18,1,0,103,,70,-720,44,145,-180,490,43
KIMM|1|IMM|Immokalee~4|64279|85965|11|04,1524,46,1,2,36,,-160,-140,10,,950,770,10;09,1524,30,1,1,88,,910,-190,11,,960,1330,10;18,1387,46,1,1,178,,930,-170,11,,-440,-120,10
KINF|||Inverness~1|88036|76817|15|01,1524,23,1,1,101,191,-680,-80,,,680,80
KLNA|1|LNA|Palm Beach County Park~1|65930|99149|4|10,1063,23,1,1,92,,-180,-590,4,,-210,480,4;16,1043,30,1,1,152,,530,-30,4,,-300,460,4;04,992,23,1,1,32,,-290,-420,4,,470,110,4
KMKY|1|MRK|Marco Island Executive~1|59950|83275|2|17,1524,30,1,1,168,,680,-160,1,,-670,160,1
KOBE|1|OBE|Okeechobee~8|72628|91502|10|05,1524,30,1,1,44,,-390,-440,10,,610,650,10;14,1220,23,1,0,135,,390,-440,10,,-390,420,10
KOCF|1|OCF|Ocala International Airport - Jim Taylor~a|91726|77758|27|18,2276,46,1,1,180,,620,110,25,,-1280,120,24;08,917,15,1,0,80,,680,-720,27,,820,210,27
KOMN|||Ormond Beach~5|93006|88864|9|09,1221,23,1,1,79,,20,-660,9,,230,570,6;04,1219,55,1,2,40,,-590,-250,,,250,550;13,1219,55,1,2,130,,470,-470,,,-230,500;17,1129,30,1,1,168,,470,-110,8,,-520,130,8
KPCM|||Plant City~5|80002|78358|47|10,1204,23,1,1,94,,40,-520,47,61,-40,700,44
KPHK|1|PHK|Palm Beach County Glades~1|67850|93066|5|17,1255,23,1,1,174,,570,-70,5,30,-560,80,5,15;07,493,30,1,2,64,,0,-190,,,190,260
KPMP|1|PPM|Pompano Beach~j|62471|98889|6|15,1499,46,1,1,143,,620,-330,5,,-350,490,4;06,1220,46,1,1,53,,-310,-540,6,,350,430,4;10,1124,30,1,1,98,,-120,-550,5,,-240,510,4
KSEF|1|SEF|Sebring~4|74564|86576|19|18,1582,46,1,1,180,,620,-70,18,,-810,-60,17;04,1556,91,2,2,45,,-830,-450,,,170,660;14,1521,30,2,0,135,,580,-480,17,201,-380,610,18;09,1502,91,2,2,90,,-830,-1590,,,-830,-70
KSPG|1|SPG|Albert Whitted~1|77651|73730|2|07,1120,23,1,1,62,,-190,-660,2,170,280,340,2;18,873,23,1,1,180,,340,210,2,,-450,210,2
KSUA|1|SUA|Witham~a|71817|97789|5|12,1776,30,1,1,110,,30,-1040,5,201,-530,650,4;16,1524,30,1,0,154,,680,-50,4,102,-560,610,4,268;07,1418,30,1,1,68,,0,-790,5,,470,540,4
KTNT|1|TNT|Dade Collier Training and Transition~1|58618|91030|4|9,3200,46,1,1,90,,0,-1600,4,,0,1600,4
KTPF|1|TPF|Peter O Knight~1|79156|75507|2|04,1092,30,1,1,37,,-430,-450,2,,320,190,2;18,819,23,1,1,173,,440,120,2,61,-300,220,2
KVDF|||Tampa Executive~1|80140|76547|7|05,1524,30,1,1,42,,-190,-240,6,122,830,810,6,244;18,981,23,1,1,180,,-50,-430,6,,-940,-430,6
KVNC|1|VNC|Venice~5|70705|75592|5|13,1719,46,1,1,135,,570,-610,5,,-410,470,5;04,1524,46,1,1,45,,-340,-380,4,,630,710,5,90;09,1524,46,1,2,88,,280,-250,5,,340,1330,6
KX04|||Orlando Apopka~1|87072|84183|44|15,1001,18,3,1,153
KX05|||Pilot Country~1|83303|75035|24|18,1128,23,1,1,180,,500,10,,91,-500,10,,274
KX06|||Arcadia~5|71955|81627|19|06,1128,23,1,1,52,,-300,-440,18,,320,910,19;14,732,30,4,0,133,,160,-520,19,236,-290,20,18,226
KX07|||Lake Wales~5|78938|83796|39|06,1646,30,1,1,59,,-340,-510,38,,220,560,37;17,1177,23,1,0,167,,590,-160,38,,-480,110,37
KX10|||Belle Glade State~5|67009|93377|4|09,1051,18,1,0,90,,-10,-580,,69,-10,560
KX13|||Carrabelle Thompson~1|98422|52990|6|05,1219,23,1,1,55,,60,-820,,,700,210
KX14|||La Belle~5|67442|85674|6|14,1601,23,1,1,137,,160,-120,6,107,-890,980,7,39
KX21|||Arthur Dunn Air Park|86226|91647|9|15,922,21,1,1,156,,320,-250,8,,-430,140,9;04U/22U,550,30,4,0,32,,-230,-180,,30,190,120,,91
KX26|||Sebastian~5|78126|95041|6|05,1226,23,1,1,45,,-390,-440,5,,390,440,7;13,1219,46,1,2,135,,680,-440,,,-100,440;18,1219,46,1,2,180,,600,-550,,,-510,-550;10,975,23,1,0,90,,150,-420,5,,140,570,6
KX35|||Dunnellon Marion Co & Park of Commerce~1|90618|76234|20|05,1524,30,1,1,45,,-250,-530,19,,700,570,20;09,1433,18,1,1,90,,-240,-750,20,,-240,720,19
KX39||KYO|Tampa North Aero Park~1|82213|76255|21|14,1079,15,1,1,141,,370,-520,,41,-410,200,,33
KX49|||South Lakeland~1|79334|79560|34|14,735,30,4,0,141,,330,-300,,,-340,310
KX50|||Massey Ranch~j|89789|90749|4|18,1329,18,1,1,180,,530,0,4,,-530,0,3
KX58|||Indiantown~1|70364|95599|9|13,1920,23,4,0,135,,610,-680,,183,-610,680,,91
KX59|||Valkaria~1|79620|94402|8|09,1219,23,1,0,91,,20,-1130,,100,-10,90,,137;14,1219,23,1,0,138,,660,-660,,119,-170,170
KX60|||Williston~5|93542|75271|23|05,2033,30,1,1,45,,-160,-360,23,,1080,1050,22;14,1518,18,1,0,138.5,,100,-720,21,91,-810,200,20
KXFL|||Flagler Executive~1|94674|87937|10|11,1676,30,1,1,106,,450,-810,9,,80,700,9;06,1524,30,1,1,55,,-670,-590,9,,130,690,9;02,1524,61,1,2,13,,-930,-310,,,400,50;16,1524,61,1,2,152,,590,-790,,,-630,-40;18W/36W,915,152,12,0,173,,-320,-1090,7,,-1140,-970,7
KZPH|1|ZPH|Zephyrhills~5|82282|78441|27|19/1,1546,30,1,1,180,,600,260,27,116,-800,250,24,91;5,1524,30,1,1,43,,-400,-790,26,,610,270,27
US-0790|||Field of Dreams~1|84703|77591|27|11,751,30,4,0
US-1109|||Gary Stark~1|74050|91885|19|9,572,18,4,0
US-12783|KBPD|XFT|Big Pine Sands STOLGround|47237|86121||36/20,784,5,2,2
US-4986|||Hummingbirds Landing|71210|81973|15|9,961,38,4,0
US-7303|||NR3 Farms~1|87174|79712|27|18,975,20,4,0
X01|||Everglades~j|58487|86099|2|15,732,15,1,1,,,300,-200,,,-270,170
X23|||Umatilla~5|89243|83482|33|18,698,15,1,1,,,180,10,,44,-450,-40,,87
X25|||Chalet Suzanne Air Strip|79538|83986|40|18,705,15,4,1,,,320,-30,,37,-320,20,,76
X36|||Buchan~1|69901|76260|5|12,622,37,4,0,,,160,-300,4,,-240,430,5
X52|||New Hibiscus~j|76323|94724|8|18,951,46,4,1,,,,,,,,,,61
X55|||Mid Florida at Eustis~1|88461|83697|51|18,975,24,4,1,,,160,10,,165,-720,30,,33
X61|||Bob White~a|87351|83708|24|09,1006,46,4,0,,,,,,183,,,,174
#US|W
0FD6|||Fulton~7|79075|95136||02W/20W,914,30,12,0
0FL2|||Alligator Drink~7|87878|88358|6|05,610,30,12,0
11LA|||Tiger Pass~7|92588|6470||03,610,30,12,0;18,610,30,12,0;H1,15,15,2,0
12FL|||Timberlachen~7|85928|85961|27|08W/26W,829,61,12,0;02W/20W,751,61,12,0
18FL|||Lake Henderson Tsala Apopka Chain of Lakes~7|88399|76832|12|4W/22W,1128,60,12,0
1FL0|||Londono's Landing~7|81036|81941|45|04W/22W,1600,30,12,0;11W/29W,1600,30,12,0
29FA|||Caloosa Downtown~7|66350|81250|1|05,1219,61,12,0
30LA|||Venice Base Heliport &~7|92711|6442|2|16,1524,244,12,0;04,914,85,12,0;H1,15,15,2,0;H2,15,15,2,0;H3,15,15,2,0
34FA|||Gezik~7|82519|93311||16,1631,91,12,0
3FD9|||Prairie Lake Private Residential~7|86567|86466|26|05W/23W,549,30,12,0
41FA|||Aloha Malolo~7|80968|82598|31|04W/22W,1453,183,12,0
42FL|||Plantation Key~7|49712|94044||09,2012,1006,12,0
43FD|||Cole's~7|82877|86143|16|ALL/WAY,1372,1372,12,0
48FA|||Silver Lake~7|88420|81925|19|13W/31W,1243,27,12,0,130,,-3,-1,19,,-728,971,19
4FA7|||Lake Panasoffkee~7|87987|78842|12|14,1229,30,12,0,141,,861,-784,12,,2,5,12
4LA0|||Port Sulphur~7|94627|2972||NE/SW,4572,61,12,0;NW/SE,4572,30,12,0
59FA|||Mango Lake~7|79714|76974|9|9W/27W,713,30,12,1,,,,,9,,,,9
5LA6|||E-8 Tank Battery~7|89502|6122||17W/35W,1524,23,12,0
7LA7|||Romere Pass~7|92763|7580||03W/21W,1524,23,12,0;H1/H1,14,14,14,0
89FL|||Lake Hiawassee~7|85292|85191|21|17,1524,305,12,0
8FA0|||Lake Gibson~7|81086|80413|43|ALL/WAY,2134,2134,12,0
91FL|||Lake Conway North~7|84792|86324|24|08,914,305,12,0
97FA|||Safar~7|95964|83570|0|12W/30W,1219,61,12,0
98FD|||Lake Jessup~7|87169|87669|10|13,549,30,12,0
98FL|||Sand Lake~7|84336|85085|27|18,610,152,12,0
9FD0|||Sage Seadrome~7|79456|85966|16|09,1524,30,12,0;18,1524,30,12,0
9FL3|||Lake Josephine~7|73969|85733|26|12W/30W,1402,152,12,0
F57|||Jack Browns~7|80575|82372|43|01,1097,671,12,0,,290,-500,-90,,366,500,90,,305
FA05|||Holiday Isle~7|49349|93991||N/S,1189,686,12,0
FA13|||Treasure Lagoon~7|84475|92776|0|4W/22W,914,91,12,0
FA17|||Kissimmee~7|82894|85950|16|13,549,30,12,0
FA73|||Oak Harbor~7|81289|83121|40|E/W,2134,610,12,0;NW/SE,2134,610,12,0
FA78|||Robinestte~7|83330|87500|18|02W/20W,1067,23,12,0,,6
FA84|||Lake Tarpon~7|81250|72731|1|18W/36W,610,61,12,0
FA94|||ONeals~7|82311|87656|19|13W/31W,1659,152,12,0
FD12|||Toho~7|82503|86085|24|15W/33W,914,30,12,0
FD46|||Goddard Seadrome~7|77553|84860|24|13W/31W,5182,1524,12,0
FD78|||Kennedy~7|86031|81505|29|17,610,30,12,0
FD79|||Jordan~7|90141|80219|17|09,853,30,12,0
FD80|||Manatee~7|95058|70161|2|18,732,30,12,0
FD98|||Ferguson~7|87147|87299|3|09,1524,610,12,0
FL42|||King Seaaero~7|80386|82463|41|ALL/WAY,1372,1372,12,0
FL55|||Sanford~7|88228|87367|2|09W/27W,1219,305,12,0
FL72|||Mezrah~7|79475|76091|2|05W/23W,1219,183,12,0
LA98|||West Bay~7|91319|6119||07W/25W,1524,23,12,0
US-0760|||Moon Landing~7|83767|88219|19|18,1619,152,12,0;9,1241,152,12,0
US-0809|||Summer Lakes~7|85275|85192|21|16,912,30,12,0
US-0811|||Jones Brothers East~7|87976|83530|20|12,1219,61,12,0
US-0855|||Ritz Carlton Grande Lakes~7|83967|85662|24|16,610,23,12,0
US-12936|||H2oztec~7|85989|81856|28|9W/27W,914,76,12,0
US-12997|||Keachvill~7|95133|84081|12|01W/19W,1311,21,12,0
US-3224|||St Cloud~7|82708|87150|16|9W/27W,914,61,12,0,90,,350,-470,16,,360,470,16
US-4991|||Cherry Pockets Fish Camp~7|79937|84555|24|NW/SE,5274,91,12,0,,,-3378,4059,18,,-219,42,18
US-6808|||Morningwood~7|94312|84800|12|7W/25W,1222,61,12,0,,,-285,-542,12,,282,537,12
X44||MPB|Miami~7|57831|98225|0|12W/30W,4267,61,12,0
