#MX|H
MX-1745|||Unitec Guadalajara Helipad|6781|65438|1697
#MX|L
MMAS|1|AGU|Aguascalientes~3|16996|76816|1863|18,3000,45,1,1,183,,1500,140,1863,,-1210,-60,1863;04,1060,30,1,2,49,,420,-160,1863,,1040,640,1863,200
MMCL|1|CUL|Bachigualato Federal~3|47650|25248|33|03,2245,45,1,1,33,,-863,-616,31,,833,595,33,270
MMCU|1|CUU|General Roberto Fierro Villalobos~3|87026|40362|1360|18L,2600,45,1,1,190.8,,1200,280,1352,,-1100,-220,1341;18R,2403,23,1,0,190.8,,1070,80,1359,,-1060,-420,1359;05,1100,30,1,0,56,,-590,-820,1355,,-30,80,1355
MMGL|1|GDL|Guadalajara~3|5233|66899|1529|11R,4000,60,1,1,113,,549,-1760,1528,,-923,1744,1527;11L,3538,45,1,1,,,772,-1656,1526,,-530,1443,1526;02,1800,30,1,2,30,,-241,-163,1529,,1163,706,1529
MMLO|1|BJX|Guanajuato~3|9927|85197|1815|13,3500,45,1,1,134,,1170,-1270,1815,,-1020,1130,1815
MMMY|1|MTY|Monterrey~3|57785|98930|390|12,3000,45,1,1,121,,560,-1000,389,,-850,1600,376;16,1801,30,1,0,165,,960,-300,387,,-610,200,382
MMMZ|1|MZT|General Rafael Buelna~3|31628|37355|12|09,2703,60,1,1,93,,-80,-1350,6,,-210,1250,11
MMPR|1|PVR|Puerto Vallarta~3|6799|47456|7|04,3100,45,1,1,47,,-940,-1060,7,,970,1140,7
MMQT|1|QRO|Querétaro Intercontinental~1|6188|98136|1919|09,3500,45,2,1,100.8,,140,-1560,1919,,-450,1740,1919
MMSD|1|SJD|Los Cabos~3|31519|2793|114|16,3000,45,1,1,173.7,,1340,-230,114,,-1350,170,106
#MX|M
MMAN|1|NTR|Del Norte~3|58656|97630|450|02,2011,45,1,1,32,,-960,-700,449,72,580,400,449;11,1539,45,1,1,122,,600,-1100,449,80,-140,200,449,102
MMCC|1|ACN|Ciudad Acuña~3|93337|88994|430|13,1801,30,1,0,133,,580,-740,,,-530,660
MMCN|1|CEN|Ciudad Obregón~3|73926|1670|74|13,2300,45,1,1,137,,760,-800,62,,-760,800,62
MMCY|1|CYW|Captain Rogelio Castillo National~1|5460|91135|1740|08,1915,30,1,0,95,,70,-950,,,-80,950
MMDO|1|DGO|General Guadalupe Victoria~3|41255|54721|1860|03,2900,45,1,1,38,,-1160,-910,1860,,900,890,1860
MMEP|1|TPQ|Amado Nervo National~1|14198|51575|920|02,3100,45,1,1,26,,-960,-450,920,,890,450,920
MMIO|1|SLW|Plan de Guadalupe~3|55379|90717|1456|17,2897,45,1,1,180.3,,1360,30,1416,,-1260,-70,1456;03,1058,45,1,2,40,,430,-670,,,1160,-70
MMLM|1|LMM|Valle del Fuerte~3|56855|9188|5|09,2000,45,1,1,100,,120,-880,5,,-190,1020,5
MMMV|1|LOV|Monclova~3|69557|85300|568|06R,2100,45,1,1,72.7,,-450,-1100,568,87,110,900,568,201;06L,1458,20,1,0,72.7,,-20,-600,568,,370,800,568,143
MMPG|1|PDS|Piedras Negras~3|86279|94648|275|12,2028,30,1,1,126.8,,500,-880,275,90,-600,820,275
MMSL|1|CSW|Cabo San Lucas~3|29491|605|140|11,2133,45,1,0,119,,390,-783,,,-543,1017
MMSP|1|SLP|Ponciano Arriaga~3|22620|90643|1839|14,3007,45,1,1,149.2,,1160,-730,1839,,-1170,770,1839;04,993,30,1,0,47.4,,-960,270,1839,,-350,970,1839
MMTC|1|TRC|Francisco Sarabia Tinoco~3|55623|65954|1124|13,2755,45,1,1,136,,971,-1007,1124,,-811,905,1124;08,1467,30,1,0,91,,601,-734,1124,300,582,728,1124
MMZC|1|ZCL|General Leobardo C. Ruiz~3|28949|73128|2177|02,3000,45,1,1,28,,-980,-680,2177,,1420,720,2177;08,1000,30,1,2,88,,370,-80,,,400,920
MX-0424|||Creel International Airport / Barrancas del Cobre~4|77251|23480|2479
#MX|S
LOM||LOM|Francisco Primo de Verdad y Ramos~1|12590|80562|1898|01,2121,30,1,0,19,,-441,-159,1897,,256,99,1888
MM11|||El Durangueño~1|44183|51140|2500|06,1556,14,1,0,68.8,,-270,-600,,,240,800
MM12|||Bacubirito~1|58157|20920|180|01,1391,9,1,0,17.3,,-600,-200,,,600,200
MM13|||Camargo~1|75989|48960|1300|13,1839,20,1,0,141,,640,-600,,,-650,600
MM16|||General Jesús Agustín Castro~1|55265|64820|1134|03,2103,20,1,0,36.9,,-760,-600,,143,750,700,,34
MM30|||El Tapacal~1|46585|24480|10|05,1323,10,1,0,58.3,,-310,-600,,79,310,500,,111
MM36|||Rancho San Salvador Northeast~1|66785|98290|274|11,1605,21,1,0,116.2,,320,-700,,,-320,800
MM37|||San Lorenzo~1|55060|77980|1371|10,2045,21,1,0,109,,330,-1000,,,-290,900
MM39|||Guamúchil~4|54387|19080|24|02,1006,20,1,0,32.6,,-380,-300,,,390,300
MM42|||Múzquiz~1|78563|84740|525|13,1218,19,1,0,131,,360,-400,,,-360,500
MM50|||Cosalá~1|44201|33011|393|13,1187,15,1,0,141.7,,470,-710,,,-380,90
MM51|||Rancho Guadalupe South~1|66356|91100|671|13,1278,10,1,0,136.4,,410,-400,,,-420,500
MM52|||Camaguey-Campo Cuatro Milpas~1|56522|14620|28|09,1969,24,1,0,92.1,,40,-1000,,207,-30,1000,,433
MM64|||Constitutionalist~1|69904|79670|747|08,1250,21,1,0,81.9,,-70,-600,,,80,600
MM67|||Engineer Manuel Moreno Torres National~1|36766|93770|1560|03,2003,24,1,0,36,,-730,-600,,,730,600
MM68|||Mina Hercules~1|80366|62290|1413|09,1967,18,1,0,105,,230,-1000,,,-230,900;07,805,15,6,0,80.4,,80,-200,,,200,600
MM79|||El Fuerte~1|63982|13880|75|14,1308,20,1,0,148.5,,500,-300,,,-500,400
MM82|||Laguna Del Rey~1|70238|66250|1052|03,1504,12,1,0,35.7,,-570,-500,,,550,400
MM84|||Parral~1|69221|42180|1835|09,1334,15,1,0,102.9,,130,-700,,,-130,600
MMPL|1|PCO|Punta Colorada~1|35750|4642|17
MMPP|1||Punta Pescadero~1|38033|2927|10|11,1017,18,1,0,122.9,,260,-370,,,-240,430,,84
MMZM|1|ZMM|Zamora~1|450|77240|1567|18,1500,23,1,0,188.4,,730,100,,,-610,-100
MMZP|1||Zapopan Air Force Base|7479|65374|1625|08R,2701,41,1,1,92.9,,340,-1340,,,210,1260;08L,1199,29,1,1,93.9,,1360,-1040,,,1290,160
MX-0001|||Yécora~1|83547|10750|1536|02,1573,12,6,0
MX-0013|||Sahuaripa~1|90312|7473|536|06,1920,20,3,0,,,,,522
MX-0014|||Aeródromo de San Miguel de Allende|9077|92969|2037|09,978,20,1,0,90,,,,2039,,,,2039
MX-0130|||Terminal~9|46862|85751|1890|10,1100,,2,0
MX-0202|||Aeródromo Guayaberos|17406|70339|1506|15,850,,6,0
MX-0203|||Cedros~1|46353|82035|1692|06,2000,,1,0
MX-0204|||Rancho El Tulillo~6|38245|82128|2109|11,1650,,6,0
MX-0205|||Aeródromo Ramón López Velarde|17593|66981|1718|17,1180,,6,0
MX-0433|||Teacapán Naval Air Station / Escuinapa National~1|25367|42831|2|17,2000,40,1,0
MX-0664|||Chihuahua South~1|83961|37921|1752|18,2315,23,1,0
MX-0955|||Jesus Maria~1|22646|55134|748|16,975,,1,0,154,,415,-210,,,-388,199
MX-2437|||Los Pozos~1|79125|45922|1319|15,1219,9,1,0
MX-XAL||XAL|Álamos~1|70390|10510|400|13,1524,,1,0
#US|M
KDLF|1|DLF|Laughlin Air Force Base|93595|92220|330|13C,2698,46,1,1,135.4,,800,-1000,329,,-940,1000,325;13L,2535,46,1,1,135.4,,870,-600,329,,-760,1200,324;13R,2003,46,1,1,135.4,,630,-1000,328,,-590,300,328
KDRT|1|DRT|Del Rio~3|93742|90730|305|13,1920,30,1,1,140.2,,670,-600,305,91,-670,600,303
#US|S
09TS|||Pitcock Rosillos Mountain~b|94824|68350|945|09,1244,13,1,0,90,,0,-600,,,0,700
0TE0|||Robertson~b|96930|88380|507|13,991,15,5,0;03,808,15,5,0
0XS7|||Anacacho~b|91937|97200|325|13,1829,18,1,0,140,,440,-100,,,-810,1100
0XS8|||Dunbar~b|90770|96284|292|12,975,9,5,0
1E2|||Terlingua~b|94513|66022|1149|02,1433,24,5,0
1TA8|||Rio Pinto~b|92372|93159|285|18,853,12,6,0
1XS8|||Pinon~b|96338|96243|500|16,1372,15,1,0,160,,610,-130,,,-550,370
23TS|||Bertani~b|94227|92610|338|17,1006,15,6,0
2XS2|||Indio-Faith~1|82628|98380|229|15,1574,24,1,0,156.4,,630,-300,,,-630,300
3TA6|||Spring~b|95419|97470|439|15,1305,11,1,0,150,,510,-300,,,-510,300
3TA8|||Picosa~b|87197|99450|183|05,823,6,1,0
3TA9|||Chacon Creek~b|87086|99930|181|15,884,9,1,0
3TE8|||Terlingua~1|93194|64160|828|13,1097,37,5,0
48XS|||Maravillas Gap~b|99266|67050|1013|13,1524,12,1,0,138.2,355.3,510,-500,,,-520,500
4TE2|||Lewis Private~1|95441|93270|420|12,671,15,5,0
4TE4|||Taurus Mesa~1|96232|63154|1090|17R,1494,23,6,0;17L,1097,18,6,0;08,975,23,6,0
4TE7|||Devil's River~b|97408|90350|512|13,1158,18,5,1,,280.3
50XS|||Hughes~b|90433|94150|276|13,1405,23,1,0,136.7,313.8,460,-400,,,-460,500,,293
54XS|||Bar C~b|99450|93137|566|16,914,23,4,0
55XS|||Frontier~1|91663|95820|305|01,1316,18,1,0,16.9,337.7,-560,-200,,,570,200
5TE0|||Comanche~b|86273|98386|223|15,1676,24,1,1,156.7,270,770,-60,,,-620,540
5TE1|||Rawls~b|96502|60500|1378|08,1134,23,6,0;12,732,23,6,0;03,549,23,6,0;17,488,23,6,0
5XS8|||L Davis~b|95039|97041|424|15,960,18,4,0
66TX|||Loma de Cometa~1|86750|99768|187|15,1026,10,1,0
6TX9|||Stovall Ranch Number 4~1|98591|72094|917|01,1524,18,6,0
70TT|||Big Bend Valley~1|96140|64470|1019|18,462,6,6,0
74TX|||Fort Clark Springs~1|92866|95660|337|17,1676,61,4,0;15,1271,61,4,0
75TX|||Leona~b|95097|96268|524|14,1295,15,1,1,154,,-440,320,,,-1470,920,526
89TE|||Lajitas~3|92780|63130|802|07,1982,30,1,1,78.1,330,-220,-1200,,,210,1100
8TS8|||RNK~b|99174|90870|593|17,1341,30,5,0
92TE|||Chaney San Francisco~b|99674|70578|991|E/W,808,23,6,0
93TE|||Mayhew Ranch Number 1~1|98096|70920|848|18,1585,23,6,0;01,1234,23,6,0;09,671,23,6,0
95TX|||Chupadera~b|81925|99280|198|SE/NW,1219,23,1,0,,,381,-501,,,-364,399
97TX|||San Pedro~b|82836|99330|216|15,1097,216,5,0
K5T9||EGP|Maverick County Memorial~3|88598|94833|270|13,1678,30,1,1,,,260,-330,270,,-810,970,269
KECU|||Edwards~8|99469|98260|723|14,1234,15,1,1,145.2,,460,-400,721,88,-460,400,722
KPRS|||Presidio Lely~3|96342|56385||17,1585,23,1,1,179,,690,-50,881,,-730,50,894
TA31|||Tularosa~1|94305|97420|426|01,1158,18,4,0
TA34|||Flying G~1|87673|99187|206|13,1585,18,1,0,130,,410,-770,,,-510,430
TA52|||Flying Bull~b|98054|99887|492|16,975,15,1,0,160,,1570,1350,,,740,1690
TA64|||Persimmon Gap~b|97009|68500|817|09,1280,30,6,0
TA81|||Morning Star~b|97920|91231|457|13,1280,18,1,1,130,,470,-610,,,-90,190
TS04|||Rio Vista~b|98358|90220|541|15,1463,15,1,1,150,,360,-300,,,-370,200
TS15|||Cibolo Creek~b|98936|57388|1341|09,1615,18,9,0
TT53|||Aeromigos~9|93206|64608|776|17,610,24,5,0,180
TT87|||Agua Nada~b|97987|97121|626|4,684,15,4,0
TT94|||Cedar Creek~b|97719|98425|532|3,977,18,4,0
TX07|||Nix River Ranch Strip|99534|87570|555|16,1829,23,1,0,160,,-1140,600,,,-2690,1200
US-1645|||Los Cerrito~1|94862|99844||18,1524,24,1,0
US-2161|||Wildlife/Stroud~1|83749|99939|260|13,1464,23,1,0,,,,,260,,,,248
US-2479|||Pinto Creek~1|93951|95313|363|12,1250,12,1,0
US-3T9|||Big Bend Ranch State Park~1|94710|60631|1295|08,1676,24,1,0,88.1,,-160,-810,,,-110,890
US-4455|||Kubik~b|98985|95674|588|9,693,15,4,0
XA89|||Faith~b|82087|99810|236|14,1617,23,1,0,146,,590,-400,235,,-620,500,234
XS69|||Hackberry~b|99113|99997|557|02,427,23,4,0
