#MX|M
MMCV|1|CVM|General Pedro Jose Mendez~3|37033|10435|232|15,2200,45,1,1,156.5,,920,-430,232,,-910,430,232;17,1420,30,1,2,180.8,,1320,-990,,,40,-1010
MMMA|1|MAM|General Servando Canales~3|57699|24747|8|15,2300,46,1,1,156.2,,950,-460,8,,-950,460,8
MMNL|1|NLD|Quetzalcóatl~3|74439|4295|148|14,2000,45,1,1,151,,780,-490,148,,-800,500,148
MMPA|1|PAZ|El Tajín National~1|6027|25392|151|08,1800,45,1,1,89.1,,-20,-870,151,,10,860,151
MMRX|1|REX|General Lucio Blanco~3|60089|17715|42|13,1903,45,1,1,140.9,,670,-600,42,,-660,600,42
MMTM|1|TAM|General Francisco Javier Mina~3|22926|21329|24|14,2550,45,1,1,145,,940,-700,24,,-940,720,24;18,1300,30,1,0,190.3,,800,480,24,,-290,270,24;09,1200,30,1,0,99.6,,990,-610,24,,810,540,24
#MX|S
MM17|||La Trinidad~1|39663|11667|176|17,937,13,1,0,179.8,,420,-150,,19,-420,-140
MM22|||La Pesca~1|38022|22263|5|16,2065,21,1,0,168.3,,910,-210,,,-920,200
MM31|||Fausto Vega Santander~1|9468|26249|3|07,1414,17,1,0,80.7,,-100,-670,,,110,680
MM44|||Agualeguas Old~1|63044|4498|206|02,1036,9,1,0,28.7,,-410,-250,,,410,250,,82
MM53|||Nuevo Dolores~1|40611|15840|146|16,1567,10,1,0,169.5,,730,-100,,,-660,180
MM54|||Rancho Marina Vieja~1|37381|19388|12|14,1250,15,1,0,142.2,,450,-380,,,-440,370
MM56|||Xicoténcatl~1|29538|10401|115|01,1271,15,1,0,19.5,,-530,-180,,,550,240
MMAL|||Agualeguas National~1|63340|4576|206|02,2850,33,1,1,29.9,,-1120,-720,206,,1110,710,206
MMDM|1|MMC|Ciudad Mante Los Huastecas National~1|27390|9815|104
MMPC|1||Engineer Juan Guillermo Villasana National~1|774|12175|2316|03,2080,26,1,0,33.5,,-770,-550,,200,780,560,,264
MMTN|1|TSL|Tamuín National~1|20383|11935|50|16,1443,23,1,0,176,,650,-60,50,,-650,60,50
MX-0226|||Campo Ríoverde National~1|19173|609|988|09,1623,23,1,0,99,,113,-777,984,,-115,758,990
#US|H
KMDA||MDA|Martindale Army~2|94313|16222|205|13,914,213,1,2,134,,360,-480,,,-210,200;18,488,23,2,0,180,,,,206,,,,206
#US|L
KHOU|1|HOU|William P. Hobby~1|96453|47232|14|04,2317,46,2,1,44,,-620,-850,13,,890,810,12;13R,2317,46,1,1,134,,560,-870,14,315,-890,850,13,61;17,1829,46,1,3,179,,710,-790,14,,-940,-750,13;13L,1569,30,2,1,134,,730,-710,14,,-250,460,12
KIAH|1|IAH|George Bush Intercontinental~1|99844|46586|30|15L,3658,46,2,1,152,,350,-1650,30,,-2560,140,26;09,3048,46,1,1,90,,-680,730,28,,-680,3890,26;15R,3048,46,2,1,152,,340,-2000,29,,-2090,-510,27;08R,2866,46,2,1,89.9,,900,-1360,29,,900,1610,28;08L,2743,46,2,1,89.9,,2280,-1740,28,,2280,1100,29
KMSY|1|MSY|Louis Armstrong New Orleans~3|99934|97353|1|11,3080,46,1,1,106,,320,-1700,1,,-420,1370,1,93;02,2134,46,1,1,15,,-890,1330,1,,970,1920;06,1088,46,1,3,60.4,,-160,750,1,,330,1720,0
KSAT|1|SAT|San Antonio~3|95337|15302|247|04,2592,46,2,1,41,,-1050,-10,240,,520,1530,232;13R,2591,46,2,1,132,,900,-1570,247,,-650,420,237;13L,1682,30,1,1,132,,660,-790,243,,-350,510,237
#US|M
KALI|1|ALI|Alice~3|77409|19731|54|13,1828,30,1,1,134,,440,-700,54,,-710,620,51;17,1369,30,1,1,179,,420,10,53,,-810,20,52;08,1271,40,1,2,89,,400,-620,54,61,410,670,52
KBAZ|1||New Braunfels National~1|97045|19578|198|13,1982,30,1,1,135.7,,760,-440,198,,-290,740,196;17,1635,30,1,1,180.7,,500,-140,198,156,-970,-160,197
KBPT|1|BPT|Jack Brooks~4|99508|59793|5|12,2058,46,2,1,120.9,,450,-710,5,,-500,1120,2;16,1546,46,1,1,166,,720,-470,5,,-630,-80,4
KBRO|1|BRO|Brownsville South Padre Island~3|59072|25748|7|13,2255,46,1,1,135,,560,-610,5,,-890,970,6;18,1829,46,1,1,182,,790,-360,6,,-860,-430,7;13L,914,23,1,2,135,,570,-320,5,,-20,320,6
KCRP|1|CRP|Corpus Christi~3|77704|24988|13|13,2289,46,1,1,135.8,,660,-1220,13,,-820,400,12;17,1853,46,1,1,179.1,,920,490,12,,-750,520,12
KEFD|1|EFD|Ellington~1|96073|48412|10|17R,2744,46,2,1,178.8,,1100,-560,9,,-1370,-500,8;04,2439,46,2,3,43.8,,-910,-420,8,,670,1330,9;17L,1405,24,2,0,178.8,,1120,260,9,,-150,290,9
KGLS|1|GLS|Scholes International At Galveston~1|92653|51396|2|18,1829,46,2,1,181,,820,130,2,,-830,100,2;14,1829,46,1,1,140,,640,-720,2,,-620,480,2;07,1150,46,2,2,76.3,,550,-960,2,,800,210,2
KHRL|1|HRL|Valley~3|62285|23456|11|18R,2865,46,1,1,181,,1190,-420,10,,-1090,-450,11;13,2212,46,1,1,135.6,,470,-960,10,,-960,590,11;18L,1814,46,1,1,181,,550,570,10,,-1090,550,11,58
KHYI|||San Marcos~4|98927|21370|182|08,1929,30,1,1,87.8,,-90,-1410,179,,-20,590,177;13,1707,30,1,1,132.9,,430,-700,181,,-610,590,175;17,1589,30,1,1,177.9,,900,530,181,,-530,590,175
KLBX|1|LJN|Texas Gulf Coast~4|91086|45379|8|17,2134,30,1,1,180,,970,0,8,,-960,0,7
KLRD|1|LRD|Laredo~3|75438|5384|155|18R,2665,46,1,1,183,,1020,-90,154,,-1130,-200,148;18L,2510,46,2,1,183,,1260,230,152,,-1010,110,145;14,1807,46,2,1,147,,570,-510,154,,-810,480,142
KMFE|1|MFE|McAllen Miller~3|61761|17620|33|13,2170,46,1,1,140.6,,680,-830,33,42,-830,550,31;18,804,18,1,1,188.7,,460,230,32,,-260,100,29
KNBG|1|NBG|New Orleans NAS JRB/Alvin Callender~a|98253|99650|1|04,3048,61,1,1,44.2,,-180,-230,0,,1790,1970,0;14,1829,61,1,1,140.5,,-220,190,0,,-1490,1390,0
KNGP|1|NGP|Naval Air Station Corpus Christi Truax~a|76926|27089|5|13R,2439,61,1,1,135,,810,-1050,3,,-740,700,5;17,1525,61,1,1,180,,660,260,4,,-710,260,5;13L,1525,67,1,1,135,,270,-110,4,,-700,980,5;04,1524,61,1,1,45,,-250,-630,5,,720,460,4
KNQI|1|NQI|Kingsville Naval Air Station|75072|21903|15|13L,2438,60,1,1,134.4,,670,-560,15,,-860,1210,11;13R,2438,60,1,1,134.4,,540,-710,15,,-1000,1060,13;17L,2438,60,1,1,179.4,,720,120,15,,-1480,150,14;17R,2438,60,1,1,179.4,,720,-90,15,,-1480,-70,15
KRND|1|RND|Randolph Air Force Base|95297|17211|232|15R,2546,61,1,1,150,,525,-1432,232,,-1464,-120,225,1128;15L,2545,61,2,1,150,,1305,294,226,,-684,1605,220
KSGR|1|SGR|Sugar Land~4|96223|43435|25|17,2438,30,2,1,175.3,,1090,-110,25,116,-1100,100,23,605
KSKF|1|SKF|Lackland Air Force Base|93842|14189|211|16,3520,91,2,1,162,,1510,-560,210,,-1510,550,201
KSSF|1|SSF|Stinson~5|93370|15289|176|09,1524,30,1,1,103,,150,-980,176,63,-130,500,172;14,1258,30,1,1,145.4,,460,-90,174,178,-480,640,169,113
KVCT|1|VCT|Victoria~4|88526|30815|35|13,2777,46,1,1,132,,1120,-1560,35,,-570,540,31;18,1496,23,1,1,180,,630,870,32,,-710,880,31;12R,1415,46,2,2,132,,-90,-410,32,131,-950,660,31,168;06,1280,23,1,2,67,,-210,-660,31,,230,550,32
#US|S
03TE|||Barronena~b|74908|13304|179|12,914,30,1,0
03TT|||Brazos Polo~1|96321|40675|36|18,914,15,4,0,,,,,36,,,,36
04TT|||4D~b|97131|4544|472|18,1565,17,1,0,,,644,21,472,,-641,-26,464
05TA|||Brandes Air~a|98091|37349|84|17,671,30,4,0,,,,,,73
07TA|||Salaika Aviation~1|92405|46553|9|06,672,38,4,0;H1/H1,61,61,2,1
08XS|||Peterson~1|91081|42225|14|03,716,30,4,0
0LS0|||Theriot~a|97497|92642|4|02,914,44,4,0
0TE5|||Santa Maria~b|74338|8141|157|17,1826,23,1,0,170,,810,-160,,,-810,160
0TX6|||Elm Creek~j|95052|20031|168|14,617,23,4,0
0XA4|||Seven Cs~b|79969|11178|101|15,1526,23,1,0,156,,630,-320,,,-620,320
0XA5|||74~b|86849|16172|98|13,1158,23,1,1,136,,370,-410,,,-370,420
0XS0|||Diamond H~b|84003|4413|156|08,1006,46,4,0;15,762,46,4,0
0XS1|||Rodgers Roost~1|92878|36503|39|14,457,18,4,0
10XA|||Sterling~1|86808|33384|9|14,701,6,1,0
13TS|||Van Es~b|74553|10736|253|11,914,9,6,0
14TS|||O S Wyatt~1|74217|13955|162|16,1832,21,1,0,160,,780,-320,,,-780,320
15XS|||Toy~j|93327|46659|11|06,584,21,4,0,,,,,,160
17TE|||Comfort~j|99291|10597|448|14,594,9,4,0
1LA1|||Triche~a|99835|95652|3|02,1219,30,4,0
1LS5|||Cameron~6|98033|66654|2|14,725,26,4,1
1T8|||Bulverde~j|97391|15487|329|16,881,12,1,1,149,,386,-62,329,149,386,-62,329,61
1TE1|||Briscoes Catarina~b|82503|1830|198|13,1219,15,1,0,136.2,240.3,390,-430,198,,-400,430
1TE4|||Zuehl~1|94951|18412|180|17,903,61,4,0
1TE7|||Ray~h|91165|16330|171|14,671,21,4,0
1TS0|||Eagle Air~1|96705|53292|2|E/W,701,18,4,0
1TS1|||Laas~h|99127|40059|50|17,610,12,4,0
1TS6|||Dentonio~b|82694|655|251|13,1219,15,5,0
1XA2||NIR|Chase Field Industrial~1|83624|23381|58|13L,2438,61,3,0;13R,2438,61,3,0;17,2438,61,3,0
1XA4|||Mikeska~a|98737|39952|49|15,600,18,4,0
1XA7|||Gloster~e|97334|39408|44|07,981,46,4,0;09,656,30,4,0
1XS1|||Dunham~a|99383|49534|18|09,823,30,4,1
20TS|||Bains Private~1|98099|9319|433|03,579,15,4,0
21XS|||Houston~j|95197|47255|15|16,762,7,1,0
22TE|||Fenner~b|91933|33109|38|15,701,29,4,0
24XA|||Cross-B~1|93210|16297|162|12,610,30,4,0
25TA|||Ferris~1|98366|50326|11|09,1097,12,2,0,90,,0,-570,,,0,570
27XS|||Sport Flyers~1|98380|40502|55|17,1247,37,4,1
28TA|||Duval County Ranch Co~1|78336|12830|203|14,3133,10,1,0,140,,1080,-1020,,,-1080,1030
28TE|||Midlake~1|92683|16630|163|17,792,61,4,0
2H5|||Houston Fort Bend~1|94989|41020|32|17,1341,30,4,0,169
2LA0|||Central Industries~1|97880|78413|1|06,945,23,4,0
2LS2|||Chitimacha Air Park|98722|84569|4|01,914,23,4,0
2TA4|||Mario's Flying Pizza~1|97475|37099|71|04,625,12,4,0
2TA8|||El Coyote~b|68584|17780|60|13,1676,23,1,1,133,,600,-630,60,,-420,620,53
2TE0||BZT|Eagle Air Park|89822|44203|5|11,823,43,4,0
2TE4|||Frels~1|91792|36773|30|17,457,61,4,0
2TE5|||Piano~b|96951|28367|117|18,701,15,4,0
2TE6|||Burris~b|88838|19508|137|16,1006,64,4,0
2TS2|||Shofner Farms~1|61689|22669|17|17,579,37,1,0
2TS8|||Bailey~1|92205|21283|138|15,1280,8,1,0,155.5,229,530,-270,,,-520,280
2TX1|||Russell Paradise~1|92286|16160|163|12,789,24,4,0
2TX4|||Lewis~b|79836|6233|165|17,1463,18,1,1,170,270,650,-130,,,-650,130,,156
2XA1|||Great Horizon~b|81403|10640|97|13,1676,23,1,0
2XA2|||Knape~1|92204|46891|6|04,732,30,4,0
2XA5|||Someday~b|98037|23088|142|13,572,29,4,0
2XS6|||Foster~b|97225|4253|514|17,655,14,4,0,,223.7,,,,122
2XS7|||Annandale~b|94502|3163|367|08,1219,15,4,0
2XS8|||Benson~6|92294|1761|283|15,1006,24,1,0,156.3,344.6,420,-210,,,-410,200
32TA|||Wilbourn~b|96873|25641|107|18,792,30,4,0
34TS|||Canyon Lake~1|99158|17525|287|01,792,14,1,0
35LA|||Ms Pats~1|99745|78239|3|09,488,20,4,0,,341.2,,,,61,,,,61
37TE|||Johnnie Volk~a|93602|49901|4|16,610,18,4,0;17,610,18,4,0
37X|||Skydive Houston~1|99934|40697|72|17,1277,15,1,0;N/S,924,16,4,1,,345.1,-550,-30,68,,280,-40,69
38XS|||San Rafael~b|68152|15207|95|14,1829,23,1,1,145.9,285,680,-510,,,-680,520
39R|||Flyin' B~1|95377|45762|21|17,640,23,4,0
3LA4|||Little Pecan Island~1|97997|71964|2|12,1220,18,1,1,122,,293,-526,1,,-297,539,2
3T2|||Wolfe Air Park|94800|46728|17|02,887,24,4,1,,247,,,,,,,,838
3TA2|||Clark Sky~b|97365|39373|44|06,762,15,4,0
3TE1|||Gum Island~1|99516|50956|16|16,762,30,4,0
3TS3|||J-D~b|93747|47095|10|15,549,30,4,0
3XS1|||Kubecka Aviation~1|87672|36931|6|15,805,30,4,0
3XS5|||Star Smith~a|92980|13233|202|17,610,23,4,0
42XS|||Temple~b|79574|15961|149|13,1524,23,1,0
43TX|||Mid-Valley Dusters Inc~1|61531|18637|28|12,587,27,1,0
44XA|||HFS~1|78370|22279|22|1,1003,7,1,0,11,,-450,-68,22,,439,126,22
45XS|||Ghost Apache~1|81311|10939|101|10,1233,12,6,0
46TA|||Gould Strip|81299|11407|87|01,1219,18,4,0,,312,,,,152,,,,107
46TX|||Phillips Corporation~1|91508|45048|9|03,671,15,4,0
47TE|||Whites~1|88517|35025|13|17,701,12,4,0
47TX|||Armstrong~b|69339|22375|8|11,1219,9,1,0,115.5,245,240,-550,,,-230,550
4TA0|||Praire Aire~a|93555|43362|20|17,1000,11,1,1,170,221,450,-90,,,-440,70
4TA4|||Pea Patch~1|99391|39403|53|17,686,30,4,0
4TE9|||Squirrel Creek~b|92641|6494|296|08,1341,46,1,0,80,221,-100,-680,,,110,680
4TS8|||Glasscock~a|93750|6580|332|SE/NW,914,46,1,0,135,,358,-174,,,-393,168
4TX0|||Slack~1|98636|51656|11|15,1067,15,4,0,,269.4,,,,152
4XA2|||Card~9|87892|22366|98|13,945,30,4,0
50TA|||Moltz~1|96877|20039|183|15,762,12,4,0
53XS|||Kornegay Private~1|61484|24083|9|13,792,18,1,0
57TE|||Prade~b|99390|2168|700|15,1097,15,5,0
59TS|||Rossler~b|81431|18417|76|12,914,18,6,0
5TA3|||Pearson Ranch Private~1|93596|28556|107|16,671,23,4,0
5TA5|||Creasy~1|93361|48848|7|12,792,46,4,0
5TE7|||Renz~b|97194|36906|67|06,488,12,4,0;18,488,12,4,0
5TS5|||Mc Donald~b|86511|7113|169|01,610,30,4,0
5TS8|||Bear Creek~b|98086|17275|415|01,549,12,4,0
5XS3|||Wilber Farms~1|97697|57387|3|17,823,24,4,0
5XS6|||Old Reb~1|61754|21247|18|12,914,12,1,0
61TX|||Traylor Tick~h|99724|36928|76|02,549,24,4,0
65LA||BCS|Southern Seaplane~1|98661|99784||02W/20W,1524,30,12,0;02,975,12,1,1,21.2,344.3,-420,-230,,,390,130
67TX|||Old Hoppe Place~1|78003|21488|29|16,964,9,2,0,,,,,29,,,,29
68TE|||Norris Raun~b|91961|35081|33|17,802,30,4,0
69TA|||Dean~1|76550|24747|14|17,732,15,4,0
69TX|||Green Lake~b|85836|31456|15|14,1188,12,1,0,140,,470,-450,,,-470,440
6R5|||Alvin~j|94155|47109|13|06,457,24,4,0;03,433,23,4,0;12,253,18,4,0
6TE0|||Skalitsky~1|62903|20506|18|08,762,46,4,0;17,411,30,4,0
6TE3|||Hahns~1|89489|34503|16|18,823,18,4,0
6TE5|||Kubecka Flying Service Inc.~1|89808|33781|20|14,1658,20,4,0
6XS9|||Harmony~a|92961|16205|174|14,518,15,4,0
70XS|||Restoration~b|99921|19551|256|09,899,30,4,1,,,,,,,,,,152
71TX|||Grier~1|98727|12678|442|04,457,15,4,0
72TA|||Pierce~a|84586|37081|2|06,1829,23,2,0,60;18,888,9,2,0,180
72TE|||Chaparrosa~b|88794|94|207|15,1585,23,1,1,150,,610,-400,,,-610,400
72TS|||Galaxy~b|93608|33775|54|17,1017,30,5,0,,,,,,,,,,152
72XA|||Stiffs~j|94866|39587|36|15,732,24,4,0,149,,286,-194,34,,-279,197,36
74R|||Horizon~1|92836|14997|168|11,719,24,4,0;16,686,30,4,0
77TS|||Flying R~b|97994|19150|259|18,610,14,1,0
77XA|||XL~b|98260|54889|11|17,930,24,4,0,,,-584,-4049,9,,-416,65,8
77XS|||Garrett~b|92872|46403|9|06,792,6,1,0,60,,-280,-530,,,280,530;15,518,18,4,0,150,,200,-140,,,-190,140
78TA|||Ranch-Aero~1|90614|11997|171|03,914,30,4,1,,,,,,122
78XS|||Smith Aviation Inc~1|90530|37378|23|09,792,30,4,0
79TA|||Morris~b|81697|11100|105|12,1219,30,4,0
79TE|||Arrowhead~1|81156|20692|50|13,1036,30,4,1
7R9|||Bailes~1|91637|45985|6|17,628,15,4,0
7T3|||Naval Outlying Landing Field Goliad|86155|23837|99|11,2438,46,3,1;17,2438,46,1,1
7TE0|||Kelley Crop Service~1|99138|57918|6|17,640,46,4,0
7TE2|||Cage~b|71059|17942|45|12,1250,11,1,0,125,296,300,-500,,,-340,520
7TE4|||Flying J~b|95995|1537|494|17,914,18,4,0
7TE6|||Stovall Ranch Nr 1~1|92003|34456|33|17,1006,18,1,0,170,343.4,440,-90,,,-450,90
7TE7|||Moore~a|63837|16664|67|13,1570,91,2,0,145,237.7,1010,-850,,,-150,50;09,1524,91,2,0,100,276.1,100,-1450,,,-150,50;18,1524,91,2,0,178,216.6,1250,-1050,,,-130,-990
7TE9|||Boening Brothers~1|90272|17133|124|14,1036,14,4,0
7TS2|||Alison Air Park|98313|21108|192|17,594,8,5,0,,247.1,,,,91
7XS0|||Polly~b|95047|48245|7|11,936,7,1,1,,355,,,,91
81D|||Flyin Tiger~1|92650|45881|9|16,689,27,4,0,163,,290,-230,10,,-300,-20,9;17,671,24,4,0,178,,300,-20,10,,-300,10,9
82XA|||GPH~1|96683|42151|28|18,732,15,4,0
82XS|||Circle P~b|91027|17833|152|04,792,37,4,0
83TE|||K Bar~b|94969|5061|368|15,1250,46,6,1,,293.1
85TE|||Old Kingsbury~e|96342|21883|171|14,792,30,4,0
86TX|||Flying J~1|97372|16211|322|17,518,24,6,0
87TE|||Rose~g|94519|41345|30|13,640,24,4,0
87XS|||Cinco B~b|97911|7360|444|09,1158,23,4,0
8TA0|||John B Connally~b|91358|17236|162|11,1234,18,1,0,110,270.2,190,-600,,,-190,600,,204
8TA1|||Whatley Flying Service~1|84779|32398|6|N/S,945,18,4,0
8TE4|||H & F Properties~1|88156|2387|195|07,914,9,1,0,76.2,8,-160,-140,,,40,770
8TE8|||Tradewind Agricultural~1|91626|37733|29|17,777,7,1,0
8TS0|||Hamilton~b|75535|12654|213|17,914,24,5,0
8TS9|||Strait~b|81407|4334|189|13,1524,46,1,1,130,300,370,-950,,,-510,220
8TX8|||Weeks~1|73607|18204|58|15,1158,18,4,0
8XS9|||Rust~a|99577|12094|406|17,708,9,1,0
90TT|||WT~j|96827|27473|112|12,1219,24,4,0,120,,280,-544,112,,-270,548,106
90TX|||Callaghan~b|78794|6033|194|15,1414,46,4,0
90XA|||TG Farms~1|94378|18869|169|18,493,73,4,0
91TS|||Songbird~b|93686|46601|10|15,975,9,2,0,150,255,380,-250,,,-380,250
91TX|||Paisano~b|83969|16372|72|15,1494,15,1,1,150,9,450,-290,,,-440,290
92TA|||Drennan~h|61212|25720|8|15,457,15,4,0
92XS|||T R Funk Inc~1|64792|23133|7|14,914,6,1,0,140,316.1,270,-360,,,-340,250
95TA|||Thunder Creek~1|96349|5177|457|04,823,30,4,0
99TT|||Star K~b|68037|13974|139|14,817,6,5,0
99TX|||Briggs~b|83003|4330|158|13,1052,15,6,0
9R5|||Hunt~1|78881|26508|12|14L,716,6,1,0;14R,427,18,4,0
9TA1|||Hilltop~b|96599|18608|232|E/W,762,27,4,0
9TA3|||Rogers~1|98730|50104|12|07,914,91,4,0
9TE4|||Tanner's~1|85697|33703|5|08W/26W,3048,305,12,0;09,701,32,4,0;17W/35W,579,1219,12,0;17,549,32,4,0
9TE5|||Kalt~b|81545|30231|5|11,671,30,4,0;17,503,18,2,0
9TE6|||Rocky Creek~b|99216|31990|119|18,910,15,1,0
9TX5|||Camp Bullis ALS~1|97447|14628|353|10,1431,27,6,0,104.3,316.6,100,-520,356,,-150,580,349
E70|||Seguin~1|96023|20094|169|16,1041,15,1,1,,266,480,0,,,-460,10
K07R|||Bishop-Windham~1|76103|22474|17|15,975,15,1,1,155.2,358.8,400,-140,17,,-400,270
K0R3|||Abbeville Chris Crusta~i|99758|79158|5|16,1524,23,1,1,159,,630,-290,5,,-640,280,4
K1T7|||Kestrel~j|98115|15742|381|13,914,12,1,1,126,293,360,-330,381,,-120,440
K20R|||Crystal City~5|86978|1822|185|13,1082,30,1,1,136.4,305,330,-360,,,-360,390
K23R|||Devine~5|91384|10581|214|17,1036,18,1,1,173,,460,-60,205,,-460,50,214
K24R|||Dilley~j|86855|8108|165|12,1036,18,1,1,126,234,280,-430,,,-270,430,165
K26R|||Jackson~8|90010|34180|19|14,1034,21,1,1,150,,400,-260,19,,-400,270,19,122
K2R1|||Le Maire~i|98991|83340|4|04,914,23,1,1,37,,-330,-320,,,310,270,,184
K2R9|||Kenedy~4|88250|21344|88|16,981,18,1,1,169,,430,-90,88,,-440,100,83
K34R|||Hallettsville~5|93900|30439|85|17,978,18,1,1,179,,440,0,85,,-450,10,80
K3T5|||Fayette Regional Air Center~1|99080|30500|99|16,1524,23,1,1,162.5,,650,-240,94,,-660,240,98
K49R|||Real~8|97455|2391|500|15,1212,15,1,1,156.3,,500,-250,500,73,-500,250,492,82
K50R|||Lockhart~5|98503|23276|162|18,1220,23,1,1,182,,550,20,162,,-550,-20,160
K54T|||RWJ~j|97617|51535|9|08,1535,12,1,1,89,,-20,-790,9,,10,790,8,286;14,1077,30,4,0,147.5,,460,-650,10,,-360,-50,9
K5C1|||Boerne Stage~a|97239|13054|422|17,1526,18,1,1,174,,616,-78,421,192,-753,87,419
K66R|||Robert R Wells Jr~1|96411|34842|74|15,1158,18,1,1,160,,490,-200,74,93,-490,200,74,54
K67R|||Rio Grande City~5|64243|11539|88|16,1219,23,1,1,162,,420,-150,88,,-630,230,83
K8T6|||Live Oak~8|83628|18835|39|13,1158,18,1,1,136,,380,-410,39,,-370,410,38
K8T8|||San Geronimo~j|95105|12016|317|17L,914,12,1,0,180,,410,0,,,-410,0
K94R|||Gav Air~1|92661|39923|27|15,661,6,1,0,162,,280,-110,27,,-280,100,27
KAPY|||Zapata~8|69688|7511|129|12,1524,18,1,1,129.4,,440,-590,128,34,-440,590,124,34
KARM|1|WHT|Wharton~4|92543|38456|30|14,1525,23,1,1,150.8,,600,-380,30,,-600,380,30
KAXH|||Houston Southwest~1|95061|45231|21|09,1525,30,1,1,94.2,,50,-790,21,,-50,780,20
KBEA|||Beeville~5|83619|22090|82|12,1388,23,1,1,131,,410,-540,82,,-410,530,74;18,686,18,4,0,189.1,,1020,-190,82,,340,-320,80
KBKS|||Brooks~8|72068|18788|34|17,1831,23,1,1,179.9,,780,110,34,,-590,110,34;14,920,18,1,0,149.5,,220,-410,33,,-510,70,34
KBYY|1|BBC|Bay City~4|89733|41365|14|13,1557,23,1,1,133.6,,480,-570,13,,-490,580,12
KCOT|1|COT|Cotulla-La Salle~8|84567|7797|144|13,1830,23,1,1,134.5,,480,-360,144,,-480,750,137
KCVB|||Castroville~5|93419|11491|235|16,1524,23,1,1,161,,1856,-287,236,,-600,224,233
KCZT|1|CZT|Dimmit~8|85222|1764|183|13,1525,23,1,1,134,,480,-560,183,,-470,560,178
KEBG|||South Texas International at Edinburg~1|64417|18778|23|14,1524,23,1,1,143.9,,550,-450,23,,-560,450,22;13,975,46,1,2,145,,410,-1360,,,-280,-810
KELA|1|ELA|Eagle Lake~1|96006|36781|56|17,1305,18,1,1,171.3,,520,-110,56,,-510,70,56
KERV|1|ERV|Kerrville / Kerr County Airport at Louis Schreiner~a|99767|9143|493|12,1830,30,1,1,130.5,,180,-620,480,213,-890,820,484;03,1096,18,1,1,33,,70,-490,480,139,1000,200,493
KGAO|||South Lafourche Leonard Miller Jr~1|94411|97389|0|18,1981,30,1,1,181,,890,0,,,-150,-10
KHBV|||Jim Hogg~8|73496|12630|202|13,1525,23,1,1,134,,480,-550,201,,-480,560,202
KHDO|||South Texas Regional Airport at Hondo|93595|8233|283|17L,1829,30,2,1,180,,690,470,283,,-970,470,277;13,1690,46,2,0,135,,220,-830,283,30,-950,520,278;04,1646,46,2,0,45,,-400,-670,280,90,650,530,282,162;08,1052,23,2,0,89.9,,450,-840,283,,450,1060,281;17R,983,43,1,0,180,,350,-660,283,138,-540,-660,280
KHPY|1|HPY|Baytown~1|97861|50473|10|14,1321,18,1,1,142.7,,470,-410,10,97,-480,420,8
KHUM|1|HUM|Houma Terrebonne~1|95665|93396|3|18,1984,46,2,1,179,,850,10,2,,-940,0,2;12,1524,56,2,1,125.5,,440,-650,2,,-360,630,3
KIKG|||Kleberg~8|75509|19691|40|13,1829,23,1,1,140,,630,-600,40,,-640,590,38
KIWS|1|IWS|West Houston~1|98182|43274|34|15,1205,23,1,1,154.7,,490,-270,34,,-490,270,34
KL83|||Thibodaux~5|97478|91671|3|08,914,23,1,1,83.5,,-50,-470,,,40,470,,27
KLVJ|||Pearland~4|95213|47579|13|14,1315,23,1,1,144.7,,480,-400,13,,-480,390,12;14L,853,27,4,2,145,,360,70,13,61,-270,580,12,87
KNGW|1|NGW|Cabaniss Field Naval Outlying Landing~a|77044|25594|9|17,1524,46,1,1,178.9,,620,30,,152,-720,60,7;13,1522,46,1,1,133,,170,-250,9,,-770,890,7
KNOG|||Orange Grove Naval Auxiliary Landing~a|79011|19483|78|13,2439,61,1,1,134.7,,480,140,78,,-1070,1900,78;01,2438,61,1,1,14.6,,-1630,300,78,,500,920,78
KNWL|||Waldron Field Naval Outlying Landing~a|76350|26878|8|17,1524,61,1,1,180,,670,550,7,128,-720,550,,56;13,1330,46,1,1,135.3,,670,-450,7,91,-330,660
KPEZ|||Pleasanton~5|89542|14800|131|16,1219,23,1,1,163.1,,530,-180,130,123,-530,180,122
KPIL|||Port Isabel Cameron~8|61662|26541|6|13,2439,61,1,1,134.8,,680,-400,4,,-870,1330,6;08,1621,46,2,0,89.9,,-260,-820,4,,-260,800,5;03,1524,46,1,0,34.8,,-420,-910,4,,710,-40,4;17,1280,23,2,0,179.8,,920,-310,4,,-230,-300,5
KPKV|||Calhoun~8|86540|33187|10|14,1525,23,1,1,144.4,,560,-460,9,,-560,450,9;05,741,18,4,0,55,,-500,-820,,,-80,-130
KPSX|1|PSX|Palacios~5|87275|37490|4|08,1524,46,2,0,90.2,,290,-1110,3,,280,450,4;13,1524,46,2,1,135.2,,320,-630,4,,-650,460,4;18,1524,46,2,0,180,,570,430,3,,-810,420,4
KPTN|1|PTN|Harry P Williams~i|97095|86610|3|06,1646,46,1,1,59.1,,-250,-800,2,120,510,660,2;04W/22W,1372,30,12,0,55,,-510,-490,,,210,670
KRAS|||Mustang Beach~1|78118|29112|2|12,1061,21,1,1,125.3,,280,-430,2,,-280,440,2
KRBO|||Nueces~8|77781|23099|24|13,1128,23,1,1,134.9,,400,-450,24,,-310,360,23
KRFG|1|RFG|Rooke~a|82936|26770|17|14,1329,18,1,1,153,,720,-420,,,-350,190,,51;09,808,12,1,2,103.2,,-300,-200,,,-470,610
KRKP|1|RKP|Aransas~8|80868|29554|7|14,1709,30,1,1,145.4,,590,-700,4,,-680,290,7;18,1371,30,1,1,190.5,,540,580,6,,-680,330,7;09,1326,46,1,2,100.5,,230,-880,,,20,450
KSEQ|||Randolph Air Force Base Auxiliary~1|95645|20975|160|13,2545,46,1,0,132.5,,910,-1560,160,,-640,390,158;17,1631,46,1,2,180,,860,-1530,160,,-620,-1530,157;08,1478,46,1,2,90,,-90,-1750,158,,-90,-220,159
KT00|||Chambers~8|97701|53376|6|12,916,18,1,1,129,,260,-370,6,,-250,370,6;17,579,91,4,1,180,,290,-280,6,,-330,-280,6
KT05|||Charles R Johnson~1|65600|25608|3|12,975,15,1,1,123,,520,-270,,,40,550,3
KT17|||New Gulf~1|92730|41131|30|15,1311,23,1,0,154.5,,860,-470,,,-230,130
KT19|||Duval Freer~1|78836|13997|172|14,975,18,1,1,143,,330,-280,161,,-360,310,172
KT20|||Roger M Dreyer~i|95292|25357|108|15,975,15,1,1,150,,260,40,104,,-500,540,107
KT30|||Mc Kinley~a|88223|8910|179|13,1532,18,1,1,137.2,,500,-540,179,51,-510,530,169,47
KT41|||La Porte~5|96693|49358|8|12,1269,23,1,1,126.2,,330,-540,7,58,-350,520,7,123;05,914,23,1,1,51.3,,-250,-350,7,,260,380,7
KT54|||Lane~j|95226|42229|29|13,918,11,1,0,134.3,,490,-170,,,-130,550
KT65|||Mid Valley~3|61776|20269|21|13,1523,21,1,1,142,,540,-470,21,52,-540,480,21
KT69|||Alfred C 'Bubba' Thomas~1|80392|24576|15|14,1318,17,1,1,145.8,,500,-380,14,76,-490,370,14,122;03,853,15,4,2,40.9,,-420,-270,14,,160,300,14
KT85|||Yoakum~5|93132|28616|111|13,1050,18,1,1,134.2,,330,-390,111,,-330,390,104
KT90|||Chambers County Winnie Stowell~1|98195|55689|8|18,1097,23,1,1,180,,-1030,0,8,,-2030,0
KTFP|||Ingleside~4|79130|27885|5|13,1524,23,1,1,139.7,,530,-500,5,,-520,500,4
KTME|||Houston Executive~1|98072|41021|51|18,2015,30,1,0,179,,690,-10,51,,-1130,20,50
KUVA|1|UVA|Garner~a|92113|2564|287|15,1602,30,1,1,155,,660,-350,287,,-650,350,282
LA60|||Live Oak~f|98244|78845|2|09,1524,76,4,0
LA73|||Huffaker~a|96086|91977|2|15,457,23,4,0
LS40|||St Charles~1|99519|97139|4|17,1189,38,4,0
LS68|||Ken Guidry #1~1|99347|77865|3|09,792,46,4,0
MGI||MGI|National Wildlife Refuge~1|83230|35360|2
T26|||Flying V~b|91083|36012|18|14,911,24,4,0
T71|||Cuero~5|90836|27331|65|14,853,18,1,0
T79|||Skyway Manor~1|95556|46729|17|17,777,21,4,0
T94|||Twin-Oaks~1|95730|15369|266|12,678,9,1,0
TA09|||Flying W~6|91771|856|270|8,1219,12,1,0,,,,,270,,,,269
TA30|||Old Forker Ultralightport|93188|49142|5|03,518,24,4,0
TA33|||Meyer~a|93580|43648|20|18,1280,24,4,0
TA44|||Puesta del Sol~1|70762|13985|137|13,1219,15,6,0
TA58|||Rancho Encantado~1|83214|5500|168|08,640,9,1,0
TA66|||Freedom Springs~b|97154|11412|427|05,762,30,6,0
TA73|||Barclay's Roost~1|99747|8316|512|15,671,15,4,0
TA84|||Miller~b|83550|668|229|15,914,38,6,0
TE09|||Minard Pegasus~1|93319|47240|8|04,1067,30,4,0
TE13|||Weiblen~1|94002|11125|253|08,457,9,4,0
TE21|||Lobo Mountain~b|96513|9136|469|18,1036,15,4,0
TE26|||Arrow 'S'~b|87836|16500|84|12,1676,15,1,0,125.8,,440,-700,,,-440,700
TE27|||Harrison Piloncillo~b|82544|4008|158|16,1524,18,1,0,166.3,,670,-190,,,-660,180
TE29|||La Esperanza~b|80697|4312|229|13,1591,18,5,0
TE32|||Rancho Blanco~1|73086|5186|117|17,1067,15,6,0
TE36|||Gerum~h|93919|28153|130|17,610,18,4,0
TE51|||Lackorn~1|95391|21650|128|17,914,18,4,0
TE57|||Haass~a|94448|8772|288|17,610,6,4,0
TE58|||Terminal D~b|84451|19606|79|17,1067,76,4,0;09,457,76,4,0
TE62|||High Man Tower~6|78543|23177|27|09,1006,18,1,1,95.3,,40,-510,,105,-50,510,,144
TE63|||Arrowhead~b|82467|14465|90|17,1280,23,4,0
TE67|||Cibolo Sea-Willo~j|94291|18683|158|16,762,12,1,0
TE71|||GHSA-Wallis Glideport|96111|39721|39|18,1219,38,4,0
TE73|||Griffith~b|98556|56468|6|01,1268,23,4,0
TE78|||Fossil Creek~b|95687|255|404|04,1644,23,1,1,40,,-560,-540,,,560,540
TE83|||Westwind~b|89208|2439|209|16,1560,15,1,0,160,,660,-280,,,-660,270
TE86|||Heritage~9|94444|18872|169|17,945,21,4,0
TE88|||BB~j|93570|45410|15|13,1036,30,4,0
TE90|||Flying L~1|97589|8475|421|14,1097,18,4,0
TS07|||Dry Creek~1|99863|43144|46|18,1091,22,4,1
TS08|||Kubecka Aviation~1|90704|34950|23|17R,1524,23,4,0;17L,610,9,2,0
TS27|||River~a|97162|34086|67|17,975,30,4,0
TS44|||Dry Branch~b|98400|39767|40|03,610,46,4,0
TS50|||Austinia~1|94175|50017|5|N/S,655,30,4,0
TS55|||Bat Cave~a|96719|16955|259|08,579,18,4,0;06,518,18,4,0;17,366,18,4,0
TS69|||Barronena East~1|74827|13401|176|12,1219,21,4,0
TS94|||Rancho Buena Vista~1|62512|26992|6|05,1067,30,4,0
TS96|||El Campo~j|92669|36748|39|17,747,18,1,0
TT00|||Tree Top Air~1|96467|32706|110|1,537,24,4,0
TT05|||Patton Air Park|91914|17449|137|11,479,18,4,1
TT18|||Lionwood~1|99480|36279|76|18,610,30,4,0
TT45|||Nighthawks Nest~1|94973|18457|180|5,2327,46,1,0;15,1337,14,4,0
TX42|||Fair Weather~a|99375|39606|53|13,1029,9,4,0
TX56|||Douglass~b|77155|12975|207|02,1128,23,6,0
TX79|||Crescent C~b|80889|9511|84|14,1530,18,6,0
US-0515|||Sunny V~b|99324|13229|375|9,427,18,4,0
US-0651|||El Tesoro~b|86626|12769|102|2,1219,12,1,0
US-0696|||Shank N Bank~1|87401|35318|6|9,1524,23,1,0
US-0776|||Itll Do~9|79906|21059|47|17,549,8,4,0
US-0996|||J A Knolle~1|79939|21794|12|13,914,15,4,0
US-1223|||Aero Saylee~1|84742|14162|85|16,945,15,3,0
US-12777|||Jeff Isl~1|99675|80157|2|14,468,18,4,0
US-12781|||Chumchal Farms~1|93864|38774|35|11,1280,30,4,0
US-12940|||Quihi Creek Vineyard~1|94603|10481|289|9,610,30,4,0
US-12988|||Two Rivers~b|91154|5382|224|11,826,42,5,0
US-13042|||Fannin~a|86917|27117|47|12,671,30,4,0
US-3785|||Marmande~1|94679|92430|2|16,1064,30,4,0,165,,470,-140,2,,-460,140,2
US-3961|||Minton~b|81685|5860|174|15,1252,20,1,1;H/H,30,30,1,1
US-4469|||El Quinto~b|82110|11663|111|18,841,18,1,0
US-4950|||Rancho Sabino Grande~1|95505|4838|392|16,1828,30,1,1,168,,806,-192,392,,-810,187,387
US-5670|||Fitzgerald~a|96691|54087|3|14,1000,16,0,0,,,395,-358,,,-316,268;H1,15,15,2,0
US-5805|||Rowland Dusters~1|64904|20402|15|1,786,9,1,0,9,,-353,-67,15,,348,52,15,58
US-5811|||Morgenroth~1|87185|30743|22|14,864,6,2,0
US-6120|||McIntyre Flying Services~1|91679|46389|4|8,457,9,2,0,,,-76,-212,4,,77,224,4
US-6124|||Butterbottom~6|99278|920|643|18,792,15,9,0
US-6345|||BFS West~1|64795|16170|91|1,668,5,1,0,9,,-298,-53,90,,298,49,91
US-6439|||Lissie Flying Service~1|95410|37749|46|18,866,9,1,0
US-6441|||La Buena Vida~1|81505|26189|12|16,1056,11,5,0,167,,450,-130,12,,-480,110,12
US-6442|||Hidden Valley~b|95851|4459|432|9,613,9,6,0,90,,0,-310,432,,0,320,415
US-6825|||Silverhorn~b|79296|14662|211|1,1117,12,1,0
US-7093|||Waresville~1|96008|4791|411|16,427,21,4,0
US-7155|||Gritz~a|86307|26141|55|18,1003,34,4,0
US-7477|||Pierce~a|97242|93634|3|1,1341,18,4,0,14,,,,1,,,,3
US-7524|||Scott~1|65551|21767|12|18,811,30,4,0
US-9231|||Sunset~b|95397|10478|362|13,650,15,1,0
X09|||Covey Trails~1|96900|41603|40|17,1022,30,4,1,178,,470,-100,40,96,-450,-60,40,76
XA08|||Los Cuernos~b|81574|9045|104|18,1445,18,1,1,186.2,,1530,470,,,220,310
XA31|||Lewis~b|98169|2122|527|11,960,61,4,0
XA43|||Fall Creek~b|99081|7931|619|12,716,15,1,0
XA66|||El Jardin~b|80750|7136|147|12,1921,24,1,1,126,,400,-630,,,-400,630
XA88|||DM~b|89787|4379|229|06,853,46,4,0
XA93|||Tortuga~b|86185|3462|168|17,1433,18,1,1,176,,730,-110,,,-560,-10
XS07|||W D Cornelius~b|89503|39400|14|13,640,30,4,0
XS11|||Idlewild~1|97779|6386|506|11,975,18,1,0,116,,60,-230,,,-320,670
XS13|||T-4~b|98166|8033|486|14,671,15,5,0
XS24|||Cherry Spraying Service~1|98297|29008|113|10,823,6,1,0
XS25|||Flying C~b|93847|43170|21|17,549,38,4,0
XS35|||Trull~1|87392|37809|5|17,762,15,4,0
XS40|||Jay Kay~b|88003|9997|203|13,914,12,1,0,136,,280,-300,,,-310,340
XS43|||Medina River~b|96611|10434|371|16,610,30,4,0;10,488,30,4,0;14,488,30,4,0
XS47|||Maurice Dauwe~h|90002|14289|136|14,610,18,4,0;18,549,30,4,0
XS51|||Seeligson~b|74083|18569|52|11,985,34,4,0
XS56|||Flying W~1|64506|22090|9|08,914,26,4,0;15,732,15,4,0
XS59|||Mellon~b|82808|27886|12|15,1417,18,1,0,150,,340,-200,,,-760,480
XS64|||Farm Services Inc~1|62490|24350|8|18,640,7,1,0
XS66|||Rabb Dusting Inc~1|78039|22564|25|18,671,8,1,1,,,,,,91;16,610,11,5,0
XS67|||San Jose Island~1|79445|30150|3|14,1494,27,1,1,140,,520,-380,1,,-590,500,3
XS71|||San Christoval~b|87481|19550|117|17,1205,18,1,0,175.4,,540,-50,,,-550,50
XS76|||Texas Menhaden Strip|97241|61296|2|14,555,12,1,0
XS77|||Seafood Warehouse Park~1|94655|53728|3|12,671,23,4,0
XS80|||Scout~1|99726|10654|456|14,488,24,4,0
XS86|||T-Ranch~1|92661|10761|268|10,457,30,4,0
XS90|||Fentress~j|97690|22250|140|05,975,13,5,0
XS93|||Diamond O~b|67206|14396|128|12,1298,30,1,1,135,,50,-280,,,-770,640
XS94|||Corralitos~1|71110|5767|110|17,1651,18,1,0,170,,790,-70,,,-700,220
#US|W
LA64|||Bayou Boeuf~7|96835|88999|1|18W/36W,3048,152,12,0
US-5181|||Serenity~7|95729|49494|0|3W/21W,1370,199,12,0,36,,-500,-413,0,,498,421,0
