#LY|M
HLGT|1|GHT|Ghat~1|51456|1426|700|17,3600,45,1,1,171.5,,600,-90,700,,-2620,440,685;06,2025,30,1,0,60.8,,-200,-380,,507,690,1360
HLLS|1|SEB|Sabha~1|69925|44662|435|13,3590,45,1,1,133,,1200,-1480,428,,-1000,1180,435;06,1706,30,1,2,61,,-1160,-590,429,,-410,910,432,352
LY-BCQ||BCQ|Brak~1|76530|42720|322
#LY|S
HL50|||Tebesty-V9~1|85871|93034|165|01,1573,30,1,0,13.4,,-760,-210,,,610,160;09,623,32,8,0,91.8,,270,-590,,,260,40
HL57|||Al Wigh~1|41783|45429|475|13,3650,70,1,0,130,,1000,-1280,,,-1120,1470;06,1575,40,1,0,59.8,,180,-2100,,,890,-760
HL66|||Tamanhint~1|72401|46563|404|13,3392,45,1,0,132.2,,1020,-1280,,,-1030,1270
HL69|HLJF||Al Jufra~1|91981|60010|258|14,4185,60,2,0,140.7,,1460,-1350,,198,-1470,1390,,198
HL71|||Bir Umran~1|63324|34221|427|13,1500,30,2,0,128,,410,-600,,,-410,590
HL72|HLWN||Waddan~1|91392|61603|277|11,1986,21,1,0,113.1,,340,-960,,,-370,930
HL79|||Waw Al Kabir~1|53568|68100|447|06,3804,30,1,0,59.2,,-880,-1630,,,870,1620
HL81|||Hamada-Nc8~1|95311|29437|624|09,2367,30,1,1,89,,-10,-1210,,,20,1230;18,2122,29,1,0,178.9,,790,-10,,,-1130,30
HL82|||Ghani~g|89619|75881|116|18,1878,28,1,0,180,,850,10,,,-840,0;08,980,28,8,0,81,,410,30,,,560,1020
HLBD|||Beda (M-3)~1|85033|90028|152|17,2284,47,1,0,172,,1020,-160,,,-1020,160
HLHB|1||Hateiba~1|97329|96946|-37
HLON|1|HUQ|Hon~1|91101|59656|280|13,1800,30,1,0,132,,530,-690,268,,-530,690,270
HLRA|||Dahra~1|94712|79294|320|12,2097,30,1,0,127.4,,710,-310,,,-440,1410
HLUB|1|QUB|Ubari~1|65675|28231|466
HLWA|||Warehouse 59A~1|83224|99300|149|18,2109,29,1,0,179,,950,-10,,,-950,20;17,1163,16,1,0,169,,50,-320,,,-980,-100
HLZA|||Zella 74~1|85875|72987|331|12,2149,29,1,0,118,,700,-1450,,,-220,480;05,1373,20,5,0,48,,30,10,,,870,1040
LY-0004|||Wadi Barjuj~1|60339|29257||12,1405,,0,0
LY-0005|||Al Mansura West~1|75490|28207||07,1433,,0,0
#NE|S
NE-0002|||Kourou Arkenné~9|27820|40248||18,2914,30,1,0
NE-0003|||Madama Military Base|19511|36507|551|18,1806,45,1,0,183,,781,44,,,-842,-45
#TD|S
FTTR|1||Zouar~1|4481|65719|809
FTTZ|1||Bardai Zougra~1|14484|70533|1074
