#DZ|L
DAAJ|1|DJG|Tiska Djanet~1|42854|94637|968|13,3000,45,1,1,125,,770,-1176,964,,-850,1324,966;02,2400,45,1,1,22,,-1150,-1971,957,,880,-1111,964
DAAT|1|TMR|Aguenar – Hadj Bey Akhamok~1|28110|54508|1377|02,3600,45,1,1,22,,-1460,-641,1359,,1550,695,1377;08,3100,45,1,1,82,,-370,-2803,1361,,30,189,1363
#DZ|M
DAAP|1|VVZ|Illizi Takhamalt~1|67235|86227|542|09,3000,45,1,1,90,,10,-1524,538,,-10,1514,542
DATM|1|BMW|Bordj Badji Mokhtar~1|13778|9270|397|08,3000,45,1,0,,,-241,-1236,396,,320,1599,396
DAUI|1|INZ|In Salah~1|72510|25120|273|05,3000,45,1,1,51,,-850,-1172,273,,850,1176,269
DAUT|1|TMX|Timimoun~1|92371|2760|313|06,3000,45,1,0,56,,-790,-1294,312,,710,1289,311
DAUZ|1|IAM|Zarzaitine - In Aménas~1|80515|96429|563|05,3000,45,1,1,47,,-640,-779,560,,1210,1450,561;14,2200,30,1,1,145,,1750,-1370,561,,120,-89,563
DZ-0016|||Amguid~4|63934|53254|610|17,2700,45,1,0,179,,1236,-19,608,,-1198,20,611
#DZ|S
DA10|||Illizi~1|65736|84837|542|09,2376,53,6,0,95,,100,-1217,542,,-90,1159,542;05,1673,60,8,0,53,,-290,-434,542,,610,913,542
DAAF|||Aoulef~1|70624|11111|310|08,1916,29,0,0,79,,-150,-850,309,,140,850,308
DAAN|1||Reggane~d|67124|2882|291|08,2504,30,1,0,71.3,,-600,-1445,283,,130,939,291
DAAW|1||Bordj Omar Driss~1|81360|68362|368
DAEN|1||Rhoud Nouss~1|97289|67113|253
DZ-0046|DAEF||Tin Fouye Tabankort~1|84388|75519|476
#ML|S
GATS|1||Tessalit~1|2430|9773|494|05L,2500,30,1,0,46,,-790,-855,483,,790,856,491;05R,1497,47,5,2,48.8,,-420,-234,,,470,843;15,1196,47,5,0,153,,660,165,488,,-300,683,491
