#IN|M
VABJ|1|BHJ|Bhuj~1|32878|96702|82|05,2501,46,1,1,45.2,,-800,-870,82,,800,870,74
VAPR|1|PBD|Porbandar~1|16495|96564|7|09,1372,46,1,0,88,,-100,-580,7,,-60,750,4
#IN|S
VA1K|||Naliya Air Force Station|32223|88913|41|06,2743,46,1,0,60.1,,-600,-1170,,,630,1160
#IR|L
OIZH|1|ZAH|Zahedan~3|94757|9062|1391|17L,4280,45,1,1,173,,1920,-150,1364,,-1686,367,1377,238;17R,4280,45,1,1,173,,1894,-396,1383,,-1683,117,1391,280
#IR|M
OIZC|1|ZBR|Chabahar Konarak~3|54432|3822|4|09L,3814,46,1,1,90.9,,250,-1700,7,,190,2090,7;09R,3000,46,1,0,90.9,,-170,-1700,7,,-210,1280,7
OIZI|1|IHR|Iranshahr~1|72361|7200|622|17,2350,46,1,1,170.9,,1050,-180,621,,-1050,190,604
#IR|S
IR-0019|||Konarak~d|53319|3566||06,594,49,1,0
OIZS|||Saravan~1|74193|23158|1198|13,2165,30,1,0,132.7,,660,-810,1197,,-670,800,1198
#PK|H
ZIZ|OPZM|ZIZ|Zamzama~2|67109|76672|39
#PK|L
OPGD|OPGW|GWD|New Gwadar~3|52967|24988|19|07,3658,45,2,1,69,,-586,-1701,18,120,589,1694,20,120
OPKC|1|KHI|Jinnah~3|49065|71608|30|07R,3400,46,2,1,74.3,,-610,-1820,22,,220,1420,27;07L,3200,46,2,1,74.5,,-180,-1320,23,,590,1720,30
OPTU|1|TUK|Turbat~3|59848|30289|152|08R,2750,45,1,1;08L,1829,30,1,1,83,,60,-770,147,,260,1030,152
#PK|M
OP12|||Shamsi~9|78465|51600|769|04,2780,30,1,0,38.7,,-970,-910,,,990,850
OPJA|1|JAG|Shahbaz~d|82842|84497|56|15L,3073,24,1,0,147.3,,1180,-690,,,-1150,1000;15,3060,45,1,1,147,,1150,-830,57,,-1150,840,58
OPMJ|1|MJD|Moenjodaro~1|73352|81431|47|08,1985,30,1,1,77,,-210,-970,47,,200,960,46
OPMR|||Masroor~d|48936|69388|11|09,2750,61,2,1,89.9,,490,-1250,11,,490,1470,11;04,2628,37,1,1,45,,-1340,-770,11,,320,1060,11
OPNH|1|WNS|Shaheed Benazirabad~1|62194|83901|29|02,2743,46,2,1,21,,-1160,-490,29,,1160,480,29
OPPG|1|PJG|Panjgur~1|69545|41325|1002|13,1524,23,1,0,131.9,,460,-570,994,,-450,570,1002
OPPI|1|PSI|Pasni~1|52905|33451|10|06,2743,46,1,1,58.4,,-680,-1220,4,,610,1090,4
OPSF|||Faisal~d|48742|71185|9|08,2457,46,1,1,79,,-210,-1190,,,210,1190
OPSK|1|SKZ|Begum Nusrat Bhutto International Airport Sukkur|77220|87917|60|14,2743,30,1,1,140.5,,950,-890,60,,-960,890,59
OPSN|1|SYW|Sehwan Sharif~1|64731|77172|37|17,2000,,2,0
OPSU|1|SUL|Sui~1|86451|91769|233|01L,1829,30,1,0,6.3,,-780,-140,,,860,60;01,1516,46,8,0,6.3,,-710,-40,,,650,130
#PK|S
OP10|OPKW|KCF|Thar~1|72032|91488|51|12,1473,26,1,0,120.3,,70,-140,,,-600,1140
OP16|||UEPL Khaskheli~6|47872|85572|5|06,1199,20,1,0,57.6,,-290,-510,,,290,500
OP17||DDU|Dadu West~1|67408|76666|39|17,1598,23,1,0,167.3,,700,-170,,,-700,180
OP1A|OPBT||Jam Nida Northwest~1|61981|75037|127|17,1667,30,1,1,171,,750,-130,121,,-740,130,128
OP28|||Dhingar~1|99233|67461|1590|15,2469,18,2,0,151,,980,-620,,683,-970,620,,969
OP31|||Kashmor~1|84706|95991|79|03,1181,22,1,0,29.4,,-470,-300,,,460,290
OP32|||Khairpur~1|80361|96749|91|07,914,20,1,0,66,,-170,-430,,,160,420
OP33|||Kandhkot~1|82740|92760|76|05,1177,24,1,0,61,,-250,-530,,,260,520
OP34|||Nok Kundi~1|88194|27307|679|17,1134,27,1,0,173,,510,-70,,,-500,70
OP35|||Juzzak~1|90405|16474|872|18,1529,30,1,0,181,,690,20,,,-690,-20
OP36|||Robray~1|62517|31299|561|02,1507,49,6,0,18.8,,-570,-210,,,750,290;07,1361,39,6,0,75.4,,-140,-680,,,160,620
OP37|||Pano Aqil Southeast~1|78131|91671|61|14,1833,46,0,0,140,,630,-610,,,-630,600
OPDB|1|DBA|Dalbandin~1|88783|43998|853
OPGW|OPGD||Gwadar International Airport (Old)|52330|23287|11|06,1982,23,1,0,63,,-280,-590,29,,350,750,29
OPKA|1||Cape Monz~1|48284|66660|12
OPKD|1|HDD|Hyderabad~1|53181|83661|40|02,2133,30,1,0
OPKE|1||Chore~1|55260|97718|61
OPKF|1||Gharo~1|47290|75876|6
OPKH|1|KDD|Khuzdar~1|77906|66473|1223|12,1829,,0,0,,,,,1209,,,,1199
OPMP|1|MPD|Sindhri Tharparkar~1|56828|90728|16
OPOR|1|ORW|Ormara~1|52766|45883|3|06,1524,,0,0,,,,,3,,,,1
OPSB|1|SBQ|Sibi~1|95712|78479|133
OPSW|1|RZS|Sawan~1|69662|88781|49|03,1665,30,1,0
OPTH|1|BDN|Talhar~1|48415|88384|9|06,2733,23,1,0,60.7,,-600,-1180,,,610,1180
OPTT||TFT|Taftan~1|89642|15954|836
PK-REQ||REQ|Reko Diq~1|90469|21968|849|18,1700,30,1,0,175,,732,-77,852,,-754,82,843
