#CN|H
CN-0122|||Fuzhou Zhuqi~2|61240|91139|61
#CN|L
ZGDY|1|DYG|Zhangjiajie Hehua~3|91047|4428|2600|08,2600,45,0,0,,,-463,-1214,,,114,1372
ZGGG|1|CAN|Guangzhou Baiyun~3|33924|32990|15|02L,3800,60,1,1,14,,-1670,600,14,,1650,1500,14,213;02R,3800,60,2,1,14,,-2290,900,14,,1040,1800,15;01R,3600,45,2,1,14,,-1560,-1500,12,,1601,-705,13;03,3600,45,2,1,14,193,-3762,2014,15,,-608,2867,15;01L,3400,45,2,1,,,-1171,-2371,13,,1808,-1567,13
ZGHA|1|CSX|Changsha Huanghua~3|81892|32200|66|18L,3800,60,2,1,177,,1990,241,65,,-1434,451,57;18R,3200,45,1,1,177,,1170,-100,66,,-1180,0,60
ZGKL|1|KWL|Guilin Liangjiang~3|52198|396|174|01,3200,45,2,1,5,,-1430,-160,174,,1090,40,172
ZGOW|1|SWA|Jieyang Chaoshan~3|35520|65033||04,3200,45,2,1,40,,-970,-830,,,960,870,5
ZGSD|1|ZUH|Zhuhai Jinwan~1|20064|33760|7|05,4120,45,1,1,,,-1090,-1133,,,1477,1600
ZGSZ|1|SZX|Shenzhen Bao'an~3|26395|38033|4|16L,3800,60,2,1,155,,1496,-1845,1,,-1562,-168,1;16R,3600,45,2,0,153,,1956,-2696,4,,-942,-1108,4;15,3400,45,2,1,155,,1350,-30,4,,-1390,1470,4
ZGZJ|1|ZHA|Zhanjiang Wuchuan~3|14817|5903||15,3200,,0,1
ZSAM|1|XMN|Xiamen Gaoqi~3|45439|81275|18|05,3400,45,1,1,53,,-930,-1250,17,149,950,1350,11,201
ZSCN|1|KHN|Nanchang Changbei~3|88648|59027|44|03,3400,45,2,1,23,,-1140,-870,37,,1180,330,43
ZSFZ|1|FOC|Fuzhou Changle~3|59293|96725|14|03,3600,45,2,1,27,,-891,-1719,6,,2004,-87,14;03R,3600,60,2,3;04,3600,45,2,1,27,,-1759,-56,7,,1135,1575,8
ZSQZ|1|JJN|Quanzhou Jinjiang~3|47959|85886|12|03,2600,50,1,1,34,,-884,-590,5,,1141,713,5
ZSTX|1|TXN|Huangshan Tunxi~3|97333|82560||13,2600,45,1,1,,,761,-1040,133,,-683,1080,133
#CN|M
CN-0055|||Changsha Datuopu Airport / Changsha~d|80685|29573|52
CN-0063|||Guiping Mengxu~d|33308|90|52
CN-0071|||Leiyang~d|65872|28920
CN-0079|ZGSG|HSC|Shaoguan Danxia~1|49786|34210|85|15,2800,,0,1
CN-0080|||Suixi~d|13958|2000||11,2800,50,0,0,105,,,,20,,,,20
CN-0081|ZSGS|JGS|Jinggangshan~1|68569|47370|86|08,2600,,2,1
CN-0138|||Xincheng~d|55483|46190
CN-0149|||Fuzhou~d|60039|93128|6|08,2400,50,2,1,80
CN-0152|||Huian~d|50261|88070|23
CN-0158|||Longtian~d|55728|94600|4
CN-0163|||Nanchang Xiangtang~d|84212|59234|23
CN-0182|||Zhangshu~d|80233|55496|35
CN-0253||JDE|Jiande Qiandaohu General~1|93609|91808|76
CN-0396|||Shaodong~1|72235|16741
CN-0401|||Ningxiang~1|79876|26050
ZGCD|1|CGD|Changde Taohuayuan~1|89189|16400|39|02,2550,,0,1
ZGCZ|1|HCZ|Chenzhou Beihu~1|57534|28454|326|07,2600,,0,0
ZGFS|1|FUO|Foshan Shadi~1|30825|30708|2|01,2800,55,0,1
ZGHZ|1|HUZ|Huizhou Pingtan~1|30500|46000|15|09,2400,,0,1
ZGLG|1|LLF|Yongzhou Lingling~1|63387|16100|104|18,2600,48,0,1
ZGSY|1|WGN|Shaoyang Wugang~1|68061|6410|440|03,2600,45,0,0
ZGWZ|1|WUZ|Wuzhou Xijiang~1|34032|10933|109|04,2500,36,1,1
ZGYL|1|YLX|Yulin Fumian~1|24330|1200|100|04,2600,45,2,1
ZGYY|1|YYA|Yueyang Sanhe~1|93117|32816|70|18,2600,,0,0
ZSJD|1|JDZ|Jingdezhen Luojia~1|93386|71760|34|04,2400,,2,1
ZSJU|1|JUZ|Quzhou~1|89661|88988|65|06,1900,,0,1
ZSLO|1|LCX|Liancheng Guanzhishan~1|56759|67459|373|03,2400,,2,1
ZSSM|1|SQJ|Sanming Shaxian~1|64263|78336|253|06,2600,,0,1
ZSSR|1|SQD|Shangrao Sanqingshan~1|83797|79643|104|06,2400,45,2,1
ZSWY|1|WUS|Nanping Wuyishan~1|77019|80010|187|03,2400,,0,1
ZSYC|1|YIC|Yichun Mingyueshan~1|78025|43062|131|06,2400,,0,1
#CN|S
CN-0036|||Shantou Waisha~1|34269|67620|9|04,2500,45,2,0,39,,-860,-800,6,,890,800,3
CN-0347|ZSRJ|JRJ|Ganzhou Ruijin~1|59602|60770|229
CN-0422|ZSLI|LIJ|Lishui~1|83727|98390
CN-0423||YHJ|Nanchang Yaohu~1|87010|61077
ZGHY|1|HNY|Hengyang Nanyue~1|67221|26180||04,2600,,0,1
ZGMX|1|MXZ|Meizhou Meixian Changgangji~3|42634|60979|95|04,2400,,1,1
ZGXN|1|XIN|Xingning~d|41492|57580
ZSGZ|1|KOW|Ganzhou Huangjin~1|58533|47789|118|07,2600,,0,1
ZSJJ|1|JIU|Jiujiang Lushan~1|94769|58011||04,2800,50,2,1
#CN|W
CN-0412||ZGN|Zhongshan Ferry Port|25193|33613
#HK|H
VHST|VHSS|HHP|Shun Tak~2|22889|41524|33
#HK|L
VHHH|1|HKG|Hong Kong~3|23118|39149|9|07C,3800,60,1,1,71,,-140,-1890,7,172,980,1610,7,177;07L,3800,60,1,1,74,,927,-3421,7,,2051,66,7;07R,3800,60,1,1,71,,-1560,-1690,9,160,-437,1792,8
#HK|M
VHSK|1||Shek Kong~d|24366|40800|15|11,1884,34,1,0,111,,310,-800,8,305,-310,900,20,328
#MO|H
XZM||XZM|Macau Heliport at Outer Harbour Ferry Terminal|21962|35594
#MO|L
VMMC|1|MFM|Macau~3|21496|35920|6|16,3214,45,2,1,160.2,,1270,-600,6,364,-1460,500,6,370
#TW|H
RCNO|1||Dongji~2|32581|96676
#TW|L
RCQC|1|MZG|Penghu Magong~1|35687|96280|31|02,3000,45,2,1,18.2,,-1290,-400,31,,1280,500,12
#TW|M
RCBS|1|KNH|Kinmen~1|44279|83590|28|06,3000,45,1,1,64,,-610,-1300,23,480,600,1300,15
RCFG|1|LZN|Matsu Nangan~1|61597|99584|71|03,1579,30,2,1,26.2,,-630,-340,67,120,650,360,66,120
#TW|S
RCCM|1|CMJ|Qimei~1|32131|94175|19
RCLM|1|DSX|Dongsha Island (Pratas Island)~1|7066|67210|3|11,1550,,2,0
RCWA|1|WOT|Wang'an~1|33691|95036|35|02,930,23,2,1,20.9,,-380,-160,,55,400,140,,55
