#CN|L
ZSNB|1|NGB|Ningbo Lishe~3|98267|14620|4|13,3200,45,2,1,123,,790,-1400,4,150,-790,1400,4
ZSWZ|1|WNZ|Wenzhou Longwan~3|79106|8535|4|03,3200,45,2,1,,,-1483,-900,,,1062,637
ZSYW|1|YIW|Yiwu~1|93421|312|80|02,3000,45,1,1,,,-1227,-449,78,,1343,519,78
ZSZS|1|HSN|Zhoushan Putuoshan~3|99339|23623|2|18,2500,45,2,1,,,,,,,,,,102
#CN|M
CN-0165|||Ningbo Zhuangqiao~d|99228|15740
ZSLQ|1|HYN|Taizhou Luqiao~1|85622|14290||03,2500,,0,1
#CN|S
CN-0238||HEW|Dongyang Hengdian General~1|91226|2429|111
#JP|L
ROAH|1|OKA|Naha~3|61924|76398|4|18L,2999,46,1,1,177,,1690,520,3,42,-1010,620,3;18R,2700,60,1,0,177,,1070,-780,5,,-1370,-580,4
RODN|1|DNA|Kadena~d|63517|77694|44|05L,3688,91,1,1,51,,-550,-1840,19,,1550,1060,39;05R,3688,61,2,1,51,,-770,-1440,23,,1330,1460,41
#JP|M
RJKA|1|ASJ|Amami~1|84306|97130|8|03,1999,46,1,1,26,,-810,-501,8,,810,400,4
RJKB|1|OKE|Okinoerabu~1|74316|87056|31|04,1350,45,1,1,34,,-580,-460,30,,320,239,24
RJKI|1|KKX|Kikai~1|83213|99280|6|07,1313,30,1,1,65.9,,-290,-699,6,56,200,500,5,56
RJKN|1|TKN|Tokunoshima~1|78364|88814|5|01,2000,46,1,1,6,,-900,-140,5,,900,60,4
ROIG|1|ISG|New Ishigaki~1|43964|42450|31|04,2000,45,2,1
ROKJ|1|UEO|Kumejima~1|63634|67138|7|03,2000,45,1,1,21.2,,-830,-380,7,,850,320,6
ROMY|1|MMY|Miyako~1|47828|52950|46|04,1999,46,1,1,37.8,,-710,-600,38,,710,600,46
RORE|1|IEJ|Iejima~1|67225|77868|75|05,1512,28,0,2,41.6,,-590,-1380,,,410,-380;04,1500,46,1,0,39.2,,-490,-580,65,,560,420,75
RORS|1|SHI|Shimojishima~1|48267|51450|16|17,3000,61,1,1,166,,1330,-400,5,,-1290,400,16
RORT|1|TRA|Tarama~1|46538|46755|11|18,1500,45,1,1,172.4,,680,-150,10,,-660,50,11
RORY|1|RNJ|Yoron~1|70438|84016|16|14,1323,30,1,1,138.1,,460,-460,11,61,-430,441,16,61
ROTM|||Futenma Marine Corps Air Station|62743|77560|75|06,2743,46,1,1,55,,-740,-1100,72,,710,1200,75
ROYN|1|OGN|Yonaguni~1|44673|29798|21|08,1500,46,1,1,75.3,,-210,-880,22,,140,520,15
#JP|S
RODE|||Iejima Auxiliary~d|67260|77652|56|04,1457,46,0,0,41.9,,-510,-620,45,,620,580,56;05,366,55,13,0,43.2,,380,-820,,,620,-520
ROKR|1|KJP|Kerama~1|61683|72934|48|02,800,25,3,0,,,,,46,,,,49
RORA|1|AGJ|Aguni~1|65928|72403|12|01,800,,0,0,,,,,13,,,,8
RORH|1|HTR|Hateruma~1|40598|38056|13|02,800,,0,0,,,,,13,,,,9
#PH|M
RPLT|1||Itbayat Jorge Abad~1|7225|18100|100|18,801,,2,0
RPUO|1|BSO|Basco~1|4513|19800|89|06,1250,30,1,0,55,,-300,-500,,,310,400
#TW|H
RCLC|1||Xiaoliuqiu~2|23499|3759
#TW|L
RCKH|1|KHH|Kaohsiung~3|25771|3500|9|09,3150,60,2,1,91.9,,50,-1500,6,160,-50,1500,9,450
RCMQ|1|RMQ|Taichung International Airport / Ching Chuang Kang~d|42647|6210|202|18,3658,45,2,1,176.5,,1680,-100,199,,-1620,100,202
RCNN|1|TNN|Tainan International Airport / Tainan~d|29504|2060|19|18L,3050,45,2,1,178.7,,1390,100,19,,-1370,200,10;18R,3050,45,2,1,178.6,,1370,-200,17,,-1380,-200,8
RCSS|1|TSA|Taipei Songshan~3|50672|15528|5|10,2605,60,1,1,92,,270,-1280,4,,190,1320,4
RCTP|1|TPE|Taiwan Taoyuan~3|50777|12330|32|05L,3660,60,2,1,49.3,,-480,-1700,22,,1677,1038,19;05R,3350,60,2,1,49.3,,-1686,-951,32,106,560,1900,29,356
RCYU|1|HUN|Hualien Chiashan~1|40232|16180|16|03,2750,45,1,0,26,,-1060,-700,14,,1150,500,16;03R,2745,23,1,0,26.2,,-1220,-500,13,200,1020,700,15,100
#TW|M
RCAY|1||Gangshan Air Force Base|27825|2630|10|18R,2444,44,2,1,181,,1030,-100,,,-1180,-200;18L,2266,44,1,1,181,,1110,100,10,,-940,100,10
RCDC|1||Pingtung Air Force Base|26726|4617|24|09,2386,45,1,1,87.9,,-60,-1170,22,,20,1130,24
RCFN|1|TTT|Taitung~1|27549|11018|44|04,2438,45,1,1,38.8,,-850,-780,44,,870,720,40
RCKU|1|CYI|Chiayi~1|34626|3905|26|18R,3050,45,2,1,180,,1470,-50,23,61,-1270,50,26,61;18L,1618,23,1,0,179.4,,470,450,18,,-990,450,20
RCKW|1|HCN|Hengchun~1|20411|7300|14|14,1700,30,2,1,139,,570,-500,9,,-580,600,14
RCLY|1|KYD|Lanyu~1|20270|15350|13|13,1174,24,2,0,130.2,,550,-600,13,46,-180,300,12,30
RCMT|1|MFK|Matsu Beigan~1|62241|27|12|03,1150,30,2,1,27.1,,-460,-270,12,,470,230,12
RCPO|1|HSZ|Hsinchu~d|48180|9390|8|05,3644,45,1,1,44.8,,-1160,-1200,5,,1170,1300,8
RCQS|1||Chihhang~d|27931|11820|37|04,3370,45,2,1,34.6,,-1230,-900,12,,1230,900,37
RCSQ|1||Pingtung Air Force Base North|27002|4820|30|08,2442,45,2,1,78,,-250,-1100,26,,210,1200,30
TW-0004|||Zuoying Naval~9|27050|2810|5
#TW|S
RCGI|1|GNI|Lüdao~1|26739|14660|9|17,992,23,1,0,164.4,,450,-100,9,,-460,200,8
