#IN|L
IN-0392|VIND|DXN|Noida~3|81799|76118|196|10,3955,45,1,1,102,,357,-1936,199,,-359,1950,198
VAAH|1|AMD|Sardar Vallabh Patel~3|30772|26347|58|05,3505,46,1,1,45,,-1120,-1200,55,,1120,1190,58
VABO|1|BDQ|Vadodara~3|23362|32263|39|04,2469,46,1,1,44,,-800,-830,38,213,790,830,39
VABP|1|BHO|Raja Bhoj~3|32875|73374|522|12,2750,45,1,1,118,,390,-1340,522,,-470,430,521;06,1042,45,1,3,55,,-230,30,,130,300,870,,130
VAHS|1|HSR|Rajkot~3|23788|10394|197|05,3040,45,1,1,,,-883,-1063,180,,951,1133,198
VAID|1|IDR|Devi Ahilya Bai Holkar~3|27214|58005|564|07,2754,45,3,1,65,,-390,-950,562,,470,1060,560
VANP|1|NAG|Dr. Babasaheb Ambedkar~3|10922|90472|315|14,3200,46,1,1,143.4,,1680,-1340,315,,-640,510,307;09,1938,46,1,2,84,,-90,-990,309,16,80,880,301
VAOZ|1|ISK|Nashik~3|1191|39129|579|09,3000,45,3,1,85,,-130,-1420,,,130,1420
VASU|1|STV|Surat~3|11155|27433|5|04,2905,45,1,1,43,,-510,-510,,,220,210
VIDP|1|DEL|Indira Gandhi~3|85556|70952|237|11R,4430,60,1,1,103,,-843,-2971,219,640,-1787,1433,237,1460;11L,4400,45,1,0,103,,-547,-2702,228,,-1485,1668,228;10,3810,45,1,1,105,,1160,-1040,219,,290,2730,237;09,2813,45,1,1,92,,1490,-720,219,,1420,2180,229,152
VIHR|1|HSS|Maharaja Agrasen~3|91861|57414|213|12,3120,46,1,1,120,,-390,850,,,-940,1930
VIJP|1|JAI|Jaipur~3|68242|58122|385|08,2797,45,1,1,84,,-130,-1400,385,,130,1400,381;15,1592,45,1,0,144.1,,1090,-1760,,,-70,-820
#IN|M
IN-0065|VAAM|AVR|Amravati~1|8146|77178|343|08,1850,45,1,0,75,,-255,-70506,344,65,172,1212,345
IN-0369|||Sant Gadge Baba Yavatmal~1|3958|82163|428|08,2300,,1,0
VAAK|1|AKD|Akola~1|6989|70569|304|10,1402,44,1,0,103.3,,140,-390,304,,-110,740,304
VABV|1|BHU|Bhavnagar~1|17522|21852|13|07,1920,46,1,1,67.9,,-320,-800,12,261,330,910,7
VADN|1|NMB|Daman~1|4344|28432|10|03,1801,46,1,1,25.3,,-1140,-570,,200,330,170;09,1000,24,1,0,94.1,,50,-770,,,-20,190
VAJM|1|JGA|Jamnagar~1|24655|126|21|06,2512,45,2,1,61,,-820,-1620,21,,260,520,20;12,2510,45,1,0,116,,550,-1180,21,,-460,990,20
VAKE|1|IXY|Kandla~1|31127|1003|29|05,1523,29,2,0,50,,-440,-570,29,,440,570,29
VAKJ|VEKO|HJR|Khajuraho~1|48172|99186|222|01,2274,45,1,1,13.4,,-1000,-260,222,457,1000,260,210
VAKS|1|IXK|Keshod~1|13171|2704|51|05,1372,46,1,1,50.3,,-400,-510,51,,400,510,49
VARK|1|RAJ|Rajkot~1|23092|7795|134|05,1841,45,1,1,47,,-570,-650,134,95,560,650,129,91
VAUD|1|UDR|Maharana Pratap~1|46177|38961|513|08,2281,46,1,1,82,,-150,-1120,512,155,150,1120,507
VIAG|1|AGR|Agra Airport / Agra Air Force Station|71580|79610|168|05,2743,45,2,1,45.8,,-860,-950,167,,860,1040,168,305;12,1818,45,2,1,116.1,,320,-840,167,290,-400,810,168
VIBK|1|BKB|Nal~1|80706|32072|229|05,2731,45,1,1,45,,-890,-990,,,890,990
VIBY|1|BEK|Bareilly Air Force Station|84221|94508|177|11,2743,46,2,1,112,,460,-1290,,,-470,1300
VIDD|1||Safdarjung~1|85855|72036|215|12,1378,46,1,0,125,,260,-350,215,79,-460,790,212,466
VIGR|1|GWL|Gwalior~1|62933|82278|188|06,2743,46,2,1,60.8,,-600,-1200,,,610,1190
VIJO|1|JDH|Jodhpur~1|62511|30489|219|05,2745,46,1,1,44.8,,-880,-970,219,,880,960,210
VIJR|1|JSA|Jaisalmer~1|68887|8650|229|04,2743,46,2,0,43,,-910,-940,,,900,930
VIKG|1|KQH|Kishangarh Airport Ajmer|65910|48130||05,2152,46,2,0
VIKO|1|KTU|Kota~1|51602|58456|273|08,1243,46,1,0,76,,-130,-600,272,,140,600,272,113
VIMB|1|MZS|Moradabad~1|88175|89219|194
VIPT|1|PGH|Pantnagar~1|90334|94737|234|10,1372,30,1,0,98,,70,-560,233,,-70,570,233
VISA|||Sirsa Air Force Station|95606|50061|198|05,2739,43,1,1,52.9,,-750,-1130,,30,740,1130
#IN|S
IN-0023|||Amreli~1|16214|12263|130|04,1402,27,1,0,44,,-460,-470,129,,450,460,128
IN-0085|||Fury~1|64341|31015|234|02,1395,50,1,0
IN-0177|||Mehsana~1|36012|23740||05,975,30,1,1,45,,-306,-349,88,91,297,341,88,131
IN-0363|||Dhule~1|9265|47371|280|09,1254,30,1,1,95,,50,-600,280,,-50,600,280
IN-0364|||Abu Road~1|44942|27815|267|08,1139,15,1,0,81,,-80,-550,,60,90,560,,60
IN-VA38|||Sirohi~1|48951|28459|305|13,1762,15,1,0,128.8,,500,-680,,,-500,680
IN-VA51|||Banswara~1|35893|43140|213|10,1260,17,1,0,99.7,,130,-740,,,-60,480
VA1C|||Birlagram~1|34469|54203|470|14,1490,24,1,0,140.3,,520,-470,,50,-510,460,,318
VA1H|||Ondwa~1|51415|46115|442|18,1187,30,1,0,173,,530,-80,,,-530,70
VA1J|||Dhana~1|37536|88558|520|17,994,23,1,0,172,,440,-70,,,-440,60
VA1L|||Amla~1|19264|81136|742|08,695,53,1,0,81.5,,-80,-330,,,20,340
VA1N|||Nimach~1|44308|48678|493|14,1100,29,1,0,139.9,,380,-350,,,-380,350
VA1P|VADU|DIU|Diu~1|7142|9219|9|05,1823,45,1,0,51.7,,-620,-760,,,400,610;13,1084,30,1,0,131,,410,-570,,,-240,210
VA2A|||Phalodi~1|71129|23890|238|11,1087,17,1,0,116.4,,220,-490,,,-210,490
VA2B|||Dr. Bhimrao Ambedkar~6|89049|76775|223|11,1562,23,1,0,111.4,,260,-760,,61,-260,730
VA2D|||Ratlam~1|33814|50256|519|08,1144,23,1,0,77,,-110,-540,,,120,550
VADS|||Deesa~1|42679|22044|148|06,1006,20,1,0,52.7,,-270,-390,,,280,400
VAGN|1|GUX|Guna~1|46547|73473|488|14,914,14,1,0,141,,320,-280,,,-320,290
VAJL|1|JLG|Jalgaon~1|9627|56275|249|09,1700,45,1,1,89,,48,-799,252,581,-54,833,244,179
VE85|||Bentayan~1|30951|58853|508|13,1064,21,1,0,127.2,,290,-420,,,-300,410
VE96|||Thuniabhand~1|20016|89172|665|10,1154,30,1,0,104,,140,-540,,,-130,540
VI00|||Saifai~1|69202|90628||15,2500,,1,0
VI20|||Narnaul~1|80771|62050|291|09,1061,24,1,0,89,,-10,-540,,,0,540
VI40|||Karnal~1|97147|70374|253|13,914,46,1,0,133.5,,230,-330,,,-340,360
VI43|||Suratgarh New~1|93878|39039|169|05,2740,45,1,1,50.3,,-790,-1090,,,790,1090
VI69|||Jhunjhunu~1|81067|53756|338|10,1392,41,1,0,104,,150,-690,,,-150,680
VI70|||Pilani New~1|83488|55937|335|11,1166,46,6,0,110.3,,180,-560,,,-190,550
VI73|||Nagaur~1|72083|37114|290|05,1174,17,1,0,47,,-360,-440,,,360,430
VI76|||Band Tal~1|60001|82618|241|08,1227,46,6,0,84.3,,-60,-610,,,50,610
VIAH|1|HRH|Aligarh~1|78614|81454|189|11,1488,23,1,0,,,242,-732,183,,-216,688,183
VIBW|||Bhiwani~1|88370|61791|219|12,1280,22,1,1,118,,240,-480,219,,-230,480,219
VIDX|1|HDO|Hindon Airport / Hindon Air Force Station|87077|73589|213|09,2743,46,1,1,90,,10,-1400,213,,-10,1400,214
VIJN|||Jhansi~1|54912|85584|244|15,1106,21,1,0,146.3,,410,-300,,,-420,310
VISP||SWN|Sarsawa Air Force Station|99943|74246|272|09,2743,46,2,1,90,,-40,-1350,,,-30,1490
VIUT|||Uttarlai~1|58130|14823|152|02,2744,46,2,1,20.3,,-1160,-480,,,1160,470
#PK|M
OPBW|1|BHV|Bahawalpur~1|93481|17180|119|08,2848,30,1,0,78.9,,-250,-1440,119,,250,1440,119
OPDG|1|DEA|Dera Ghazi Khan~1|99610|4859|150|18,1981,30,1,0,180.8,,890,20,150,,-890,-10,143
OPRK|1|RYK|Shaikh Zaid~1|83839|2796|83|01,3000,45,1,1,14.6,,-1310,-390,80,,1310,380,83
PK-0092|||Mai Bakhtawar~3|48469|961|55|07,2134,30,1,0
#PK|S
OP13|||Mad Jamu~1|83562|6002|78|08,2400,62,6,0,77.5,,-240,-1200,,,230,1190
OP22|||Rajanpur~1|92640|1864|122|02,3048,46,1,0,24.9,,-1250,-670,,,1240,670
OPBR||WGB|Bahawalnagar~1|99463|32491|152
