#BD|L
VGEG|1|CGP|Shah Amanat~3|22496|18133|4|05,2940,45,2,1,48,,-880,-1060,4,,880,1060,4
VGHS|1|DAC|Hazrat Shahjalal~3|38433|3978|9|14,3505,46,1,1,144,,1173,-930,8,,-1160,910,8
VGSY|1|ZYL|Osmany~3|49640|18647|15|11,2889,46,1,1,113,,430,-1110,15,311,-590,1530,15
#BD|M
VGBR|1|BZL|Barisal~1|28010|3012|7|17,1827,30,1,1,173.9,,820,-100,3,,-820,90,3
VGCB|1|CXB|Cox's Bazar~1|14575|19633|4|17,2070,38,1,0,169,,380,-130,4,,-1440,240,4
#BD|S
VGCM|1|CLA|Comilla~1|34401|11887|8
VGSH|1|ZHM|Shamshernagar~1|43983|19169|17
VGTJ|1||Tejgaon~1|37785|3827|7|17,2839,30,1,0,164.4,,1260,-370,,544,-1210,370,,306
#BT|M
VQGP|1|GLU|Gelephu~1|68846|4641|299|11,1500,35,1,0,118.3,,320,-660,299,,-320,670,265
#BT|S
VQBT|1|BUT|Bathpalathang~1|75622|7471|2586|14,1200,,1,0
VQTY|1|YON|Yongphulla~1|72563|15146|2743|12,1266,37,1,0,123.7,,330,-540,,,-300,520
#CN|L
ZULS|1|LXA|Lhasa Gonggar~3|92980|9120|3570|09,4000,45,2,1;10L,4000,45,2,1;10R,4000,45,1,1,89,,-24,-2032,3570,,37,2083,3567
#CN|M
ZPBS|1|BSD|Baoshan Yunrui~1|50533|91683|1662|01,2400,,0,0
ZPCW|1|CWJ|Cangyuan Washan~1|32763|93732||05,2600,45,2,0
ZPDQ|1|DIG|Diqing Shangri-La~1|77936|96772|3280|16,3550,,1,1
ZPJM|1|JMJ|Lancang Jingmai~1|24177|97840||12,2600,45,0,0
ZPMS|1|LUM|Dehong Mangshi~3|44011|85317|881|05,2200,,1,1
ZUNZ|1|LZY|Nyingchi Mainling~1|93033|43353|2949|05,3000,,0,0,,,,,2939,,,,2948
ZUTC|ZPTC|TCZ|Tengchong Tuofeng~1|49381|84858|1905|18,2350,,0,0
#CN|S
CN-0384||LCS|Longchuan Guangsong~1|42665|79048|1005
CN-0385||LFH|Lanping Fenghua General~1|66452|95442|2523
ZUSH|1|LGZ|Shannan Longzi~1|84224|23481|3950
#IN|H
IN-0032|||Saiha Helipad|24886|29869
#IN|L
VEGT|1|GAU|Lokpriya Gopinath Bordoloi~3|61067|15852|49|02,2743,46,1,1,22.8,,-1200,-460,49,,1080,600,49
VEIM|1|IMF|Bir Tikendrajit~3|47600|38967|774|04,2746,45,1,1,34.6,,-1020,-770,773,,1010,770,774
#IN|M
IN-0308|VEHO|HGI|Itanagar Donyi Polo Hollongi~1|69668|36388|100|08,2300,45,2,0
VEAN|1|IXV|Along~1|81753|48020|274|05,1120,30,1,0,54,,-70,-110,,,80,120
VEAT|1|IXA|Agartala - Maharaja Bir Bikram~1|38870|12404|14|18,2286,45,1,1,184,,1030,90,14,134,-1030,-80,14
VEBI|1|SHL|Shillong~1|57036|19787|887|04,1829,46,2,0,39,,-630,-570,887,305,640,580,883
VEJT|1|JRH|Jorhat~1|67305|41754|95|04,2743,46,2,1,44,,-780,-960,,40,990,980,,38
VEKR|1|IXH|Kailashahar~1|43087|20077|24|03,1006,30,1,0,26.7,,-460,-280,28,,350,170,27
VEKU|1|IXS|Silchar~1|49129|29787|107|06,1827,45,1,1,57,,-450,-750,99,,450,760,107,65
VELP|1|AJL|Lengpui~1|38406|26197|426|17,2500,45,1,1,171.4,,1120,-180,419,,-1120,190,425
VELR|1|IXI|Lilabari North Lakhimpur~1|72957|40973|101|04,2286,46,1,1,42.6,,-780,-750,101,120,740,820,101
VEMN|1|DIB|Dibrugarh~1|74839|50169|110|05,1829,45,1,1,45.4,,-590,-660,109,,580,660,110,183
VEMR|1|DMU|Dimapur~1|58839|37711|148|12,2290,45,1,1,118,,490,-960,143,360,-480,1060,148
VETZ|1|TEZ|Tezpur~1|67091|27847|73|05,2746,46,1,1,44,,-880,-960,,,890,970
VEZO|1|ZER|Ziro~1|75883|38281|1647|18,1222,30,1,0,183.4,,550,30,,,-550,-40
#IN|S
IN-0015|||Baljek~1|56615|3450
VE24|||Sookerating (Doomdooma)~1|75529|55706|122|03,2010,45,1,1,35,,-750,-580,,,740,590
VE67|||Mechuka Advanced Landing Ground|86025|41261|2408|10,1340,24,1,0,104,,390,-910,,,100,410
VE91|||Vijaynagar Advanced Landing Ground|71936|70037|1270|12,1213,21,1,0,120,,270,-530,,,-280,530
VEAZ|||Tuirial~9|37462|28028|333|01,1145,21,1,0,7,,-470,-80,,,550,70
VECA|1||Chabua Air Force Station|74622|51177|112|05,2744,45,1,1,49.7,,-800,-1060,,,800,1050
VEDZ|1|DEP|Daporijo~1|79855|42228|229|07,924,,0,0
VEKM|1|IXQ|Kamalpur~1|41343|18108|40|01,1372,,1,0
VEKW|1|IXN|Khowai~1|40619|16039|29|18,914,,0,0
VEPG|1|IXT|Pasighat~1|80648|53370|145|17,1006,,0,0
VETJ|1|TEI|Tezu~1|79412|61344|244|14/22,1372,,0,0
#MM|L
VYMD|1|MDL|Mandalay~3|17022|59779|91|17,4268,61,2,1,170.5,,1780,-350,91,,-2020,330,91
#MM|M
VYHH|1|HEH|Heho~1|7471|67920|1176|18,2591,45,1,1
VYKG|1|KET|Kengtung~1|13016|96360|853|12,2382,23,1,0,120.9,,550,-990,,,-550,990
VYLS|1|LSH|Lashio~1|29779|77522|747|01,1611,29,1,1,4.4,,-730,-60,,,720,60
VYMK|1|MYT|Myitkyina~1|53836|73519|145|04,1859,30,1,1,38.2,,-680,-540,,,680,630
VYML|||Meiktila~d|8864|58928|213
VYMO|1|MOE|Momeik~1|30925|66453|183|12,1371,31,1,0,115.9,,270,-600,,,-270,600
VYMS|1|MOG|Mong Hsat~1|5168|92568|572|12,1524,31,1,0,123,,370,-610,,,-380,620
VYNP|||Nampong~d|53544|72952|140|18,3360,58,1,0,180,,1510,-20,,,-1520,10
VYNS|1|NMS|Namsang~1|8905|77359|945|03,3659,61,2,1,27,,-1470,-800,,,1470,800
VYPT|1|PBU|Putao~1|73299|74263|457|17,2134,31,1,1,174.1,,950,-130,,,-940,130
VYST|||Shante~d|9417|59145|192|01,2591,46,2,1,6.6,,-1160,-140,,,1150,140
VYSW|1|AKY|Sittwe~1|1332|28707|8|11,1829,46,1,1,104,,150,-660,6,,-250,1050,9
VYTL|1|THL|Tachileik~1|4838|99354|390|04,2134,31,1,1,37.6,,-760,-630,390,,770,620,388
#MM|S
VY02|||New Magway~1|1536|49687|85|01,2591,30,2,0,9.2,,-1160,-200,,,1160,190
VYAS|||Anisakan~1|19554|64061|914|03,3054,62,2,0,25,,-1250,-630,,,1250,620
VYBG|1|NYU|Bagan~1|11788|49302|95|18,2591,30,1,1,180,,1160,0,,,-1170,-10
VYBM|1|BMO|Banmaw~1|42704|72476|113|15,1677,31,1,0,148.1,,500,-580,,,-780,290
VYCZ|1|VBC|Chanmyathazi~1|19405|60896|77|01,1981,30,1,1,8.1,,-880,-140,74,,890,130,74
VYFS||SRU|Surbung~1|29392|36153|1832
VYGG|1|GAW|Gangaw~1|21747|41344|61
VYHL|1|HOX|Hommalinn~1|48996|49140|163|16,3648,61,2,0,160.6,,1550,-600,,,-1550,600
VYHN|1|TIO|Tilin~1|17000|41000|422
VYKI|1|KHM|Kanti~1|59883|56744|1829
VYKL|1|KMV|Kalay~1|31888|40511|134|09,1677,31,1,0,93,,-20,-820,,,-90,820
VYKU|1|KYT|Kyauktu~1|14000|41333|381
VYLY|||Lanywa~1|9404|48226|53|18,1165,19,1,0,182.7,,520,30,,,-530,-30
VYMT|1|MGK|Mong Tong~1|2967|88989|561
VYMW|1|MWQ|Magway~1|1656|49414|85|01,2600,,2,0
VYMY|1|NYW|Monywar~1|22216|50935|91|18,2600,30,1,0
VYNU||NMT|Namtu~1|30830|73830|610
VYPK|1|PAU|Pauk~1|14492|44869|76
VYPU|1|PKK|Pakhokku~1|14043|51112|46|18,2600,,1,0
VYXG|||Kyaukhtu South~1|14067|41303|410|04,1999,31,2,0,40,,-660,-480,,,730,760
