#KW|L
OKKK|1|KWI|Kuwait~3|92245|79698|63|16,4580,60,1,1,155,,381,-2790,52,,-3364,-799,52;15L,3500,45,1,1,155,,1670,1360,49,,-1190,2890,63;15R,3400,45,2,1,155,,1600,-830,41,,-1180,650,52
#KW|M
OKAJ|1|XIJ|Ahmed Al Jaber~d|89348|77919|125
OKAS|1||Ali Al Salem~d|93469|75201|144|12L,2989,40,1,0,120.2,,760,-1200,144,,-600,1460,144;12R,2989,45,1,1,120,,560,-1330,136,,-790,1330,144
#KW|S
OKDI|||Udairi Army Air~a|96976|74360|131|18,1590,24,1,1,181.4,,720,20,130,144,-710,-20,131,141
#SA|L
OEAH|1|HOF|Al-Ahsa~3|52853|94852|179|16,3060,45,1,1,164.9,,1330,-400,179,,-1330,390,175
OEDF|1|DMM|King Fahd~3|64691|97982|22|16L,4000,60,1,1,165,,1950,550,18,,-1530,1620,22;16R,4000,60,1,1,165,,1950,-1680,15,,-1530,-610,17
OEGS|1|ELQ|Prince Naif bin Abdulaziz~3|63028|37744|648|15,3000,45,1,1,153,,1200,-740,648,,-1200,640,646
OEHL|1|HAS|Hail~3|74379|16863|1015|18,3720,45,1,1,184,,1680,120,1006,,-1670,-120,1015,355
OEPA|1|AQI|Qaisumah–Hafar Al-Batin~3|83357|61271|358|16,3050,45,1,1,158,,1317,-587,357,,-1237,571,358
OERK|1|RUH|King Khalid~3|49576|66988|625|15L,4205,60,1,1,150,,1930,320,620,,-1360,2400,613;15R,4205,60,1,1,150,,1330,-2390,625,,-1960,-310,620
OESK|1|AJF|Al-Jawf~3|97833|1009|689|10,3661,45,1,1,99.8,,460,-1960,689,,-100,1780,689
OETF|1|TIF|Taif~3|14847|5441|1478|07,3735,45,1,1,74.7,,-740,-2350,1478,,160,1140,1444;17,3350,45,1,1,172.2,,2170,-320,1449,,-830,130,1455
#SA|M
OEBA|1|ABT|King Saud Bin Abdulaziz (Al Baha)~1|2985|16362|1672|07,3350,45,1,1,70.8,,-730,-1710,1671,240,260,1320,1655,240
OEDM|1|DWD|Dawadmi Domestic~1|44499|41212|922|15,3050,45,1,1,153.8,,1230,-670,919,,-1240,660,924
OEJB|||Jubail~1|70390|94051|8|17,4000,45,1,1,167,,1760,-450,6,,-1750,450,8
OEKK|1|KMC|King Khaled Military City~1|79009|55282|412|13,3659,45,1,1,129.9,,1060,-1430,412,,-1060,1430,410
OEPS|1|AKH|Prince Sultan~d|40627|75805|503|17L,4000,45,1,1,175,,1834,-143,488,,-1768,174,503;17R,4000,45,1,0,,,3312,-3836,489,,-288,-3518,489
OERF|1|RAH|Rafha Domestic~1|96264|34906|449|11,2997,45,1,1,114,,530,-1410,445,,-540,1430,449
OERM|1||Ras Mishab~1|80796|86110|4|16,3370,30,1,1,164,,1460,-490,4,162,-1460,480,3
OETN|1||Ras Tanajib~1|78678|87691|9|15,2440,30,1,1,154.2,,1000,-540,6,,-990,550,8
OEWD|1|WAE|Wadi Al Dawasir Domestic~1|5043|51996|628|10,3050,45,1,1,102,,280,-1430,628,,-290,1420,625
SA-0094|OESN||King Salman~d|44653|66593
#SA|S
OE43|||Arfa~1|13236|11983|1266|11,2050,25,1,0,114,,370,-910,,,-380,900
OE45|||Aramco Ras Khafji~1|83899|85165|15|17,1742,21,1,0,172,,780,-120,,,-780,120
OE46|||Al Lidem~1|4759|47575|678|11,1635,41,1,1,115,,310,-710,,,-310,710
OE47|OEKJ||Al Kharj~1|40607|74108|457|17,3200,46,0,0,173,,,,454,,,,461
OE50|OEJL||King Abdulaziz Naval Base|69416|97041|3|15,2430,45,1,1,145.8,,910,-700,,,-900,690
OE51|||Al Kharj East~1|40515|76542|503|17,1294,18,1,0,175.7,,590,-50,,,-580,50
OE52|||Al Artawiyah South~1|66116|53220|579|03,2103,46,1,0,33,,-750,-630,,,840,560
OE53|||King Abdul Aziz Military Academy~1|49421|63912|738|15,2295,25,1,0,150.7,,910,-550,,,-900,560
OE54|||Hafar Al Atk~1|59934|65367|600|15,2230,45,1,0,151.6,,890,-530,,,-880,530
OEAA|1||Abu Ali~1|73187|95867|21|15,1511,27,1,0,149,,620,-350,4,,-550,430,3
OEBQ|1||Abqaiq~1|59113|95912|70|15,1852,34,1,1,150.2,,720,-460,70,,-730,460,71
OEHR|1||Haradh~1|40965|92243|34|16,2440,,0,0,,,,,280,,,,278
OEHW|1||Hawtah~1|29678|68995|637|15,2590,30,1,1,150,,1020,-640,637,,-1030,620,632
OEKF|||King Faisal Air Academy~1|60853|51967||15L,3700,45,1,0,150,,1519,-276,736,,-1377,1570,742;15R,2500,45,1,0,150,,834,-1593,738,,-1122,-346,740
OEKR|||Old Khurais~1|50696|81949|396|16,1905,30,1,0,162.6,,810,-280,396,,-820,290,396
OEPC|1||Pump Station 3~1|51745|74884|530|14,2440,35,1,1,142,,870,-740,529,,-860,740,531
OEPF|1||Pump Station 6~1|47103|49645|771|17,2440,35,1,1,168.2,,1080,-240,772,,-1070,250,769
OEPI|1||Pump Station 9~1|42761|21437|914|17,2441,30,1,1,167.7,,1080,-250,904,,-1080,260,904
OEPJ|1||Pump Station 10~1|41073|10360|866|18,1950,35,1,1,178,,870,-20,863,,-890,30,866
OEPK|1||IPSA 3~1|79542|67426|305|16,1831,30,1,1,163.5,,790,-260,,,-790,270
OESL|1|SLF|As-Sulayyil~1|4647|56196|616|10,3005,45,1,0,101.2,,270,-1410,,,-260,1420
OETH|1||Thumamah~1|52130|66408|570|17,4014,61,1,1,171,,1790,-300,,,-1790,330
OEUD|1||Udhailiyah~1|51511|93288|231|18,2186,30,1,1,179,,980,-20,233,,-990,10,234
OEZL|1|ZUL|Zilfi~1|63500|48330|579|,1615,,0,0
SA-0010|OEKN||Khurais~1|52653|81783||16,2430,,1,0
