#BD|M
VGIS|1|IRD|Ishurdi~1|41525|90494|14|15,1433,24,2,0,154,,580,-310,14,,-580,310,14
VGJR|1|JSR|Jessore~1|31838|91608|6|16,2438,46,1,1,157.5,,1000,-450,6,,-1000,450,6
VGRJ|1|RJH|Shah Makhdum~1|44372|86165|20|17,1829,30,1,1,170.1,,810,-150,17,,-810,160,17
VGSD|1|SPD|Saidpur~1|57592|89089|38|16,1829,30,1,1,159.6,,780,-320,38,,-770,320,38
#BD|S
VGLM|1||Lalmonirhat~1|58876|94313|32
VGSG|1|TKR|Thakurgaon~1|60164|84021|54
#BT|L
VQPR|1|PBH|Paro~3|74032|94246|2245|15,2265,30,1,1,151,,896,-554,2244,165,-881,577,2228,119
#CN|L
ZURK|1|RKZ|Xigaze Peace Airport / Shigatse~d|93509|92992|3782|09,5000,60,2,0;07,3000,11,2,0
#CN|M
CN-0236|ZUDR|DDR|Shigatse Tingri~1|86046|67980|4300|09,4500,45,2,1
#IN|H
VEKH|1||Katihar~2|56146|75554|34
#IN|L
VEBD|1|IXB|Bagdogra~1|66812|83286|126|18,2754,46,1,1,181,,1240,30,,,-1230,-40
VEBN|1|VNS|Lal Bahadur Shastri~3|54522|28625|81|09,2745,45,1,1,93,,70,-1390,80,233,-40,790,81
VEBS|1|BBI|Biju Patnaik~3|2510|58147|42|14,2744,46,1,1,144,,620,-690,35,,-1010,580,37;05,1379,46,1,0,51.4,,-1080,-240,34,61,-260,850,42,61
VECC|1|CCU|Netaji Subhash Chandra Bose~3|26540|84476|5|01R,3633,46,1,1,6,,-1180,-130,6,,2080,250,6,424;01L,2832,46,1,1,6,,-1380,-360,6,,770,-110,6
VILK|1|LKO|Chaudhary Charan Singh~3|67606|8893|125|09,2742,45,1,1,89,,-20,-1380,123,157,20,1380,122
#IN|M
IN-0025|VEAY|AYJ|Maharshi Valmiki~3|67477|21637|102|11,2250,45,2,1,114,,,,100,,-335,880,100
IN-0393|VEAP|AHA|Maa Mahamaya~1|29875|31961|588|16,1920,,1,0
VA1G|VERW|REW|Rewa Airport, Chorhata, REWA|45034|12203|305|07,1400,29,1,0,70,,-180,-550,,,190,560
VA2C|VAGD|GDB|Gondia~1|15268|2903|301|05,2286,46,1,1,44,,-610,-560,,,500,590
VAJB|1|JLR|Jabalpur~1|31778|520|495|06,1988,46,1,1,58.5,,-470,-820,480,,470,830,495
VARP|VERP|RPR|Swami Vivekananda~1|11804|17388|317|06,1955,46,1,1,58,,-460,-800,309,130,460,800,316
VEBU|1|PAB|Bilaspur~1|19884|21110|274|17,1535,25,1,0,168,,680,-150,,,-680,150
VEDB|1|DBD|Dhanbad~1|38340|64253|258|07,1136,28,1,0,72,,-80,-520,,,240,540
VEDG|1|RDP|Kazi Nazrul Islam~1|36225|72430|91|16,2800,42,1,0
VEDH|1|DBR|Darbhanga~1|61928|59169|48|10,2743,46,2,0,98,,223,-1310,,,-130,1398
VEGK|1|GOP|Gorakhpur~1|67397|34497|79|11,2743,46,1,1,113.1,,490,-1270,,,-480,1270
VEGY|1|GAY|Gaya~1|47443|49512|116|10,2286,45,1,1,103.7,,250,-1100,108,,-240,1090,115,75
VEHX|1||Hashimara Air Force Station|66983|93691|104|11R,2743,45,1,1,106.2,,340,-1320,,,-350,1320;10L,1829,34,1,2,105.9,,1490,-1160,,,1040,590
VEJS|1|IXW|Sonari~1|28137|61690|145|08,1222,30,1,0,81,,-140,-600,138,351,30,570,139,143
VEKI|1|KBK|Kushinagar~3|67765|38892|81|11,3200,45,1,0
VEMZ|1|MZU|Muzaffarpur~1|61191|53137|53|10,1216,27,1,0,105,,140,-590,,,-140,580
VEPH|||Panagarh Air Force Station|34743|74275|73|15,2743,46,1,1,149,,1070,-680,71,91,-1060,680,73,101
VEPT|1|PAT|Jay Prakash Narayan~1|55913|50880|52|07,1954,45,1,1,68.3,,-320,-910,52,280,330,900,52,134
VERC|1|IXR|Birsa Munda~1|33143|53217|655|13,2699,45,1,1,130.2,,820,-1010,653,289,-750,1010,632
VERK|1|RRK|Rourkela~1|22566|48152|201|09,1825,30,1,0,89.3,,-10,-950,,205,20,820,,136
VEUK|1|UKE|Utkela~1|978|31833|209|03,914,30,1,0,31,,-390,-180,,,310,280
VIAL|VEAB|IXD|Prayagraj~1|54401|17339|98|12,2472,46,1,1,119,,350,-780,97,,-720,1370,98,152;06,1463,46,2,1,64,,-480,-1000,96,,90,310,97
VICX|VECX|KNU|Kanpur~1|64043|4101|125|09,2743,46,2,1,88.9,,-20,-1000,,305,30,1820,,610
#IN|S
IN-0012|VEPY|PYG|Pakyong~1|72313|85872|1399
IN-0026|||Korba~1|24142|27194|366|18,1189,14,1,0
IN-0064|||Umaria Air~a|35325|8082|460|14,1500,25,0,0
IN-0069|VESL||Sultanpur~1|62475|20425
IN-0072|||Raigarh Airport (JSPL)|19353|33502||10,2020,30,1,1,103,,,,236,,,,246,1285
IN-0073|||Savitri Jindal~1|9101|50367|190|11,1260,30,1,0,111,,,,189,180,,,187
IN-0074|VEBL||Barbil Tonto~6|20458|53735||18,992,15,1,0,4,,,,488,,,,505
IN-0077|||Bhagalpur~1|52495|70120||10,1067,,0,0
IN-0346|VEBT||Bihta Air Force Station|55912|48831|59
VA1D|||Muirpur~1|41252|30406|342|08,1422,26,1,0,84.3,,-70,-700,,,60,700
VA1E|||Bhilai~1|12942|13795|309|04,1189,29,1,0,44.1,,-390,-400,,,380,400
VA1F|||Sidhi~1|44023|18148|333|06,1079,15,1,0,63.6,,-210,-480,,,220,470
VA1O|||Burhar~1|32352|15037|457|14,1119,15,1,0,143,,410,-320,,,-400,330
VE23|||Burnpur~1|36315|69755|94|09,1222,23,1,0,88.1,,-20,-600,,,10,600
VE36|||Nuagaon~1|5117|34481|200|06,1280,17,1,0,58.6,,-300,-530,,30,310,520,,30
VE41|||Giridih~1|42019|62898|305|11,919,23,1,0,112.8,,160,-420,,,-160,420
VE54|||Daltonganj~1|40193|40951|245|09,914,30,1,0,88.6,,-10,-450,,,10,450
VE62|||Cuttack Airport / Charbatia Air Force Station|5496|58863|35|04,2743,46,1,1,42.1,,-910,-880,,,920,880
VEAH||AZH|Azamgarh~1|61533|31183|76
VEBA|1||Behala~1|25042|82934|3|18,863,30,1,0
VEBG|1|RGH|Balurghat~1|52617|87956|24|09,1495,,0,0
VEBK|1||Bokaro~1|36435|61489|218|13,1615,30,1,0,130.8,,480,-600,,,-480,600
VECK|1||Chakulia~1|24636|67052|131
VECO|1|COH|Cooch Behar~1|63305|94672|42|04,1067,30,1,0,44.5,,-340,-370,42,,340,370,42
VECT||CWK|Chitrakoot~1|51677|9358|320
VEDO|1|DGH|Deoghar~1|44468|67050|110|09,731,,3,0
VEDX|1||Kharagpur Airport / Kalaikunda Air Force Station|23395|72145|61|17,2743,46,2,1,172.5,,1230,-180,43,,-1230,170,61
VEHK|1||Hirakud~1|15802|40057|201|15,1276,17,1,0,148.3,,440,-320,,,-540,330
VEJH|1|JRG|Jharsuguda~1|19135|40504|229|06,2391,45,2,0,63,,-505,-948,228,,482,1110,229
VEKG|1||Kishanganj~1|60758|79397|42
VEKJ|1||Kendujhar~1|16967|55817
VEMH|1|LDA|Malda~1|50102|81269|24|11,1097,,0,0
VENP|||Nawapara~1|8700|25196|322|01,1030,29,0,0,1.2,,-460,-20,,,470,10
VEPI|||Barrackpore Air Force Station|27810|83592|5|02,1864,46,1,1,17,,-810,-260,,,810,270
VEPU|||Purnea~1|57596|74100|39|09,2652,46,2,1,89.8,,0,-1320,39,,0,1320,39
VERU|1|RUP|Rupsi~1|61419|99079|40
VI75|||IIT Kanpur~1|65204|2329|122|09,878,24,1,0,92.3,,20,-440,,,-20,440
VI90|||Akbarpur Mahamaya Rajkiya~1|64476|25682|88|11,1298,23,1,0,108.2,,180,-620,,,-190,610
VIBL|||Bakshi Ka Talab Air Force Station|69883|8931|117|09,2740,46,2,1,92,,50,-1380,,,-40,1380
VIDF|VIPG||Pithoragarh~1|95936|2392|1497|14,1321,15,1,0,142.5,,480,-410,,,-470,420
VIKA|1||Kanpur Civil Airport (Old)|64409|3650|125|10,1123,41,2,0,102,,160,-560,125,457,-50,540,125,210
VIRB|||Fursatganj~1|62485|13805|110|09,1722,42,1,1,90,,-10,-860,,,0,860
VIST||TNI|Satna~1|45626|8529|323|11,1059,29,1,0,108,,120,-290,,,-180,700
VISV|1|VSV|Shravasti~1|74997|20329|112|12,1530,,1,1
#NP|L
NP-0003|VNPR|PHH|Pokhara~3|81838|40147|791|12,2500,45,2,1
VNBW|1|BWA|Gautam Buddha~3|75046|34104|109|10,3000,45,1,1,99,,224,-1459,109,,-191,1541,109
VNKT|1|KTM|Tribhuvan~3|76966|53591|1338|02,3350,45,1,1,22,,-1280,-570,1315,271,1280,570,1337,300
#NP|M
VNJP|1|JKR|Janakpur~1|67088|59224|78|09,1006,30,1,0,90,,10,-500,78,,-10,500,78
VNLK|1|LUA|Tenzing-Hillary~1|76868|67295|2859|06,527,30,1,0,60,,-112,-228,2784,,123,222,2845
VNNG|1|KEP|Nepalgunj~1|81036|16670|165|08,1504,30,1,0,80.9,,-100,-760,152,,110,760,152
VNPK|1|PKR|Pokhara Domestic~1|82006|39812|827|04,1439,30,1,1,39.1,,-480,-380,,,530,550,,107
VNTJ|1|TPJ|Taplejung~1|73509|76953|2435|07,705,,0,0
VNVT|1|BIR|Biratnagar~1|64815|72640|72|09,1505,30,1,1,92.2,,20,-750,72,,-30,760,72
#NP|S
VNBG|1|BJH|Bajhang~1|95390|11854|1250
VNBJ|1|BHP|Bhojpur~1|71474|70508|1219
VNBL|1|BGL|Baglung~1|82128|36663|1012
VNBP|1|BHR|Bharatpur~1|76781|44294|183|15,1158,30,1,0
VNBR|1|BJU|Bajura~1|95020|16690|1311
VNBT|1|BIT|Baitadi~1|94634|5490|1280
VNCG|1|BDP|Bhadrapur~1|65708|80796|91|10,1209,29,1,0,100.6,,100,-600,91,,-100,590,91
VNDG|1|DNP|Tulsipur~1|81111|22942|640|16,832,,0,0,,,,,640,,,,640
VNDH|1|DHI|Dhangarhi~1|87553|5834|210|09,1524,,0,0,,,,,210,,,,210
VNDL|1|DAP|Darchula~1|96686|5482|650
VNDP|1|DOP|Dolpa~1|89857|28187|2499
VNDT|1|SIH|Silgadi Doti~1|92622|9360|640
VNGK|1|GKH|Palungtar~1|80385|44664|457
VNJI|1|JIR|Jiri~1|76263|62306|1829
VNJL|1|JUM|Jumla~1|92742|21933|2347|09,660,25,1,0
VNJS|1|JMO|Jomsom~1|87804|37230|2736|06,739,,1,0
VNLD|1|LDN|Lamidanda~1|72531|66700|1250
VNLT|1|LTG|Langtang~1|82000|55830|3658
VNMA|1|NGX|Manang~1|86414|40892|3353|11,650,,1,0
VNMG|1|MEY|Meghauli~1|75774|42288|183|08,1085,,4,0
VNMN|1|XMG|Mahendranagar~1|89632|1479|198|17,884,,0,0,,,,,198,,,,198
VNPL|1|PPL|Phaplu~1|75178|65850|2413|02,671,,1,0
VNRB|1|RJB|Rajbiraj~1|65101|67339|76
VNRC|1|RHP|Ramechhap~1|73940|60614|474
VNRK||RUK|Rukum Chaurjahari~1|86270|21940|762|03,600,,1,0
VNRP|1|RPA|Rolpa~1|82673|27565|1250
VNRT|1|RUM|Rumjatar~1|73035|65504|1372
VNSB|1|SYH|Syangboche~1|78112|67124|3780
VNSI|1|SIF|Simara~1|71598|49800|137|01,1192,30,1,1,11.9,,-560,-110,,,490,140
VNSK|1|SKH|Surkhet~1|85860|16360|732|02,1036,,0,0,,,,,732,,,,732
VNSL|1||Rukum Salle~1|86362|24502|1580
VNSR|1|FEB|Sanfebagar~1|92366|12153|695
VNST|1|IMK|Simikot~1|99711|18189|2818
VNTP|1|TPU|Tikapur~1|85219|11230|159
VNTR|1|TMI|Tumling Tar~1|73150|71933|518|16,1219,,0,0,,,,,518,,,,518
