#EG|S
HE11|||Badr El Din~1|98676|79466|-21|13,2000,43,1,1,134.3,,1310,-1340,,,50,140
HE27|||Osman~d|95526|55846|130|11,2999,38,1,0,111.1,,750,-1010,,,-230,1880
HE31|||Malan Frein~1|98053|85526|65|14,1753,31,1,1,139.5,,1180,-1080,,,-20,100
HEDK|1|DAK|Dakhla Oasis~1|54112|90033|168|15,2489,45,1,0,149.3,,1000,-660,175,,-930,600,187
HEOW|1|GSQ|El Owainat East~3|25843|87216|257|36L,3500,45,1,0;36R,3500,45,1,0,9,,-1430,-750,262,,1700,-240,261
HESW||SEW|Siwa Oasis North~1|93462|55056|88|16,1800,45,1,0,161,,700,-190,,,-830,410
#LY|M
HL56|||Matan al-Sarra~d|16877|18309|539|01L,3357,30,1,1,9.3,,-1330,-350,,,1680,170;01R,2283,45,1,0,9,,-1200,-80,,,860,270
HLKF|1|AKF|Kufra~1|41787|33140|417|02L,3660,30,1,1,15,,-1550,-580,,,1630,360;02R,3660,45,1,1,15,,-1610,-360,413,,1570,580,417
#LY|S
HL70|||Al Khuwaymat~1|72573|16181|152|14,3600,45,1,0,141,,1300,-1140,,,-1210,1150
HL84|||Messla-5alv~1|79757|23574|101|17,2200,30,1,0,168,,970,-240,,,-970,230
HLAM|||Amal V12~1|94795|11224|44|13,1737,29,1,0,132,,520,-660,,,-520,670;08,1052,25,1,0,87,,-190,-790,,,-140,290;14,1013,24,8,0,141,,-130,-220,,,-840,430
HLFL|||Bu Attifel~1|87954|20809|49|16,2149,45,1,1,165,,930,-280,,,-940,290
HLGL|||Warehouse 59e~1|86385|14380|99|18,2004,30,1,1,180,,80,-20,,,-1730,-10;09,1006,22,1,0,90,,0,0,,,0,1030
HLNR|1|NFR|Nafurah 1~1|92132|15924|38|15,3021,45,1,0,146,,1130,-870,,,-1140,860
HLSA|||Sarir (C-4)~1|76624|25086|122|16,2201,49,1,0,167,,970,-250,,,-970,250
HLZG|||Oxy A 103~1|90063|7861|97|15,1811,30,1,0,146,,670,-520,,,-690,520
