#BS|H
MYBO|1||Ocean Cay~2|54249|7898|2
MYCZ|1||AUTEC~2|47097|22275|11
#BS|L
MYGF|1|FPO|Grand Bahama~3|65580|13044|2|06,3359,46,1,1,61,,-670,-1470,2,,800,1480,2
MYNN|1|NAS|Lynden Pindling~3|50390|25338|5|14,3460,46,1,1,135,,1280,-940,4,,-850,1420,4;10,2522,46,1,1,90,,-310,-1580,4,,-290,930,4
MYSM|1|ZSA|San Salvador~3|40630|54768|7|10,2438,46,1,1,95.1,,130,-1270,3,,-70,1120,7
#BS|M
MYAB|1|MAY|Clarence A. Bain~1|42877|23154|6|09,1524,23,1,0,82.7,,-90,-750,,,80,740
MYAF|1|ASD|Andros Town~1|46979|22044|2|09,1237,30,1,1,90,,0,-660,,,0,650
MYAK|1|TZN|Congo Town~1|41587|24102|5|10,1615,30,1,0,101,,170,-930,,,-110,630,,91
MYAM|1|MHH|Leonard M. Thompson~3|65107|29157|2|09,1859,30,1,1,88,,50,-680,2,,90,850,2
MYAN|1|SAQ|San Andros~1|50538|19510|2|12,1532,23,1,1,111.7,,260,-700,,,-250,710
MYAP|1|AXP|Spring Point~1|24418|60291|3|13,1524,46,1,0,126.6,,410,-590,,,-410,600
MYAT|1|TCB|Treasure Cay~1|67453|26087|2|14,2134,46,1,0,133,,660,-780,2,,-660,790,2
MYBC|1|CCZ|Chub Cay~1|54171|21191|2|11,1524,24,1,1,105,,180,-730,,,-180,740
MYBG|1|GHC|Great Harbour Cay~1|57383|21599|5|13,1383,24,1,0,123,,340,-580,,,-340,580
MYBS|1|BIM|South Bimini~1|56999|7353|3|09,1649,30,1,1,90,,8,-865,2,,7,777,2
MYCA|1|ATC|Arthur's Town~1|46294|43262|5|12,2138,46,1,0,111.3,,350,-980,,,-350,980;14,2134,46,1,0
MYCB|1|TBI|New Bight~1|43153|45477|2|09,1539,30,1,0,85.7,,-50,-770,,,50,760
MYCI|1|CRI|Colonel Hill~1|27456|58176|2|09,1238,18,1,0,86.7,,-40,-590,,,30,600
MYEF|1|GGT|Exuma~3|35626|41220|3|12,2149,46,1,1,118,,430,-890,3,,-460,970,2
MYEH|1|ELH|North Eleuthera~1|54758|33192|4|07,1835,30,1,1,68.2,,-330,-900,2,,290,790,2
MYEM|1|GHB|Governor's Harbour~1|52847|36690|8|15,2446,46,1,1,144.8,,900,-700,4,302,-900,700,4
MYEN|1|NMC|Normans Cay~1|45943|31798|2|03,1433,24,1,0,25,,-380,-190,,62,370,190,,62
MYER|1|RSD|Rock Sound~3|48916|38224|3|09,2199,46,1,1,87.7,,-30,-1100,3,,50,1070,1
MYES|1|TYM|Staniel Cay~1|41691|35609|2|17,924,23,1,0,164,,400,-120,,,-400,130
MYIG|1|IGA|Inagua~1|9750|63331|2|10,2140,30,1,0;09,2138,27,1,0,95,,80,-1020,,,-80,1030
MYLD|1|LGI|Deadman's Cay~1|31790|49064|3|09,1219,30,1,0,92,,20,-600,,,-10,600
MYLR|||Hard Bargain~1|30099|50951|3
MYLS|1|SML|Stella Maris~1|35823|47314|3|13,1219,23,1,0,123,,220,-680,,,-390,310
MYMM|1|MYG|Mayaguana~1|23795|69865|3|06,2224,46,1,0,56,,-560,-900,,,560,900
MYRD|1|DCT|Duncan Town~1|21818|42705|2|13,1158,23,1,0,129.7,,340,-430,,,-330,440
#BS|S
BS-0003|MYLM||Cape Santa Maria~6|36497|46759
MYA0|MYAO||Moores Island~1|63177|24387|5
MYAS|1||Sandy Point~1|60047|26044|2|10,1372,30,1,0,98.7,,90,-670,,,-100,690
MYAW|1|WKR|Walkers Cay~1|72597|15995|3
MYAX|1||Spanish Cay~1|69503|24562|3|14,1342,21,1,0,127,,370,-540,,,-370,540
MYCC|1|CXY|Cat Cay~1|55544|7246|4
MYCP|1|PWN|Pitts Town~1|28297|56539
MYEB|1||Black Point~6|40895|36021|3|12,762,24,0,0
MYEY|MYTC||Torch Cay~1|33972|45031|3|10,1615,30,1,0,,,263,-860,3,,-153,607,3
MYGD|1||Deep Water Cay~1|66317|20783
MYGW|1|WTD|West End~1|66853|10250|2
MYRP|1|RCY|Rum Cay~3|36834|51637|5|09,1372,30,1,0,90,,100,-660,,,100,680
MYX4|MYBW||Big Whale Cay~1|53996|22090|5
MYZ3|MYBX||Little Whale Cay Berry Islands~1|54493|22400|2
#BS|W
BS-NSB||NSB|Bimini North~7|57670|7500
#CU|L
MUCM|1|CMW|Ignacio Agramonte~3|14199|21520|126|07,3000,45,1,1,68,,-450,-1290,122,,540,1410,122
MUHG|1|HOG|Frank Pais~3|7851|36845|110|05,3238,45,1,1,46,,-970,-1080,85,100,1060,1160,110
MUSC|1|SNU|Abel Santamaria~3|24922|569|103|08,3017,45,1,1,76.1,,-330,-1470,103,,330,1370,97
#CU|M
CU-0115|||[Duplicate] Holguín~d|7864|36815
MUBA|1|BCA|Gustavo Rizo~1|3653|54938|8|16,1850,30,2,0,155,,740,-360,6,,-730,360,7
MUBY|1|BYM|Carlos Manuel de Cespedes~1|3964|33786|62|07,2099,45,1,0,68,,-350,-940,52,104,360,920,62,50
MUCA|1|AVI|Máximo Gómez~1|20271|12104|102|07,3532,45,1,1,64,,-700,-1540,102,,690,1530,77
MUCC|1|CCC|Jardines Del Rey~1|24610|16716|4|08,3000,45,1,1,71,,-450,-1400,3,,430,1360,4
MUGT|1|GAO|Mariana Grajales~1|853|48417|17|17,2446,45,1,1,166,,1070,-300,17,46,-1070,280,11,257
MUMO|1|MOA|Orestes Acosta~1|6539|50778|5|07,1860,30,1,0,63,,-370,-800,5,50,390,790,2
MUMZ|1|MZO|Sierra Maestra~3|2886|29125|34|08,2400,45,1,1,74,,-340,-1280,34,,250,930,27
MUTD|1|TND|Alberto Delgado~1|17883|28|38|06,1801,30,1,1,52,,-470,-700,18,,500,700,30,300
MUVT|1|VTU|Hermanos Ameijeiras~1|9876|30642|100|05,1820,45,1,0,44.7,,-580,-620,100,100,590,620,98
#CU|S
MUBR|1|BWW|Las Brujas~1|26213|8528|4|09,1800,45,1,0,87.6,,-40,-870,3,,30,880,4
MUFL|||Florida~1|14997|17972|60|08,990,27,1,0,76.9,,-100,-460,,55,100,470,,213
MUMA||UMA|Alfredo Noa Díaz~1|2424|58517|1
MUMJ||MJG|Mayajigua~1|22308|9378|53
MUSL|||Joaquín de Agüero~1|15095|29794|4|07,1800,30,1,0,71.5,,-260,-800,4,,250,850,2
MUSS|1|USS|Sancti Spiritus~1|19704|5573|90|03,1800,29,1,0,26.3,,-730,-390,,,730,390
#TC|L
MBPV|1|PLS|Providenciales~3|17737|77317|5|10,2804,45,1,1,93,,73,-1390,4,183,-60,1316,1
#TC|M
MBGT|1|GDT|JAGS McCartney~3|14445|88577|4|11,1939,46,1,1,104,,220,-910,3,243,-210,900,3
MBNC|1|NCA|North Caicos~1|19161|80570|3|08,1294,23,1,1,69.6,,-60,-240,3,,340,930,3
MBSC|1|XSC|South Caicos~1|15157|84715|2|11,1931,30,1,1,98,,134,-981,2,,-107,866,2
#TC|S
MBAC|1||Harold Charles~3|13026|83628|3
MBMC|1|MDS|Middle Caicos~1|18260|81975|3|12,882,,0,0,,,,,3,,,,3
MBPI|1|PIC|Pine Cay~1|18747|79094|1|11,772,,0,0,,,,,2,,,,2
MBSY|1|SLX|Salt Cay~1|13330|88000|1
