#EG|L
EES|HEBR|EES|Berenice International Airport / Banas Cape~d|39804|54603|33|13L,3027,30,1,0,132,,110,-1070,,,-1710,1150;13R,2999,45,1,0,132,,-20,-1200,,,-1820,1010;15,2905,40,1,0,151,,840,-490,,,-1450,890
HEAT|1|ATZ|Asyut~3|70460|10128|228|13,3019,45,1,1,129.8,,920,-1250,225,,-820,1090,235
HEGN|1|HRG|Hurghada~3|71768|37967|10|16L,4015,45,1,1,165,,1930,-90,15,302,-1570,940,11;16R,4014,60,1,1,165,,1710,-1020,,,-1780,20
HELX|1|LXR|Luxor~3|56710|27064|84|02,3000,45,1,1,23,,-1240,-570,90,,1260,570,83
HEMA|1|RMF|Marsa Alam~3|55555|45924|65|15,3430,45,1,1,150,,1330,-1620,75,90,-1010,-120,71,90
HESG|1|HMB|Suhaj~3|63425|17430|98|15,3000,45,1,0
HESH|1|SSH|Sharm El Sheikh~3|79773|43947|58|04L,3081,45,1,1,42.8,,-880,-1210,41,,1160,920,36;04R,3081,45,1,1,42.8,,-1160,-870,35,,880,1260,36
HESN|1|ASW|Aswan~3|39611|28204|198|17,3402,45,1,1,171,,1840,-310,186,,-1190,220,199
#EG|M
HEBL|1|ABS|Abu Simbel~1|23759|16117|187|15,3000,45,1,1,150,,1180,-730,188,,-1170,730,188
HEBS|||Bani Sweif~d|92022|10135|31|01,3525,46,1,0,9,,-2020,280,,,1140,820;06,3000,40,1,0,55.8,,910,-1200,,,2420,1330
HESC|1|SKV|Saint Catherine~3|86843|40644|1342|17,2115,36,1,0,171.5,,1030,-340,1310,,-860,-20,1331
HETB|1|TCP|Taba~3|95945|47758|739|04L,4000,45,1,1,41.8,,-1910,-1260,750,,780,1490,731;04R,4000,45,1,3,41.7,,-2010,-1140,750,,690,1610,731
#EG|S
EG-AUE||AUE|Abu Rudeis~1|88997|32021|13
HE17|||Abu Rahal Well~1|49987|34943|232|14,3006,40,1,0,143.1,,650,-230,,,-1530,1560
HE20|||Gabal El Zeit~1|78346|35260|12|14,2388,45,1,0,138,,860,-830,,,-750,790,,857
HE21|||Ras Shukeir~1|81969|32060|14|15,2134,30,1,0,148,,790,-550,,,-850,620
HE23|||Darau~1|44149|29517|96|16,2896,21,1,0,159.2,,1310,-90,,,-1130,920
HE25||EMY|El Minya~1|80905|7387|41|16L,3000,35,1,0,157,,2350,-1380,,,-130,-180;16R,3000,40,1,0,157,,2310,-1510,,,-180,-310
HE30|||Kawm Ushim~1|95431|8974|-4|16,2767,41,1,0,163,,2350,-480,,155,-30,360,,200;15,2392,40,1,0,153,,2010,-970,,,100,180
HE38|||Abu Rish Valley~1|89681|17016|320|02L,3013,37,1,0,14,,-540,-730,,,2100,30;02R,3013,32,1,0,14,,-580,-550,,,2060,210
HEGO|1||El Gouna Private~1|73656|36685|12|16,1600,30,1,1,163.2,,820,-270,,,-570,200
HEKG|1|UVL|El Kharja~1|54715|5885|59|18,3500,45,1,1,179.9,,1790,220,59,,-1370,220,51
HEOC|1||October~1|98127|8235|236|01,2000,35,1,0,9.9,,-950,-190,246,,830,160,230
HETR|1|ELT|At Tur~1|82090|36455|16|10,3000,45,1,1,104.2,,330,-1480,6,,-330,1480,35
#IL|L
LLER|1|ETM|Ramon~3|97270|50141|88|01,3600,,0,1,,,-1561,-446,,,1593,436
#IL|S
LLOV|1|VDA|Ovda~1|99403|49358|455|02R,3000,45,1,1,22,,-1310,-410,455,150,1190,750,434,150;02L,2600,45,1,1,22,,-1030,-670,454,150,1140,340,436,150
#JO|L
OJAQ|1|AQJ|King Hussein~3|96116|50181|53|01,3004,45,1,1,19,,-1360,-480,53,,1240,430,34
#SA|L
OEAO|1|ULH|Al-Ula~3|64836|81170|625|12,3050,50,1,1
OEJN|1|JED|King Abdulaziz~3|16802|91574|15|16C,4000,60,1,1,160,,1487,-586,8,,-1902,752,8;16L,4000,60,1,1,160,,2024,973,9,,-1370,2310,15;16R,3800,60,1,1,160,,2250,-3050,4,,-970,-1780,4
OEMA|1|MED|Prince Mohammad Bin Abdulaziz~1|45534|97051|656|17,4335,60,1,1,169,,2301,-178,656,550,-1541,637,635;18,3060,45,1,1,184,,1010,-110,653,,-1740,-310,634
OENN|1|NUM|Neom Bay~1|79243|52936|9|15,3757,50,1,1,155,,1120,-900,8,,-460,-70,10
OETB|1|TUU|Prince Sultan bin Abdulaziz~3|83711|66249|778|06,3350,45,1,1,65,,-190,-500,776,,1090,2600,778;13,3050,45,1,1,132.9,,1010,-3090,771,,-890,-780,774
OEYN|1|YNB|Prince Abdulmohsen Bin Abdulaziz~3|41442|80634|8|10,3210,45,1,1,103.2,,330,-1540,5,,-330,1540,8
RSI|OERS|RSI|Red Sea~3|56280|70889|43|15L,3700,45,1,1;15R,1000,21,1,2
#SA|M
OE49|||Mecca East~1|14375|99942|369|01,2397,43,1,0,12,,-1060,-240,,191,1060,240,,191
OEJF|1||King Faisal Naval Base|13481|91730|2|15,2732,45,1,0,155.1,,1120,-540,,,-1130,550
OEWJ|1|EJH|Al Wajh Domestic~1|61986|64764|20|15,3050,45,1,1,151,,1190,-780,20,,-1200,720,20
#SA|S
OERB|1||Rabigh~1|27026|90698|7|15,2359,32,1,1,153,,950,-520,,,-940,530
OEUM|1||Ummlejj~1|52858|71992|29|14,2499,60,6,0,140,,850,-790,24,,-830,800,31
#SD|S
HSSW|1|WHF|Wadi Halfa~1|18027|15216|284|06,2000,,5,0,,,,,275,,,,294
