#US|H
US-0719|||Manele~2|7459|30870|145
#US|L
PHLI|1|LIH|Lihue~1|19744|6629|47|03,1981,46,1,1,45,,-150,-1190,47,,1120,209,25,62;17,1981,46,1,1,180,,730,110,28,,-1060,110,28
PHNL|1|HNL|Daniel K. Inouye~3|13184|20743|4|08L,3767,61,1,0,90,,680,-1729,4,,680,1870,3;08R,3658,61,1,0,90,,-1160,-2030,3,,-1160,1470,3;04R,2744,46,1,0,53,,-450,-130,3,,1040,1969,3;04L,2120,46,1,0,53,,-10,270,3,,1140,1870,3;08W/26W,1551,91,12,0,91,,-710,869,,,-730,2371;04W/22W,914,46,12,0,51,,-370,1271,,,150,1969
PHOG|1|OGG|Kahului~3|8963|35682|16|02,2133,46,1,1,35,,-720,-420,16,,860,680,4;05,1518,46,1,1,56,,170,-520,6,,750,780,5
#US|M
PHBK|1|BKH|Barking Sands~1|20228|2150|7|16,1829,46,1,1,170,,810,-200,7,,-820,100,6
PHHN|1|HNM|Hana~1|7956|39860|24|08,1099,30,1,1,90,,0,-600,24,,0,500,16
PHIK|1||Hickam Air Force Base|13353|20517|4
PHJH|1|JHM|Kapalua~1|9629|33270|78|02,914,30,1,0,28,,-360,-200,73,,370,199,78
PHJR|1|JRF|Kalaeloa~1|13074|19300|9|11,2550,61,1,1,118,,310,-1099,9,,-470,401,3;04R,2435,61,1,1,55,,-750,-899,3,,510,1000,8;04L,1373,61,1,1,55,,-60,-201,4,,650,900,9
PHMK|1|MKK|Molokai~1|11529|29040|138|05,1370,30,1,1,60,,-330,-500,133,,280,600,136,181;17,950,30,1,1,180,,460,-201,135,130,-400,-201,131
PHMU|1|MUE|Waimea Kohala~1|13|43320|814|04,1584,30,1,1,52,,-440,-600,811,,440,600,814
PHNG|1|NGF|Kaneohe Bay MCAS (Marion E. Carl Field)~1|14505|22320|7|04,2369,61,1,1,52,,-670,-899,2,,660,900,5
PHNY|1|LNY|Lanai~1|7857|30487|399|03,1524,46,1,1,44,,-500,-570,398,,490,530,399
#US|S
18HI|||Brandt~a|11370|32655|209|10,840,23,4,0
HI01||HPV|Princeville~1|22093|5548|105|05,1085,18,1,1,50,271,-290,-381,105,,310,320,88
HI03|||Hanamaulu~6|20419|6113|123|NE/SW,488,15,1,0
HI27|||Upper Paauilo~6|282|46118|463|NE/SW,427,11,1,0
HI33|||Haiku~6|19661|5730|117|NE/SW,732,18,1,0
HI46|||HI 23 (Puhi)~6|19449|5602|146|NE/SW,610,8,3,0
HI49|||Panda~1|11490|27416|76|07,585,17,4,1,,204.4
PHDH|1|HDH|Kawaihapai~9|15795|18030|4|08,2745,23,1,0,91,,20,-1400,5,607,-20,1299,5,608
PHHI|1|HHI|Wheeler Army~9|14816|19630|255|06,1709,30,1,1,67,,-110,-1000,255,178,490,500,255
PHLU|1|LUP|Kalaupapa~1|12110|30260|7|05,823,23,1,0,61,,-170,-301,7,,180,400,7
PHPA|1|PAK|Port Allen~1|18969|3970|7|09,747,18,1,0,100,,60,-399,,,-50,299
PHUP|1|UPP|Upolu~1|2653|41400|29|07,1158,23,1,1,76,,-130,-501,27,,120,500,23
