#EH|L
GMMH|1|VIL|Dakhla~1|37183|40680|11|03,3000,45,1,1,22.7,,-1250,-570,11,,1250,570,8
GMML|1|EUN|Laayoune Hassan I~3|71425|67751|63|02,2701,45,1,1,16,,-1230,-1050,68,,1110,-270,66;04,2500,45,1,1,32,,-670,-100,62,,1250,1230,62
#EH|M
GMMA|1|SMW|Smara~1|67320|83163|107|16,3000,30,1,1,152,,1160,-820,,,-1210,620
#ES|H
GCDC|1||Nuestra Señora de Candelaria University Hospital Helipad|84487|37154|250
GCGO|1||San Sebastián de La Gomera~2|80972|28976|0
GCHG|1||Insular Hospital Helipad|80828|45826|30
GCHU|1||Universitario de Canarias~c|84561|37081|329
GCLG|1||IES La Guancha~2|83774|33507|439
GCMP|1||Maspalomas Station~2|77656|43647|144
GCPU|1||Puntagorda~2|87788|20043|439
GCXM|1||Los Rodeos Army~2|84838|36487|638|11H/29H,284,22,1,0,,,61,-159,,,-25,115
#ES|L
GCFV|1|FUE|Fuerteventura~1|84527|61362|26|01,3420,45,1,1,2,,-1983,-60,11,1001,1086,41,23,460
GCLP|1|LPA|Gran Canaria~1|79319|46134|24|03L,3100,45,1,1,22,,-1300,-570,24,,1300,580,10;03R,3100,45,1,1,22,,-1370,-380,21,,1230,780,8
GCRR|1|ACE|César Manrique-Lanzarote~1|89455|63948|14|03,2400,45,1,1,27,,-970,-560,5,87,960,560,14
GCTS|1|TFS|Tenerife Sur~1|80445|34275|64|07,3200,45,1,1,68.6,,-530,-1510,57,,520,1520,64
GCXO|1|TFN|Tenerife Norte-Ciudad de La Laguna~1|84828|36583|633|12,3171,45,1,1,111,,496,-1521,628,,-510,1511,612
#ES|M
GCHI|1|VDE|El Hierro~1|78148|21129|31|16,1250,30,1,1,152.6,,500,-290,22,,-500,300,31
GCLA|1|SPC|La Palma~1|86265|22444|33|36,2200,45,1,1,359,,-990,20,31,,990,-20,20
#ES|S
GCGM|1|GMZ|La Gomera~1|80296|27854|218|09,1500,30,1,1,81.2,,-100,-750,218,,110,750,217
GCLB|1||El Berriel Aeroc~1|77825|44928|6
#MA|M
GMAT|1|TTA|Tan Tan~1|84476|88383|199|03,2000,30,1,1,27.8,,-740,-440,199,,860,510,199
#MA|S
MA-GLN|GMAG|GLN|Guelmim~1|90267|99497|300
#MR|L
GQPP|1|NDB|Nouadhibou~3|9324|29698|7|02,2427,45,1,1,14,,-1010,-260,1,,1110,320,2
#MR|M
GQPA|1|ATR|Atar~3|5058|69563|224|04,3004,30,1,1,30,,-1080,-660,227,,1280,760,231
GQPZ|1|OUZ|Tazadit~1|27573|75178|341|09,2500,45,1,0
#MR|S
GQPF|1|FGD|Fderik~1|26736|72707|293
GQPT|1||Bir Moghrein~1|51835|83910|350|01,2291,21,1,0,358,,4280,2070,364,,6350,1990,359,491
