#AE|L
OMAA|1|AUH|Zayed~3|44410|46492|27|13R,4106,60,1,1,128,,340,-1400,25,,-1930,1800,27;13L,4100,60,1,1,128,,2400,-1087,19,,133,2097,22
OMAD|1|AZI|Al Bateen Executive~1|44271|44599|5|13,3200,46,1,1,128.1,,1010,-1430,3,510,-770,1060,3,780
OMAL|1|AAN|Al Ain~3|42617|56092|265|01,4000,45,1,1,7,,-1790,-260,265,,1790,250,257
OMDB|1|DXB|Dubai~3|52498|53710|19|12R,4447,60,1,1,121,,304,-662,3,715,-1388,2388,18,132;12L,4351,60,1,1,121,,1483,-2058,3,450,-209,993,10,300
OMDW|1|DWC|Al Maktoum~3|48962|51624|35|12,4500,60,1,1,120,,1089,-2033,35,,-1013,1774,52;13,1838,30,1,0,121,,-2552,-996,47,150,-3414,560,47,150
OMFJ|1|FJR|Fujairah~3|51084|63281|46|11R,3050,45,1,1,112,,594,-1548,41,700,-457,1248,15
OMRK|1|RKT|Ras Al Khaimah~3|56135|59388|31|16,3760,45,1,1,164.8,,1620,-490,22,,-1650,500,31
OMSJ|1|SHJ|Sharjah~3|53286|55172|34|12,4060,60,1,1,122,,990,-1236,28,,-622,1541,34,300
#AE|M
AE-0221|OMNK||Sas Al Nakheel~d|44413|45170|4
OMAM|1|DHF|Al Dhafra~d|42482|45477|23|13L,3661,46,1,1,127,,1000,-1440,23,,-990,1440,20;13R,3661,46,1,1,127,,-740,-1100,18,,-2720,1780,18
OMBY|1|XSB|Sir Bani Yas~1|42836|25803|8|13,2826,45,1,0,,,865,-1020,3,,-855,1037,3
OMDM|1|NHD|Al Minhad~d|50268|53662|50|09,3953,45,1,1,89,,-30,-1960,50,,40,1960,50
#AE|S
AE-0026|OMQF||Al Qaffay~1|45896|17273|6
AE-0091|OMAY||Lower Yasat Island~1|41888|19965
AE-0128|OMLW||Liwa~d|36513|38244|129
OM11|OMAW||Abu Dhabi Northeast Airport - Suweihan~d|45268|49748|27|13,2158,61,1,0,130.9,,-160,-280,,,-1430,1330
OMAB|1||Buhasa~1|35997|33794
OMAF|1||Futaysi~1|43788|43160|31
OMAH|1||Al Hamra Auxiliary~1|40740|24636|15|17,2501,45,1,0,170,,1110,-220,,,-1110,220
OMAJ|1||Jebel Dhanna~1|41878|26139|13|13,2200,46,0,1,134,,650,-770,,,-720,790
OMAQ|1||Qarnayn~1|49306|28551
OMAR|1||Arzanah~1|47809|25599|5|13,1048,22,0,1,131,,270,-390,,107,-350,400,,88
OMAS|1||Das Island~1|51382|28744|4|13,2158,45,1,1,131,,458,-585,,330,-421,547,,330;15,1078,30,1,3,147,,1210,-350,,,390,220
OMAZ|1||Zirku~1|48625|30771|4|13,1200,30,1,1,133,,270,-360,3,,-460,510,3
OMDL|1|ZDY|Delma~1|45100|23352|9|17,2500,47,1,1,170,,1117,-120,6,,-1129,125,6
OMRJ|1||Jazirah~1|56650|57744
OMRS|1||Al Saqr~a|57529|59592|1|15,800,15,0,0,153,,590,-90,,,-60,280
#AE|W
AE-0237||DST|Dubai Seaplane Terminal|52630|52720|0
AYM||AYM|Yas Island~7|44670|46103|0
#BH|L
OBBI|1|BAH|Bahrain~3|62673|6376|2|12L,3956,60,1,1,123,,1310,-2060,2,305,-600,1260,2,305;12R,2530,45,1,1,123,,370,-770,2,305,-860,1370,2,120
#BH|M
OBBS|1||Sheik Isa~d|59184|5906|41|15,3800,45,1,1,153.8,,1530,-850,41,,-1540,840,9
#BH|S
OBKH|1||Sakhir~d|60345|5245|15|17,3200,45,1,0
#IR|L
OIBK|1|KIH|Kish~3|65254|39805|31|09L,3659,66,1,2,94.9,,470,-1850,29,,190,1810,31;09R,3659,45,1,1,94.9,,220,-1860,29,,-60,1800,30
OIKB|1|BND|Bandar Abbas~3|72183|63778|7|03R,3660,45,1,1,27.8,,-1510,-740,4,,1410,980,7;03L,3457,30,1,0,27.8,,-1330,-920,5,,1440,710,7
OIKQ|1|GSM|Qeshm~3|67546|59024|14|05,4226,45,1,1,50,,-1230,-1620,4,,1240,1610,14
OISS|1|SYZ|Shiraz Shahid Dastghaib~3|95392|25898|1502|11L,4372,45,1,1,114.4,,1010,-1970,1497,,-630,2140,1482;11R,4283,45,1,1,114.3,,610,-2100,1500,,-980,1930,1483
#IR|M
IR-0161|||Oghab 44 Airbase|80482|55218
OIBA|1|AEU|Abu Musa Island~1|58757|50330|7|08,2986,45,1,0,83,,-150,-1480,4,262,160,1480,6,287
OIBB|1|BUZ|Bushehr~1|89448|8346|21|13R,4470,45,1,1,132,,1270,-1780,1,,-1420,1620,21;13L,4469,45,1,1,132,,1430,-1620,1,,-1260,1790,19
OIBJ|1|KNR|Jam~1|78205|23522|662|11,2350,45,1,1,114.8,,450,-1090,640,,-440,1080,662
OIBL|1|BDH|Bandar Lengeh~3|65323|48248|20|08,2500,45,1,0,82,,-190,-1240,17,,180,1240,20
OIBP|1|PGU|Persian Gulf~3|73796|27377|8|13,3997,45,1,0,128.8,,1130,-1580,5,,-1130,1570,8
OIBQ|1|KHK|Khark~1|92605|3222|5|14,1805,45,1,0,134.5,,550,-500,3,,-600,820,5
OIBS|1|SXI|Siri~1|59089|45394|13|12,2544,53,1,0,127.7,,730,-1000,13,1268,-680,1010,4
OIBV|1|LVP|Lavan~1|68107|33543|23|11,2077,45,1,0,111.4,,300,-770,22,,-380,1170,22
OIKJ|1|JYR|Jiroft~1|87235|76750|812|13,2206,30,1,0,128.7,,970,-1350,812,,-270,410,784
OIKM|1|BXR|Bam~1|90842|84500|985|12,3385,45,1,1,122.6,,820,-1460,985,,-830,1470,954
OIKY|1|SYJ|Sirjan~1|95509|56727|1782|14,3766,45,1,1,132,,1130,-1450,1770,,-1120,1450,1782
OISF|1|FAZ|Fasa~1|88918|37233|1299|14,1982,30,1,0,140,,710,-690,1299,,-600,700,1299
OISL|1|LRR|Lar~1|76747|43833|805|09,3169,45,1,0,89,,-20,-1600,805,,20,1590,799
OISR|1|LFM|Lamerd~1|73727|31888|408|11,3054,45,1,0,113.9,,600,-1440,410,,-520,1390,410
#IR|S
IR-0083|||Dar~1|80649|58452|650|,1158,,0,0
OI20|OIBH|IAQ|Bahregan~1|98401|2727|6|15,2195,30,1,0,150,,850,-570,,,-860,570
OIBH|||Bastak~1|72127|43186|411|07,1372,30,1,0,74.3,,-170,-670,,,170,660
OIKP|1|HDR|Havadarya~1|71583|61725|6|08,2598,35,1,1,78.8,,-230,-1320,5,152,220,1250,6,157
OISJ|1|JAR|Jahrom~1|85867|35791|1024|08,2408,30,1,0,82,,-150,-1210,1021,,150,1220,1024
OIZJ|1|JSK|Jask~1|56548|78017|6
#OM|L
OOMS|1|MCT|Muscat~3|36002|82853|15|08R,4080,45,1,1,85,,-850,-1840,15,419,-570,1660,8;08L,4000,60,1,1,85,,571,-2733,7,,872,1016,7,162
OOSH|1|OHS|Suhar~3|43860|66254|6|15,4015,59,1,1
#OM|M
OM-0004||MNH|Mussanah~1|36406|74875|113
OM-0007|||Ras al Hadd~1|22569|97407
OOKB|1|KHS|Khasab~1|61710|62406|30|01,2500,23,1,0,13.9,,-1100,-300,,250,1100,300,,250
OOMA|1|MSH|RAFO Masirah|6754|88905|20|17,3050,45,1,1,166.8,,910,-230,12,,-1760,430,20;07,2574,45,1,1,66.7,,-400,-980,13,,510,1280,20
#OM|S
OM-0001||BYB|Dibba~1|56142|62444|14
OM-0002||AOM|Adam~1|24919|73839|328
OOBR|1|RMB|Buraimi~1|42416|57837|296
OOFD|1|FAU|Fahud~1|23548|64841|168|13,2560,45,2,0,,,703,-885,169,,-779,1024,169
OOGB|1|RNM|Qarn Alam~1|13772|70563|135
OOLK|1|LKW|Lekhwair~1|28049|53728|108
#QA|L
OTBD|1|DIA|Doha~3|52594|15655|11|15,4572,46,1,1,158.2,,2080,-900,11,750,-1750,800,8
OTHH|1|DOH|Hamad~3|52731|16081|4|16L,4850,60,1,1,156,,2300,70,4,,-1770,1870,4;16R,4250,60,1,1,156,,1790,-1840,4,,-1780,-270,4
#QA|M
OTBH|1|XJD|Al Udeid~d|51173|13150|40|16,3750,45,1,1,158,,1570,-700,40,,-1570,690,38
#QA|S
OT62|||Umm Al-Shokhot~1|57005|13630|12|16,500,20,2,0,,,380,-140,12,,-240,100,12
#SA|L
OEDR|1|DHA|King Abdulaziz~d|62654|1520|26|16R,3660,45,1,1,165,,320,-1940,21,,-2870,-990,20;16L,3600,45,1,1,165,,2280,1210,26,,-860,2140,15
#SA|M
OE55|OEAD||Aradah~1|12270|52673|213|03,2108,30,1,1,34,,-790,-570,,,780,570
OERT|1||Ras Tanura~1|67231|308|2|15,2153,30,1,1,152,,860,-500,2,,-860,500,2
#SA|S
AE-0001|OEBT||Batha~1|42147|14499|78
OE56|OEST||Shubaytah~1|27100|32811|93|13,2099,29,2,0,128.4,,600,-790,,61,-570,810,,302
OESB|1||Shaibah~1|25148|39641|91|09,3050,30,2,1,87.1,,-90,-1480,,302,40,1480,,306;08,1854,24,8,0,86.3,,190,2030,,,300,3830
