#IR|L
OIFM|1|IFN|Isfahan Shahid Beheshti~3|27551|18839|1542|07L,4397,45,1,1,78,,-640,-4610,1541,,190,-20,1537;07R,4397,45,1,1,78,,-1040,-4500,1542,,-210,80,1536
OIIE|1|IKA|Imam Khomeini~3|54161|11522|1007|11L,4198,45,1,1,109,,920,-3000,1007,,-300,1380,992;11R,4092,45,1,1,109,,760,-3070,1007,,-470,1360,993,445
OIII|1|THR|Mehrabad~3|56892|13144|1208|11R,4041,60,1,1,109,,550,-2280,1204,643,-680,1920,1156;11L,3989,45,1,1,109,,638,-1865,1208,848,-468,1932,1157;09,474,40,2,2,89,,950,940,,,960,1470
OIIP|1|PYK|Payam~3|57761|8267|1271|12,3659,60,1,1,128,,1000,-1580,1269,,-1030,1620,1269
OIKK|1|KER|Ayatollah Hashemi Rafsanjani~3|2713|69497|1750|16L,3851,45,1,1,158,,1811,-559,1747,,-1417,919,1749;16R,3850,45,1,1,,,1746,-760,1748,,-1481,718,1748
OIMB|1|XBJ|Birjand~3|28965|92813|1509|10,2902,45,1,0,98.7,,0,-1160,1499,250,-400,1900,1509;08,2162,25,1,0,78.7,,-150,-2620,1484,,240,-360,1508
OIMM|1|MHD|Mashhad~3|62348|96429|995|13R,3925,45,1,1,133.6,,1200,-1850,985,,-1240,1310,995;13L,3811,45,1,1,133.6,,1300,-1650,983,,-1070,1420,993
#IR|M
OIAH|1|GCH|Gachsaran~1|3339|8338|736|12,1850,45,1,0,124.6,,840,-1380,730,,-110,210,730
OIFK|1|KKS|Kashan~1|38953|15770|1056|11,2696,44,1,0,110.7,,430,-1360,1056,,-430,1370,1056
OIFP|||Badr~d|26211|16970|1598|08L,3328,43,1,1,85,,-120,-1760,1598,,130,1770,1568;08R,447,30,1,0,85.9,,-220,-1240,,,-190,-760
OIFS|1|CQD|Shahrekord~1|22972|8422|2049|14,3298,45,1,0,146.7,,1200,-1010,2049,147,-1280,910,2044,146
OIIK|1|GZW|Qazvin~1|62401|471|1275|10,1119,40,1,0,99.9,,80,-610,1275,,-90,620,1272
OIKR|1|RJN|Rafsanjan~1|2983|60490|1615|11,2991,45,1,1,112,,450,-1230,1603,,-560,1660,1615
OIMN|1|BJB|Bojnord~1|74930|73082|1066|07,3225,45,1,0,70.3,,-490,-1710,1066,596,490,1720,1052
OIMS|1|AFZ|Sabzevar National~1|61681|75952|917|09,3178,45,1,0,94.8,,120,-1760,907,,-120,1760,914
OIMT|1|TCX|Tabas~1|36678|68927|705|15,3041,45,1,0,152.2,,1210,-800,704,,-1220,730,705
OING|1|GBT|Gorgan~1|69094|44013|-7|13,3300,45,1,1,134,,1346,-1736,-15,,-716,933,-8
OINN|1|NSH|Nowshahr~1|66643|14627|-19|10,2035,35,1,1,109,,227,-829,-19,,-362,1331,-22,150
OINR|1|RZR|Ramsar~1|69070|6873|-21|12,2270,45,2,1,,,538,-999,-21,,-582,1128,-21;13,1500,30,1,1,130,,728,-1414,-21,,-147,-129,-21
OINZ|1|SRY|Sari Dasht-e Naz~3|66444|31888|11|16,2648,45,1,1,161,,1150,-500,1,,-1110,470,11,514
OISY|1|YES|Yasuj~1|7022|15430|1810|13,2598,45,1,1,132.5,,620,-790,1780,,-960,1210,1810
OIYY|1|AZD|Shahid Sadooghi~1|19049|42765|1236|13,4098,45,1,1,133,,1260,-1580,1214,,-1260,1580,1236
#IR|S
IR-0124|||Semnan New~1|53894|36714|1115|06,3578,43,1,0,58.9,,-840,-1700,,,840,1700
IR-OI24|||Gonbad-e Kavus~1|72461|50959|33|06,999,29,1,0,68,,-170,-520,,,170,520
OI03|||Garmsār Southwest~1|51742|23233|828|11,910,32,1,0,117,,180,-450,,,-180,440
OI13|||Mahmudabad~1|0|37115|2124|12,1362,38,6,0,118.5,,290,-620,2124,,-290,620,2103
OI19|||Shahid Aryafar~1|55308|15056|1030|11,947,21,1,0,114.9,,90,-450,,,-270,490
OI1C|||Mehtar Kalateh~1|68569|42022|-20|15,997,30,1,0,154,,400,-240,,,-410,250
OIFE|1|IFH|Hesa~1|29289|15611|1602|07,2996,45,1,1,77,,-240,-1570,1602,,370,1550,1593;09,333,12,2,0,92.1,,-1500,-770,,,-1510,-420
OIFH|||Shahid Vatanpour Army~d|25672|16911|1618|07,1248,50,6,0,76.1,,-490,-710,,,-220,580;06,980,23,1,0,70,,-170,-450,1618,,140,550,1618
OIIA|||Qazvin Azadi~1|59521|4508|1149|10,1396,23,1,0,101.8,,130,-760,1158,,-130,760,1158
OIIC|||Manzariyeh~d|49840|8062|917|11,3233,45,1,0,112.2,,550,-1640,917,,-560,1640,870
OIID|||Doshan Tappeh~d|57030|14751|1233|04,2301,45,1,0,47.2,,-720,-940,1193,,710,950,1233
OIIM|||Naja~1|57763|8810|1231|13,1106,20,1,0,139,,370,-400,,,-380,410
OIIS|1|SNX|Semnan~5|55911|34951|1117|04,3578,45,1,0
OIMJ|1|RUD|Shahrud~3|64249|51043|1285|07,2791,45,1,0,71.1,,-400,-1420,1286,,410,1530,1286
OINE|1|KLM|Kalaleh~1|73833|54520|130|10,2218,28,1,0,104.9,,250,-1210,152,,-260,1210,152
OINJ|1|BSM|Bishe Kola~d|66551|23496|-24|09,986,30,1,0,78.6,,-80,-540,,,90,540
US-OI05|||Naeen Military~1|30943|34125|1082|13,1306,20,1,0,118,,-260,-130,,,-810,1100
#TM|L
UTAA|1|ASB|Ashgabat~3|79868|83610|211|11L,3800,45,2,1,119,,1341,-1789,208,,-339,1980,207;11R,3800,60,2,1,119,,313,-2521,210,,-1367,1248,207;11,1800,35,1,2,112,,-880,-310,,302,-1490,1590,,599
#TM|M
TM-0002|UTAN|BKN|Balkanabat~3|96811|42060|-8|16,3200,45,1,1
UT1G|||Ashgabat Bezmein~d|80120|81950|280|15,2641,45,2,0,153.3,,1060,-670,,,-1070,680
#TM|S
TM-UT55|||Kizyl-Arvat~1|89842|63570|103|10,2399,35,2,0,101.9,,230,-1360,,,-220,1350
UT1J|||Cheleken East~1|94115|31990|-13|12,1590,35,1,0,127.8,,330,-810,,,-540,650
