#EG|L
HEAL|1|DBB|El Alamein~3|9243|84616|47|13,3499,45,1,1,130,,1040,-1400,44,,-1020,1370,43
HEBA|HEAX|HBE|Alexandria~3|9325|96964|52|14L,3400,45,1,1,143,,-213,-1131,54,,-2658,1017,41;14R,3400,45,1,1,143,,-339,-1323,45,,-2784,825,45
HEMM|1|MUH|Mersa Matruh~3|13243|72223|23|06,3000,45,1,0,60,,-230,-740,29,49,1120,1990,29,49;15,3000,45,1,0,149.7,,1280,-860,29,,-1060,730,29
#EG|S
HE18|||Habata~1|11089|54567|205|16R,3007,40,1,0,165,,1150,-980,,,-1470,-170;16L,2998,40,1,0,165,,1200,-740,,,-1420,60
HE19|||As Sallum~1|14640|52780|15|13,1998,40,1,0,137,,-10,-150,,,-1320,1290
HE33|||Meliha~1|7320|70191|100|13,2006,30,1,0,129,,580,-800,,,-570,810
HE40||SQK|Sidi EL Barrani~1|14720|58793|86|16L,3012,40,1,0,158.8,,750,-620,,,-1790,530;16R,3012,40,1,1,158.8,,670,-840,,,-1860,300
HE41|||Misheifa~1|10324|58543|214|16L,3004,30,1,0,162,,940,-690,,,-1630,290;16R,3003,41,1,0,162,,880,-930,,,-1700,50
#GR|H
LGKN|1||Marathon Kotroni Navy Helicopter Base|81376|39517|208
#GR|L
LGAV|1|ATH|Athens Eleftherios Venizelos~3|79364|39445|94|03R,4000,45,1,1,36.6,,-1290,-120,83,300,1600,2590,92,300;03L,3800,45,1,1,36.6,,-1540,-2530,78,300,1210,50,86,300
LGIR|1|HER|Heraklion International Nikos Kazantzakis~1|53397|51803|35|09,2714,45,1,1,95,,130,-1910,24,477,-70,1020,25;12,1566,50,1,0,126,,420,-700,17,152,-410,700,35;18,780,40,1,2,180.4,,260,400,24,,-460,390,35,100
LGKO|1|KGS|Kos International Airport "Ippokratis"|67945|70911|126|14,2390,45,1,1,148,,910,-750,126,,-930,680,114
LGRP|1|RHO|Rhodes International Airport "Diagoras"|64054|80862|5|06,3306,45,1,1,70.1,,-510,-1730,5,,510,1730,5
LGSA|1|CHQ|Chania~3|55312|41507|149|11,3347,45,1,1,111,,590,-1670,130,,-510,1770,149
LGSR|1|JTR|Santorini~3|64000|54786|39|15,2197,30,1,1,159,,810,-350,37,,-980,480,16
#GR|M
GR-0109|LGTL||(*)Kasteli Hellenic Air Force Base|51913|53266|360|02,3010,45,1,1,,,,,,301,,,,303
LGAD|1|PYR|Andravida~d|79207|12926|17|16,3139,45,1,1,165,,1360,-480,9,,-1360,470,17
LGBL|1|VOL|Nea Anchialos National~1|92196|27943|25|08,2759,45,1,1,81,,-200,-1560,25,,170,1600,6
LGEL|1||Elefsis~d|80638|35560|44|18,2739,40,1,1,180,,1240,0,39,,-1210,10,6,60
LGHI|1|JKH|Chios Island National~1|83432|61406|5|01,1511,30,1,1,10,,-670,-150,2,140,670,140,3,69
LGIO|1|IOA|Ioannina King Pyrrhus National~1|96964|8225|475|14,2400,45,1,1,142,,860,-860,472,,-830,860,475,120
LGKF|1|EFL|Kefallinia~1|81201|5005|18|14,2436,45,1,1,146,,910,-770,10,,-910,770,15,278
LGKL|1|KLX|Kalamata~1|70683|20255|8|17L,3000,28,1,1,169,,1366,-202,8,40,-1304,421,5,20;17R,3000,45,1,1,169,,1348,-324,8,73,-1323,299,5,76
LGKP|1|AOK|Karpathos~1|54214|71460|20|12,2399,30,1,1,124,,610,-1090,11,150,-610,1090,19,150
LGMK|1|JMK|Mykonos Island National~1|74351|53481|123|16,1902,30,1,1,160,,820,-340,120,,-800,370,119
LGMT|1|MJT|Mytilene~3|90574|65986|18|14,2406,45,1,1,148,,1760,-1410,17,82,-70,80,6,535
LGPZ|1|PVK|Aktion National~1|89255|7653|3|06,2871,45,1,1,68,,-490,-1530,3,,480,1530,3,150
LGRX|1|GPA|Patras Araxos Agamemnon~1|81511|14256|14|18L,3352,21,1,3,183,,1511,273,11,24,-1503,60,14,24;18R,3352,45,1,1,183,,1510,90,11,199,-1510,-100,14,204
LGSK|1|JSI|Skiathos Island National~1|91771|35037|16|01,1628,30,1,1,19,,-663,-308,3,58,725,309,16
LGSM|1|SMI|Samos~1|76900|69117|6|09,2044,45,1,1,94,,-14,-1114,6,70,-153,1197,3
LGST|1|JSH|Sitia~1|52161|61013|115|05,2074,45,1,1,50.5,,-590,-880,115,,600,870,96
LGTG|1||Tanagra~d|83398|35650|151|10,2990,45,1,1,105,,350,-1660,147,150,-340,1650,140
LGZA|1|ZTH|Zakynthos International Airport Dionysios Solomos|77509|8843|4|16,2228,45,1,1,163,,960,-380,3,195,-970,350,4,201
#GR|S
GR-0002|LGAG||Dhokimion~9|86137|13930|47
GR-0009|||Kopaida Dimitra~9|84565|31346|92|09,590,25,4,0
GR-0014|||Myrini - Karditsa~9|94074|19959|96|09,680,20,1,0
GR-0015|LGMO||Molos~9|88262|26620
LG54|||Tympaki~d|50637|47674|2|09,2713,49,1,0,88,,-40,-1480,2,,40,1490,15
LG55|||Triodos~9|70944|19907|11|16,1038,30,1,0,152,,390,-300,5,,-440,240,17
LG56|||Olimpoi~e|82362|59387|200|10,1015,15,1,0,86.6,,-30,-530,,,20,630
LGIK|1|JIK|Ikaria~1|76827|63471|24|15,1387,30,1,1,152,,550,-370,24,,-550,370,24,85
LGKC|1|KIT|Kithira~1|62740|30167|319|02,1461,30,1,1,26,,-590,-350,319,,600,360,318
LGKJ|1|KZS|Kastelorizo~1|61417|95764|149|13,798,25,1,0,,,260,-300,149,,-270,290,140
LGKS|1|KSJ|Kasos~1|54214|69100|11|09,982,25,1,1,93,,10,-540,6,,-20,540,7
LGKY|1|JKL|Kalymnos~1|69633|69406|235|10,1015,30,1,0,,,109,-549,229,,-78,567,229
LGLE|1|LRS|Leros~1|71849|68003|12|14,1012,30,1,0,144,,370,-330,2,,-370,330,10,170
LGLM|1|LXS|Limnos~1|99171|52363|4|04R,3016,45,1,1,43,,-990,-1200,4,,980,1210,4
LGLR|1|LRA|Larissa~d|96503|24655|73|08C,3639,45,1,0,79,,-260,-1690,73,,250,1690,68;08R,2960,30,1,1,79.1,,-410,-1990,71,268,150,1770,69,380
LGMG|1||Megara~d|79811|33654|4|08R,1205,38,1,0,82,,-70,-680,,,80,680
LGML|1|MLO|Milos~1|66969|44769|3|08,1075,25,1,0,,,-58,-642,5,,17,204,4
LGNX|1|JNX|Naxos Island National~1|70811|53681|3|18,900,,0,0,,,,,3,,,,3
LGPA|1|PAS|Paros National~1|70205|51132|40|17,1400,30,1,1,,,,,36,,,,32
LGPL|1|JTY|Astypalaia~1|65799|63758|50|15,989,30,1,1,150,,380,-280,43,,-390,280,50
LGRD|1||Maritsa~d|63831|81089|62|08,2400,45,1,0,79.7,,-200,-1330,62,,190,1330,42;14,1200,60,1,2,142.1,,550,470,34,,-310,1300,49
LGSO|1|JSY|Syros~1|74228|49509|72|18,1080,30,1,1,181,,510,-80,69,,-460,-110,72
LGSP||SPJ|Sparti~9|69738|25257|152|06,1000,23,1,0,61,,-190,-390,,61,210,510,,31
LGSY|1|SKU|Skiros~1|89676|44872|13|17,3002,30,1,1,176,,1340,-120,4,165,-1350,130,12,800
LGTP|||Tripolis~d|75306|24036|644|02,1941,30,1,1,23,,-810,-420,644,,800,430,644
LGTT|||Tatoi~1|81089|37838|239|03,1619,45,1,1,31,,-680,-520,,154,680,520,,214
#LY|L
HLLB|1|BEN|Benina~3|20968|2695|132|15L,3576,45,1,1,150.5,,1480,-800,113,,-1330,1070,132;15R,3576,45,1,1,150.5,,1340,-1080,113,,-1470,790,131
HLLQ|1|LAQ|Al Abraq~3|27890|19549|657|10,3604,45,1,0,102.8,,550,-2080,657,,-170,1670,657;03,1894,58,1,0,30,,-840,400,691,,640,1390,673
#LY|M
HL68|||Bombah~1|24529|31186|10|14,3400,45,1,1,142,,1210,-1130,,,-1210,1120
#LY|S
HL58|||Ajdabiya~1|7651|1914|15|14,1024,42,1,0,147,,390,-290,,,-390,290
HL59|||Al Khadim~1|19985|11918|244|15,3608,45,2,1,150,,1410,-960,,,-1410,950
HL60|||Elmarj~1|25253|8751|259|15,1303,27,1,0,152,,520,-340,,,-520,330,,52
HL64|||Benghazi Aviation Club~1|19757|269|26|15,1000,30,1,0,151.7,,390,-250,,,-400,250
HLTQ|1|TOB|Tobruk~3|18610|39070|158|02,3016,46,1,0,20,,-1170,-1320,,,1390,-230;15,3007,46,1,0,149,,1260,-340,158,,-1060,1290,146;09,2998,46,1,0,89,,-640,-1660,146,,-570,1510,149
HLZU|||Zuetina~1|8702|755|5|17,1745,30,1,0,168.5,,1040,-250,,,-500,120;06,1675,30,1,0,55.7,,-530,-900,,,320,550
LY-0009|||Kambut~1|18345|46061|6|15,1800,30,1,0
LY-DNF||DNF|Martuba~d|25420|27450|376
#TR|L
LTBJ|1|ADB|Adnan Menderes~3|82924|71570|126|16L,3240,45,1,1,167,,1420,-430,126,,-1420,420,111;16R,3240,45,2,1,167,,1380,-640,125,,-1460,220,112
LTBS|1|DLM|Dalaman~3|67131|87925|6|01,3000,45,2,1,15.3,,-1300,-440,3,,1310,440,6
LTFD|1|EDO|Balıkesir Koca Seyit~1|95525|70102|15|05,3000,45,2,1,53.7,,-360,-600,16,,750,1350,16
LTFE|1|BJV|Milas Bodrum~3|72493|76640|6|10L,3000,45,2,1,104,,570,-1480,3,,-200,1750,6;10R,2940,45,2,1,,,410,-1540,4,,-240,1160,4
#TR|M
LTAY|1|DNZ|Çardak~1|77856|97013|852|05,3000,45,1,1,59,,-700,-1460,853,,690,1460,846
LTBF|1|BZI|Balıkesir~1|96193|79260|104|18,2990,44,1,1,182.2,,1340,60,104,,-1350,-70,101
LTBL||IGL|Çiğli Airbase|85130|70101|5|17,2993,45,1,1,176,,1350,-140,4,,-1340,130,3
LTBO|1|USQ|Uşak~1|86815|94717|883|09,2557,45,2,1,91,,20,-1470,882,,-20,1470,873
LTBT|1||Akhisar Airport / Akhisar~d|88089|78339|80|14L,2992,45,2,1,139,,1060,-1080,74,,-970,1190,80;14R,2992,30,2,0,139,,980,-1210,76,,-1050,1060,81
#TR|S
LTBD|1|CII|Aydın Çıldır~1|78154|78876|31|09,1435,30,2,0,86,,-7,-810,8,,-173,773,8
LTBK|1||Gaziemir~d|83191|71594|132|17,1357,40,1,1,168,,600,-170,132,,-600,160,130
LTBV|1|BXN|Bodrum-Imsık~1|71401|76697|62|06,1570,30,1,0,65.6,,-290,-810,38,,290,790,62,160
LTFA|||Kaklıç~1|85176|69774|4|17,3000,43,1,1,173,,1260,-360,4,,-1450,90,4
LTFB|1|IZM|Selçuk Efes~1|79507|73290|3|09,1570,30,2,0,89,,-8,-900,3,,19,886,3
