#GR|L
LGKR|1|CFU|Corfu Ioannis Kapodistrias~3|96015|99122|2|16,2375,45,1,1,169,,1102,-277,2,411,-995,261,2,65
#IT|H
IT-0653|LICU||Ustica~2|87072|31775
LIBJ|1||Helicopter Base "Luigi Razza"|86405|60430|527
#IT|L
LICA|1|SUF|Lamezia Terme Sant'Eufemia~3|89062|62460|12|10,3017,45,1,1,99,,80,-1740,6,106,-240,1000,12,107
LICC|1|CTA|Catania-Fontanarossa~1|74668|50664|12|08,2435,45,1,1,84,,-120,-1370,11,95,110,1370,5,85
LICJ|1|PMO|Falcone–Borsellino~1|81760|30910|20|07,3326,60,1,1,66.9,,-170,-450,10,123,980,2980,15,207;02,2074,45,1,1,24,,-990,-540,13,3,720,420,7,3
#IT|M
LIBC|1|CRV|Crotone Sant'Anna Pythagoras~1|89972|70802|159|17,2000,45,1,1,169,,890,-230,158,160,-880,220,157
LICB|1|CIY|Comiso~1|69958|46089|230|05,2460,45,1,1,48
LICD|1|LMP|Lampedusa~1|54979|26181|21|08,1800,45,1,1,81,,-130,-980,15,,140,980,21
LICG|1|PNL|Pantelleria~1|68165|19689|191|07,1675,45,1,1,76,,-240,-1200,194,,120,610,184;02,1220,30,1,0,28,,-850,-560,189,,130,80,180
LICP|1||Palermo-Boccadifalco~1|81159|33134|105|17,1224,45,1,0,174.7,,10,-70,85,285,-1090,60,104,225
LICR|1|REG|Reggio Calabria~1|80712|56516|29|15,1996,45,1,1,153,,920,-610,26,256,-570,370,10,50;11,1699,45,1,1,113,,390,-1200,12,,-200,590,13
LICT|1|TPS|Vincenzo Florio Airport Trapani-Birgi|79114|24880|8|13,2698,45,1,1,128,,740,-1220,3,,-740,1210,7,250
LICZ|1||Sigonella Navy~d|74017|49224|24|10R,2462,45,1,1,98,,150,-1390,24,105,-170,1370,20,106;10L,2442,30,1,1,98,,340,-1340,25,45,20,1390,25,42
#IT|S
IT-0004|||Eremo della Giubiliana~9|68613|46270|427|07,640,20,2,1
IT-0005|||Aviosuperficie Bovarella|77927|28451|200|05,550,,6,0
IT-0010|LICN||Calatabiano (Aviosuperficie Angelo D'Arrigo)|77996|52278|60|03,500,,4,0
IT-0013|||Aviosuperficie Minotaurus e Medusa|80491|45413|4|05,840,,6,0
IT-0014|||Oasi dei Re~9|67226|47747|39|04,720,,6,0
IT-0015|||Aviosuperficie Ramacca|73907|46202|160|08,600,,4,0
IT-0016|||Aviosuperficie Sorvoliamo|70085|45951|220|09,500,,4,0
IT-0017|||Aviosuperficie Terranova|75766|29445|3|15,500,,4,0
IT-0019|||Campo di Volo Aidone (cugno)|74324|46152|137|04,450,,6,0
IT-0025|||Albatros~9|79725|37734||08,450,30,6,0
IT-0027|||Ali Calabria~9|86197|59560|570|09,500,,4,0
IT-0029|||Franca~9|91895|66715|1339|14,600,,6,0
IT-0030|LICK||Scalea~1|97762|58113|6|09,1500,30,1,0,89,260
IT-0032|||Il Grifo~9|86373|59477|192|04,450,,4,0
IT-0093|||Beppe Rascaglia Flying~a|85156|59422||10,450,,0,0
IT-0179|||Sibari Fly~9|97578|64375|11|12,850,25,0,0
IT-0220|||Aviosuperficie Avola-Gallina|69453|51708|35|09,640,17,0,0
IT-0241|||Aviosuperficie Agrigento|72472|36547|51|15,500,,9,0
IT-0367|||Bosco di Mezzo Airfield (CTCAL)|71523|45993|398|13,470,20,4,0
IT-0382|||Faco Fly|98947|81899|98|14,510,20,6,0,137,,180,-150,100,,-160,250,99
IT-0448|||Campo di Volo MedFly|71055|42201|26|08,480,22,0,0
IT-0497|LICS||AvioSciacca~9|75288|30031|61
IT-0712|||Priolo~9|70799|43801|166|06,450,20,5,0
IT-0720|||Aviosuperficie Massarotti|71908|45502|412|04,600,20,4,0
IT-0721|||Aviosuperficie Fly Team Paceco (TPPAC)|79600|26154|66|05,470,18,4,0
#LY|L
HLGD|1|SRX|Sirt International Airport / Ghardabiya Airbase|10586|65971|81|13,3599,45,1,0,134.2,,920,-730,,,-1350,1980;18,3599,45,1,0,179.6,,1650,-220,,,-1590,-180
HLLM|1|MJI|Mitiga~3|28918|32879|11|10,3400,45,1,1,103,,398,-1754,9,,-397,1704,8;03,1829,45,1,2,30,,10,-1480,11,,1430,-510,4
#LY|M
HL77|||Okba Ibn Nafa~d|24734|18979|77|10L,3200,45,1,0,97.1,,310,-1690,,,-40,1690;10R,3200,45,1,0,97.1,,60,-1730,,,-300,1690
HLMB|1|LMQ|Marsa al Brega~1|3781|95764|15|15,2201,30,1,0,146.4,,840,-630,,,-830,640,,194
#LY|S
HL53|||Abu Aisha Agricultural Aviation~1|24951|32899|149|13,994,24,1,0,128,,240,-400,,,-310,430
HL54|||Bani Waled~1|17392|39540|300|18,1800,43,1,0,183.3,,810,50,,,-810,-60
HL78|||Hamada-Nc5~1|7019|24840|650|17,2365,29,1,0,168,,1050,-260,,,-1040,260;07,1785,25,8,0,75.7,,120,-830,,,520,970
HL80|||Sidra~1|6430|83208|30|13,2100,30,1,1,133.1,,640,-800,,,-650,800
HL83|||Nanur~1|17052|49116|56|13,3898,43,1,0,124.4,,990,-1700,,,-1000,1700
HLMS|1|MRA|Misrata~3|23250|50610|18|15,3400,45,1,0,144,,1300,-1017,11,,-1233,1017,8
HLNF|1||Ras Lanuf~1|5000|85272|13|18,1919,30,1,0,179,,1190,10,,,-540,40;12,1519,34,3,0,119.5,,490,-1010,,,-180,370
HLZN|1|ZIS|Alzintan~1|17749|22501|634
HLZW|1|WAX|Zuwarah~3|29523|20155|3|06,1800,45,1,0,59.7,,-410,-840,,,410,830
#MT|H
LMMG|1|GZM|Xewkija~2|60272|42728|98|10H/28H,174,,2,0
MT-0007||JCO|Comino~2|60101|43473|65
#MT|L
LMML|1|MLA|Malta~3|58459|44915|91|13,3350,58,1,1,132,,1050,-1270,78,,-1200,1530,70,189;05,2373,45,1,1,52,,160,-3140,91,,1400,-1000,75
#TN|L
DTTA|1|TUN|Tunis Carthage~3|68510|2272|7|01,3200,45,1,1,12.3,,-1190,-340,4,,1620,420,6;11,2840,45,1,1,112.5,,330,-950,6,,-660,2000,3,200
DTTJ|1|DJE|Djerba Zarzis~3|38737|7773|6|09,3100,45,1,1,88.3,,130,-1690,3,,220,1660,5
#TN|M
DTMB|1|MIR|Monastir Habib Bourguiba~3|57581|7547|3|07,2950,45,1,1,74,,-400,-1630,2,,350,1490,2
DTNH|1|NBE|Enfidha - Hammamet~3|60758|4386|6|09,3300,60,1,1,90,,0,-1830,6,,-20,1830,4
DTTD|1||Remada~d|23062|3821|306|02,2381,45,1,0,23,,-1000,-490,,,980,490
DTTX|1|SFA|Sfax Thyna~3|47180|6910|26|15,3000,45,2,1,148.1,,1150,-870,25,,-1160,870,16
#TN|S
DT70|||Medenine~1|33502|4440|130|08,1205,12,1,0,77,,-110,-630,,,120,630
