#AF|H
AF-0019|OATD||Toorghodi~2|52222|22906|792
AF15|||Qara Tepa~2|74233|94303|438
#AF|L
OAHR|1|HEA|Herat - Khwaja Abdullah Ansari~3|42100|22283|977|18,3014,46,1,0,187,,1120,170,977,,-1120,-170,955
OAKB|1|KBL|Kabul~3|45659|92123|1791|11,3500,50,1,1,107,,460,-1800,1789,24,-470,1820,1790,709
OAKN|1|KDH|Ahmad Shah Baba~3|15058|58480|1017|05,3210,45,1,1,55,,-830,-1410,1007,,820,1370,1017,610
OAMS|1|MZR|Mazar-i-Sharif~3|67041|72105|391|06L,3181,45,3,3,65.8,,-310,-1700,390,163,870,1540,383,528;06R,3000,45,1,1,66,,-327,-950,392,,773,2100,382
#AF|M
OAIX|1|OAI|Bagram~9|49461|92650|1492|03R,3603,46,2,1,29,,-1140,-800,1490,,1170,810,1492;03L,2953,26,2,1,29,,-1440,-890,1481,,1380,1070,1481
OAKS|1|KHT|Khost~3|32846|98073|1281|06,2664,45,1,1
OAMN|1|MMZ|Maymana Zahiraddin Faryabi~1|59308|47609|836|14,1551,23,5,0,143.2,,560,-510,,,-560,520
OAUZ|1|UND|Kunduz~1|66651|89108|444|11,1999,45,1,0,113,,370,-1020,442,,-340,1030,443
#AF|S
AF-0017|||Salerno South~1|33334|99520|1145
AF-0020|OAAK||Andkhoy~1|69427|52067|274|07,756,18,5,0,78
AF-0021|OALG||Logar~1|39865|90231|1930
AF-0023|OAMK||Muqur~1|28796|78486|2012
AF-0024|OAPJ||Panjab~1|43917|70204|2682|03,366,23,5,0
AF-0025|OATW||Taywarah~1|35431|44254|2246|18,594,30,5,0
AF-0026|||Yakawlang (Yakolang)~1|45133|63031|2652|02,1280,30,5,0
OABN|1|BIN|Bamyan~1|48089|78166|2550
OABT|1|BST|Bost~1|15597|43650|751|01,2301,31,1,0,5,,-776,750,774,151,1086,1222,776,151
OACC|1|CCN|Chaghcharan~1|45265|52710|2250
OADS|1|SBF|Sardeh Band~1|33207|86365|2125
OADY|1|DWR|Dwyer~1|10913|40661|725
OAFR|1|FAH|Farah~1|23667|21653|940
OAGN|1|GZI|Ghazni~1|34879|85252
OAGZ|1|GRG|Gardez~1|36274|92370|2374
OANL|1||Nili~1|37395|61574
OANZ|1||Nimroz~1|9633|20608|482
OAOG|1|URN|Urgun~1|29311|91532|2225
OAQA|1||Qalat~1|21338|68989|1641
OAQN|1|LQN|Qala-i-Naw~1|49855|31174|914
OARG|1|URZ|Orūzgān~1|29030|66309|2050
OART|1||Rostaq~1|71068|98489|1385
OASA|1|OAS|Sharana~6|31257|88385|2237
OASD|1|OAH|Shindand~d|33913|22610|1150|18,2786,49,2,0,182.5,,1260,70,1150,,-1250,-60,1150
OASG|1||Sheberghan~1|67511|59130|321|06,1397,21,1,0,66,,-150,-410,,,370,1010
OASH|1|OAA|Shank~d|39222|90779|2100
OASL|1|OLR|Salerno~1|33638|99561|1152
OATN|1|TII|Tarinkot~1|26042|58658|1350|12,2225,27,2,0,122,,969,-136,1336,,-420,1170,1365
OATQ|1|TQN|Taleqan~1|67707|95320|794
OAYQ|1||Yangi Qaleh~1|74590|96466|488
OAZI|1|OAZ|Camp Shorabak~9|18487|42232|897
#IR|M
OIMC|1|CKT|Sarakhs~1|65012|10649|288|14,3986,45,1,0,145.2,,1470,-1270,288,,-1480,1270,288
OIZB|1|ACZ|Zabol~1|10983|15439|496|16,3002,45,1,1,167,,1200,-340,496,,-1430,380,496
#KG|S
UAFI|UCFR||Razzakov~1|98247|95688|1475|10,1700,35,0,0
#PK|L
OPQT|1|UET|Quetta~3|2514|69378|1605|13R,3658,34,1,1,136,,1120,-1400,,,-1260,1220;13L,3646,46,2,1,136,,1270,-1220,1583,,-1120,1400,1605
#PK|M
OPZB|1|PZH|Zhob~1|13584|94636|1441|10,1829,30,1,0,100,,140,-910,1416,,-140,920,1441
#PK|S
OPLL|1|LRG|Loralai~1|3555|86135|1412
OPWN|1|WAF|Wana~1|23047|95704|1387|09,912,30,1,0,91.6,,10,-480,,,-20,490
#TJ|L
UTDD|1|DYU|Dushanbe~3|85437|88230|785|09,3100,45,1,1,90,,-20,-1620,785,,-20,1940,775,407
UTDK|1|TJU|Kulob~3|79881|98050|699|01,3000,42,1,1,16.7,,-1310,-330,655,,1360,670,699
UTDT|1|KQT|Bokhtar~3|78663|88645|449|17,2285,40,1,1
#TJ|M
TJ-0011|||Khovaling~1|83641|99863||03,1200,18,1,0,34,,-353,-305,1463,,496,423,1492,44
TJ-UT45|||Gissar~d|85123|86725|725|08,2521,49,2,0,82.9,,-140,-1440,,,140,1430
TJ-UT46|||Farkhor~d|74698|93808|442|04,788,22,1,0,42.7,,-260,-300,,,270,310
#TJ|S
UT1B|||Moskovskiy Pyandzh~1|76404|96466|495|13,1528,30,1,0,130.5,,450,-660,,,-450,660
#TM|L
UTAV|1|CRZ|Türkmenabat~3|89307|35640|198|13,3800,60,2,1,126,,1114,-1686,190,,-1112,1658,192
#TM|M
TM-UT52|||Mary North~1|76643|18270|222|17,3004,45,2,0,178.4,,1360,-50,,,-1350,40
UTAM|1|MYP|Mary~3|76235|18957|222|17R,3800,45,2,1,178,,620,-10,222,,-1570,70,221;17L,2820,41,2,1,178,,930,150,222,,-1570,240,221
#TM|S
TM-UT50|||Serakhs~1|64919|12665|275|07,1993,35,1,0,71.3,,-290,-1050,,,290,1050
TM-UT56|||Gaurdak~1|78059|59655|331|17,1478,40,1,0,174.1,,660,-90,,,-660,80
TM-UT58|||Kala-I-Mor~1|56629|25548|405|02,2519,45,2,0,20.5,,-1070,-480,,,1060,490
UTAE|1|KEA|Kerki~1|78221|51353|235|16,2700,45,1,0,169,,1188,-412,243,,-1156,412,243
#UZ|L
UTSB|UZSB|BHK|Bukhara~3|97753|44823|229|01,3000,45,1,1,10,,-1360,-230,225,,1300,440,229
UTSS|UZSS|SKD|Samarkand~3|97018|69815|678|09,3105,45,1,1,97,,124,-1707,664,,-154,1896,678
#UZ|M
UTST|UZST|TMJ|Termez~1|72873|73119|313|07,3000,42,2,1,75,,-400,-1860,309,,270,1310,313
#UZ|S
UT1M|||Kakaydy~1|76243|75176|368|02,2391,38,2,0,21.8,,-990,-500,,,1000,500
UTSH|UZSH||Shahrisabz~1|90680|67584|579
UTSK|UZSK|KSQ|Karshi~1|88022|57731|375|16,2834,44,1,0,163.9,,1190,-290,,,-1260,620,,131
UTSL|UZSL||Karshi-Khanabad~d|88336|59215|416|07,2498,40,2,1,76.9,,-250,-1410,,,260,1400
UTSR|UZSR||Sariasiya~1|84080|79450|594|15,1524,35,1,0,153,,860,-390,,,-350,420
UZ-0124||RBZ|Shahrisabz Southwest~1|90301|67758|591
UZ-UT73|||Maymanak~1|91378|51653|319|01,2493,38,1,0,18.6,,-1070,-460,,,1060,460
