#JP|H
RJBH|1|HIW|Hiroshima~2|43715|24177|5|04,1800,45,1,1,28.7,,-1190,-870,5,,240,131,3
#JP|L
RJBB|1|KIX|Kansai~3|44273|52440|8|06L,4000,60,1,1,51,,120,-3784,7,,2403,-399,10;06R,3500,60,1,1,51,,-990,-1500,2,,990,1500,5
RJBE|1|UKB|Kobe~1|46328|52240|7|09,2500,61,1,1,84.6,,-120,-1399,8,,100,1300,8
RJFF|1|FUK|Fukuoka~1|35859|4510|10|16L,2800,60,1,1,150,,1100,-801,5,,-1090,699,10;16R,2500,60,1,1,,,1007,-978,7,,-950,359,7
RJFK|1|KOJ|Kagoshima~1|18034|7190|276|16,2999,46,1,1,150,,1170,-800,276,,-1170,801,262
RJFM|1|KMI|Miyazaki~1|18772|14490|6|09,2499,46,1,1,85.2,,-100,-1400,4,,90,1301,6
RJFR|1|KKJ|Kitakyushu~1|38459|10350|6|18,2500,60,1,1,170,,1074,-227,6,,-1143,226,7
RJFS|1|HSG|Kyushu Saga~3|31497|3020|2|11,2000,45,1,1,99.2,,150,-999,2,,-140,1100,2
RJFT|1|KMJ|Kumamoto~1|28373|8550|196|07,2999,46,1,1,64.9,,-580,-1400,183,,580,1500,196
RJGG|1|NGO|Chubu Centrair~3|48584|68050|5|18,3500,60,1,1,168.8,,1550,-300,5,,-1550,401,5
RJNK|1|KMQ|Komatsu Airport / JASDF Komatsu~d|63934|64069|11|06T/24T,2705,45,1,1,55.5,,-570,-1290,11,,810,1211,5;06,2701,46,1,3,55.5,,-640,-1190,11,,740,1310,5
RJNS|1|FSZ|Mount Fuji Shizuoka~1|47950|81910|132|12,2200,60,3,0,128,,,,138,,,,126
RJOA|1|HIJ|Hiroshima~1|44361|29190|332|10,3000,61,1,1,90,,-10,-1600,327,,-10,1700,325
RJOB|1|OKJ|Okayama Momotaro~1|47569|38550|246|07,3000,46,1,1,59,,-690,-1400,246,,700,1500,245
RJOK|1|KCZ|Kochi Ryoma~1|35452|36702|13|14,2500,45,1,1,131,,810,-1120,13,,-650,979,5
RJOM|1|MYJ|Matsuyama~1|38269|27001|8|14,2499,46,1,1,130.5,,770,-1110,8,,-700,991,5
RJOO|1|ITM|Osaka Itami~3|47809|54408|15|14R,2999,61,2,1,135,,1040,-1180,14,,-870,1120,9;14L,1828,46,1,1,135,,1440,-1180,15,,270,219,10
RJOS|1|TKS|Tokushima Awaodori Airport / JMSDF Tokushima~d|41326|46078|8|11,1999,46,1,1,102.4,,210,-1181,2,,-170,920,8
RJOT|1|TAK|Takamatsu~1|42150|40155|185|08,2499,61,1,1,72.8,,-430,-1249,178,,240,1351,179
RJSN|1|KIJ|Niigata~1|79542|91122|9|10,2499,46,1,1,92.7,,260,-1621,9,,160,1179,4;04,1311,46,1,1,31.9,,-590,281,7,,410,1080,2
RJTT|1|HND|Tokyo Haneda~3|55497|97870|11|16L,3360,61,1,1,150,,1620,-45,7,390,-1001,1814,6,360;16R,3000,61,1,1,150,,1075,-1827,6,539,-1311,-133,6;04,2500,61,1,1,35,,-69,-2573,6,,1776,-989,11;05,2500,61,1,1,57,223,-2570,1647,14,,-910,3512,17
#JP|M
RJAF|1|MMJ|Shinshu-Matsumoto~1|61668|79230|665|18,1999,46,1,1,171,,890,-199,650,,-890,100,665
RJBD|1|SHM|Nanki Shirahama~1|36622|53640|91|15,1999,45,1,1,141,,710,-600,91,,-690,700,84;16,1319,30,1,2,157.2,,890,-1100,,57,-210,-600,,59
RJBT|1|TJH|Konotori Tajima~1|55128|47870|178|01,1200,30,1,1,3,,-530,0,178,,550,0,175
RJDA|1|AXJ|Amakusa~1|24825|1590|104|13,1000,30,1,1,124.5,,260,-499,101,,-260,399,101
RJDC|1|UBJ|Yamaguchi Ube~1|39300|12790|7|07,2499,46,1,1,62.3,,-530,-1200,7,,520,1200,7
RJFA|||JASDF Ashiya~d|38831|6530|30|12,1640,46,1,1,115.7,,280,-700,30,,-360,900,30
RJFC|1|KUM|Yakushima~1|3856|6590|38|14,1500,45,1,1,133.9,,460,-499,34,,-470,599,38
RJFG|1|TNE|New Tanegashima~1|6051|9910|234|13,1995,45,1,1,122.7,,490,-901,237,,-500,900,231
RJFO|1|OIT|Oita~1|34794|17370|6|01,2999,46,1,1,0.4,,-1340,0,6,,1360,0,5
RJFY|||JMSDF Kanoya~d|13667|8388|65|08R,2250,45,2,1,79.4,,-180,-1180,65,,190,1220,65;08L,1200,40,2,0,79.4,,90,-880,65,,290,320,65
RJFZ|||JASDF Tsuiki~d|36850|10400|17|07,2399,46,2,1,70,,-320,-1099,17,,410,1299,17
RJNA|1|NKM|Nagoya Airport / JASDF Komaki~d|52558|69241|16|16,2740,46,1,1,152.5,,1060,-709,16,,-1130,690,15
RJNF|1|FKJ|Fukui~1|61428|62240|6|18,1319,30,1,1,176,,600,-99,5,65,-590,0,6,65
RJNG||QGU|Gifu~1|53941|68700|39|10,2701,46,2,1,92.2,,50,-1500,34,,-50,1400,44
RJNH|||JASDF Hamamatsu~d|47502|77030|46|09,2550,45,2,1,90.7,,20,-1400,46,,-10,1400,46
RJNO|1|OKI|Oki Global Geopark~1|61784|33236|95|08,1991,45,1,1,60,,-340,-1060,77,,560,840,83
RJNT|1|TOY|Toyama Kitokito~1|66484|71874|29|02,2000,46,1,1,13.6,,-870,-240,29,,880,260,19
RJNW|1|NTQ|Noto Satoyama~1|72931|69620|219|07,2000,45,1,1,66.8,,-350,-1000,216,,360,1000,214
RJNY|||JASDF Shizuhama~d|48128|82980|7|09,1500,46,1,1,87.1,,-50,-801,6,,20,800,6
RJOC|1|IZO|Izumo Enmusubi~1|54136|28900|5|07,2000,45,1,1,59.2,,-450,-1000,2,,470,900,5
RJOF|||JASDF Hofu~9|40347|15487|2|12,1480,45,2,1,109,,330,-1170,,,-100,330;01,1180,60,1,1,359.4,,-730,30,,,330,30
RJOH|1|YGJ|Yonago Kitaro Airport / JASDF Miho~d|54922|32360|6|07,2500,30,1,1,63.9,,-470,-1000,3,,320,1000,6
RJOI|1|IWK|Iwakuni Kintaikyo~1|41463|22472|2|02,2438,46,2,1,9,,-1230,-237,2,,953,179,1;02R,366,46,2,0,9.3,,-670,-1020,,,-350,-1020
RJOR|1|TTJ|Tottori Sand Dunes Conan~1|55301|41650|20|10,2000,46,1,1,94,,50,-1099,9,,-60,1099,20
RJOW|1|IWJ|Iwami~1|46764|17900|56|11,2000,45,1,1,104.8,,230,-1000,56,,-230,1099,52
RJOY|||Yao~1|45963|56030|12|09,1490,46,1,1,87,,-70,-1400,11,,10,300,12;13,1201,30,1,0,127.3,,440,-701,10,,-210,300,12,100
RJSD|1|SDS|Sado~1|80602|84140|27|10,1033,26,1,1,96.4,,50,-600,27,137,-50,600,16
RJSY|1|SYO|Shonai~1|88122|97870|26|09,1999,46,1,1,79.4,,-150,-1100,18,,180,1200,26
RJTA|1|NJA|JMSDF Atsugi Air Base / Naval Air Facility Atsugi|54546|94500|62|01,2438,46,2,1,359.2,,-1100,0,53,,1100,0,62
RJTE|||JMSDF Tateyama~d|49871|98290|3|09,300,45,2,1,85.3,,-20,-200,3,,0,199,3
RJTF|1||Chofu~1|56717|95280|43|17,800,,1,0
RJTH|1|HAC|Hachijojima~1|31148|97856|92|08,2000,45,1,1,69.6,,-280,-960,86,,350,1041,87
RJTJ|||Iruma~d|58419|94110|90|17,2000,45,1,1,159.9,,810,-400,90,,-870,399,90
RJTK|||JGSDF Kisarazu~9|53983|99100|3|02,1830,46,1,1,15.4,,-800,-300,3,,790,299,3
RJTO|1|OIM|Oshima~1|47820|93600|40|03,1800,46,1,1,19.8,,-780,-301,42,,770,400,36
RJTQ|1|MYE|Miyakejima~1|40736|95600|20|02,1326,30,1,1,17,,-720,-200,20,59,430,200,19,67
RJTU|||Utsunomiya Air~a|65145|98710|102|01,1698,46,2,0,4.3,,-760,-100,102,,770,99,102
RJTY|1|OKO|Yokota~d|57485|93480|141|18,3353,61,2,1,170.3,,1490,-300,141,,-1490,401,127
#JP|S
JP-3600|||Satsuma Iōjima~1|7847|2706|103|18,522,25,2,0,,,-120,239,,,-660,239
RJAN|1||Niijima~1|43694|92690|28|11,800,,0,0,,,,,27,,,,28
RJAZ|||Kozushima~1|41900|91340|138|11,800,,0,0,,,,,133,,,,144
RJBK|||Kohnan~1|45908|39330|1|09,1319,30,1,1,86,,-40,-701,0,60,50,700,1,60
RJFN|||JASDF Nyūtabaru~d|20836|14510|79|10,2701,46,2,1,101.6,,270,-1300,79,,-230,1500,79
RJOZ|||Ozuki~9|40453|10520|4|17,1201,61,1,1,160.5,,960,-400,4,,-50,0,4;12,899,46,1,1,114.4,,70,-200,4,,-270,701,4
RJTC|||Tachikawa~9|57121|94032|95|01,900,,0,0,,,,,91,,,,95
#KR|H
RKDD|||N 105 Helipad|72394|18688|82
#KR|S
KR-1114|||Ulleung~1|74551|8768
