#AM|S
AM-0001|UDCK|YUK|Syunik~1|92023|64552|703
#AZ|L
UBBN|1|NAJ|Nakhchivan~3|91888|54584|873|14L,3300,45,1,1,137,,1020,-1280,873,,-1160,1290,859;14R,3300,45,2,1,137.3,,950,-1390,872,,-1230,1200,859,114
#AZ|M
AZ-0021|||Qizilagach~d|90062|88063|-28
UB13|UBBS||Khojaly~1|99014|67870|610|05,2178,37,1,0,58.6,,-500,-1080,,,510,1090
UBLC|1|LHL|Lachin~3|98838|63631|1700
#AZ|S
UBBF|1|FZL|Fuzuli~3|95946|71961|380|11,3000,45,1,0,,,214,-997,363,,-973,2140,363
UBBL|1|LLK|Lankaran~3|87579|88070|9|15,3303,45,1,0,151,,1374,-985,,,-1218,849
UBBZ||ZZE|Zangilan~3|91144|67439|402|03,3000,45,1,0,,,-1278,-1013,488,,1027,800,488
#IQ|L
ORBI|1|BGW|Baghdad International Airport / New Al Muthana~d|32625|42346|35|15L,4000,60,2,1,150,,2130,-340,34,,-990,1800,34;15R,3301,45,2,0,150,,610,-1770,35,,-1970,0,34
ORBM|1|OSM|Mosul~3|63058|31474|219|15,2650,45,2,1,158,,1100,-560,216,,-1110,560,215
ORER|1|EBL|Erbil~3|62360|39466|409|18,4800,75,2,1,180,,2374,24,,,-1953,-10;15,2803,29,1,3,152,,1270,920,391,,-950,2400,399;15L,1245,32,1,2,151.7,,480,1770,409,,-510,2430,405
ORKK|1|KIK|Kirkuk~3|54695|43489|323|13,2990,45,2,1,133.3,,940,-1440,315,,-900,960,323;14,2601,49,1,1,145.3,,940,-530,320,,-990,1100,323
ORMM|1|BSR|Basra~3|5491|76621|3|14,4000,45,2,1,137.9,,1310,-1360,3,,-1360,1420,3
ORNI|1|NJF|Al Najaf~3|19911|44050|31|10,3000,45,1,1,97,,203,-1604,31,,-453,1465,31
#IQ|M
IQ-0016|||H1 New~d|38163|14367|412
IQ-0017|||H2~d|33637|5880
IQ-0024|||Jalibah Southeast~d|5465|66028
IQ-0030|||Kut Al Hayy East~d|21168|63822
IQ-0034|||Qalat Salih~d|14566|72898
IQ-0039|||Rasheed~d|32793|44937
IQ-0042|||Sahl Sinjar~d|58593|21421
IQ-0045|||Samarra East Air Base / Dhuluiya~1|41655|42643|62
IQ-0051|||Tal Ashtah New~d|51397|41339|186
IQ-0054|||Tuz Khurmatu~d|49372|44828
ORAA|1|IQA|Al Asad~d|37856|24412|188|09L,4000,60,1,1,88.5,,390,-820,181,,480,3500,170;09R,4000,45,1,1,88.5,,-480,-3500,188,,-390,820,176;08,3086,103,6,0,88.6,,-1350,-2970,,,-1280,360
ORAT|1|TQD|Al Taqaddum~d|33381|35971|84|12R,4019,61,2,1,119.4,,780,-2050,84,,-1000,1710,83,1037;12L,3684,46,1,1,119.3,,910,-1560,82,,-720,1900,80
ORBD|||Balad Southeast Airport / Joint Base Balad|39402|43616|49|12,3504,45,1,0,125.7,,540,-2010,48,,-1300,1070,49;14,3502,60,2,1,145.7,,1680,-610,48,,-930,1520,49
ORQW||RQW|Qayyarah West~1|57672|31251|228|16,3684,30,1,2,163.5,,1680,-290,224,,-1500,870,227;15,3501,60,2,0,152.5,,1300,-1200,228,,-1500,590,227
ORSH|||Al Sahra Army Air~a|46732|35430|137|14R,3117,46,2,0,142.5,,610,-1710,137,,-1620,360,132;14L,2238,50,1,2,142.4,,1510,200,134,,-90,1690,130
ORSU|ORSJ|ISU|Jalal Talabani~3|55605|53151|760|13,3499,45,2,1,132.9,,1110,-1460,760,,-1040,1370,744
ORTF|1||Tall Afar Army Air~a|62831|24030|304|13,3000,45,1,0,138.5,,1010,-1100,304,,-1010,1110,296
ORTI|1||Al Taji Army Air~a|35239|42567|37|16,1759,50,1,0,160.7,,740,-310,37,,-750,320,37
ORTL||XNH|Ali~d|9358|60901|6|12L,3333,45,2,0,118.4,,890,-1420,6,,-540,1650,6;12R,3045,45,2,0,118.5,,430,-1530,6,,-870,1270,6
ORUB|1||Ubaydah Bin Al Jarrah~1|24820|57571|21|11R,3556,45,1,0,108.6,,360,-1710,20,,-660,1880,19,366;11L,3101,45,2,0,109,,620,-1660,21,,-270,1470,19
#IQ|S
IQ-0003|ORAI||Al Iskandariyah~1|29696|42713|45
IQ-0007|ORAN||An Numaniyah~d|25044|53331|22
IQ-0052|ORTK||Tikrit East~1|46083|37757
IQ-0053|ORTS||Tikrit South~1|45346|36776|109
ORBB|1|BMN|Bamarni~1|70988|32666|1053
ORBR|1||Bashur~9|65337|43399|634|13,2235,46,1,0,138.9,,760,-820,613,762,-760,820,634
#IR|L
OIAA|1|ABD|Abadan Ayatollah Jami~3|3679|82301|3|14R,3100,45,1,1,144.6,,1080,-880,3,,-1200,990,3;14L,2267,35,1,0,144.6,,340,-100,2,,-1320,1260,3
OIAW|1|AWZ|Qasem Soleimani~3|13364|87638|20|12,3398,45,1,1,124.1,,960,-1660,20,,-760,1290,18
OITT|1|TBZ|Tabriz~3|81339|62350|1359|12L,3604,45,2,1,128.9,,1000,-1540,1356,,-1040,1650,1359;12R,3516,30,1,0,128.9,,840,-1630,1356,,-1150,1490,1359
#IR|M
OIAD|1|DEF|Dezful~1|24344|83976|144|14R,3853,35,1,1,140.6,,1210,-1320,141,,-1470,1280,143,290;14L,3575,45,1,1,140.6,,1350,-1120,141,,-1140,1290,144
OIAG|1|AKW|Aghajari~1|7444|96772|27|13,2113,45,1,0,136.5,,800,-870,27,,-590,650,26
OIAI||QMJ|Shahid Asiyaee~1|20017|92686|368|14,1800,30,1,0,137.1,,640,-660,362,,-550,630,362;12,1419,30,1,0,122.3,,430,-270,353,,-260,1000,360
OIAM|1|MRX|Mahshahr~1|5562|91519|2|14,2705,45,1,1,137,,890,-950,2,,-890,950,2,300
OICC|1|KSH|Shahid Ashrafi Esfahani~1|43459|71581|1313|11R,3418,45,1,1,116,,670,-1670,1313,407,-680,1670,1313;11L,2943,30,1,0,,,680,-1232,1312,,-483,1645,1312
OICI|1|IIL|Ilam~1|35866|64048|1342|14,2799,45,1,1,142,,1000,-930,1323,,-990,930,1340
OICK|1|KHD|Khoram Abad~1|34354|82829|1153|11,3200,45,1,1,113,,560,-1590,1153,,-570,1580,1153,213
OICS|1|SDG|Sanandaj~1|52459|70092|1378|01,2640,45,1,1,18,,-1130,-450,1365,,1130,460,1378
OIGG|1|RAS|Sardar-e-Jangal~1|73233|96178|-12|09,2917,45,1,1,93.8,,310,-2870,-16,601,140,420,-12
OIHH|1|HDM|Hamadan~1|48664|85607|1754|10,3234,45,1,1,104.9,,470,-2140,1737,301,-280,1270,1754
OIHS|1|NUJ|Nojeh~d|52116|86534|1710|13,4458,45,1,3,130,,330,290,1696,,-2260,4060,1673;13R,4359,45,1,1,129.7,,-50,90,1690,,-2560,3770,1672;05,3936,45,1,1,59.1,,-1630,-3320,1710,,190,390,1689
OITL|1|ADU|Ardabil~1|83257|84244|1315|15,3299,45,1,1,149.9,,1280,-950,1312,,-1290,940,1315
OITR|1|OMH|Urmia~1|76681|50687|1324|03,3249,45,1,1,33,,-1230,-1000,1324,,1230,1000,1303
OITU|1|IMQ|Maku National~1|91913|49285|956|13,3300,45,1,1
OITZ|1|JWN|Zanjan~1|67737|83594|1640|12,2999,45,1,0,126.5,,800,-1350,1620,,-810,1350,1640
#IR|S
OIAJ|1|OMI|Omidiyeh~1|8352|95349|26|12R,4115,45,1,1,125,,1030,-1990,,,-1200,1440;12L,3505,45,1,1,125,,1030,-1170,,,-870,1730
OIHR|1|AJK|Arak~1|41381|98473|1658|08,2990,45,1,0,79.2,,-250,-1590,1657,,260,1590,1658
OITH|1|KHA|Khaneh~1|67291|51581|1464
OITK|1|KHY|Khoy~1|84275|49736|1213|15,2801,30,1,0,157,,1160,-630,1171,,-1170,630,1213
OITM|1|ACP|Sahand~1|73480|61279|1340|08,2930,30,1,1,85,,-110,-1650,1314,350,120,1650,1314,460
OITP|1|PFQ|Parsabad-Moghan~1|96036|78815|77|11,2595,35,1,0,110.7,,420,-1410,77,,-410,1420,77
#SA|M
OERR|1|RAE|Arar Domestic~1|9066|11382|553|10,3050,45,1,1,105,,360,-1540,553,,-350,1550,550
#SY|M
OSDZ|1|DEZ|Deir ez-Zor~1|52854|1760|213|10R,3353,45,8,2,109,,120,-2310,,,-840,1190;10L,3000,45,1,0,110,,460,-1550,,,-460,1550
OSKL|1|KAC|Qamishli~3|70206|11914|451|03,3615,46,1,0,39,,-1270,-1280,420,,1270,1280,452
#SY|S
SOR||SOR|Al Thaurah~1|43904|1526|390
#TR|M
LTCC|1|DIY|Diyarbakır~1|78939|2010|686|16L,3549,45,2,1,163,,1530,-600,686,,-1530,610,663;16R,3549,45,2,1,163,,1468,-833,689,,-1582,376,663
LTCE|1|ERZ|Erzurum~3|99565|11702|1757|08R,3810,30,2,1,88,,-140,-2220,1756,,-30,2230,1755;08L,3810,45,2,1,88.1,,30,-2230,1757,,150,2230,1756;05,930,15,1,3,48.2,,-1560,-430,,,-1010,370
LTCI|1|VAN|Van Ferit Melen~1|84682|33323|1670|03,2750,45,1,1,38,,-980,-960,1650,,980,960,1668
LTCJ|1|BAL|Batman~1|79290|11166|555|02,3048,46,1,1,26,,-1240,-750,547,,1240,750,555
LTCK|1|MSR|Muş~1|87478|16612|1267|11,3551,45,1,1,116,,700,-1830,1267,,-710,1830,1268
LTCL|1|SXZ|Siirt~1|79789|18404|610|06,1800,30,2,0,68.3,,-300,-950,593,,300,960,610
LTCO|1|AJI|Ağrı~1|96556|30257|1665|16,3000,45,1,1,165,,1593,-551,1652,,-1012,377,1665
LTCR|1|MQM|Mardin~1|72233|6317|527|03,2501,45,2,1,37,,-890,-860,503,,900,850,527
LTCT|1|IGD|Iğdır~1|99766|38766|945|12,3000,45,2,1,120,,,,945,,,,932
LTCU|1|BGG|Bingöl~1|88601|5945|1069|11,2300,45,2,0,,,535,-1142,1059,,-525,1135,1059
LTCV|1|NKT|Şırnak Şerafettin Elçi~1|73647|20582|621|11,3000,45,2,0
LTCW|1|YKO|Hakkari Yüksekova~1|75497|42381|1951|11,3200,45,2,0,,,696,-1635,1855,,-666,1556,1855
