#MX|L
MMTJ|1|TIJ|General Abelardo L. Rodriguez~3|25410|30300|149|09,2960,44,2,1,99,,210,-1600,148,,-200,1500,148
#MX|M
MMES|1|ESE|Ensenada International Airport / El Ciprés~d|17945|33976|20|11,1491,35,1,1,123.4,,450,-660,20,,-290,640,20
MMML|1|MXL|General Rodolfo Sánchez Taboada~3|26306|47572|23|10,2600,45,2,1,118.4,,560,-1220,22,,-550,1280,22
MMNG|1|NOG|Nogales~3|12258|90231|1216|16,1800,30,1,1,174.2,,830,-110,,,-770,90
#MX|S
MM69|||Tasícuri-Magdalena de Kino / Rodolfo Soto Bartell~1|6743|90678|775|03,1445,21,1,0,35,,-520,-380,,,550,520
MMCA|1|CNA|Cananea National~1|10662|99021|1500|18,1682,29,1,0,,,,,,,,,1514
MMPE|1|PPE|Mar de Cortés~3|13520|66948|22|18,2500,45,2,0
MMSF|1|SFH|San Felipe~3|9301|51915|45|13,1500,30,1,1,140,,530,-550,,,-510,450
MX-UAC||UAC|San Luis Río Colorado~1|24453|52020|15
SNQ||SNQ|San Quintín Military~6|5288|40538|21
#US|B
64CL|||Goodyear Blimp Base~1|38553|17238|6|NW/SE,366,274,4,0
#US|H
6CA3||SPQ|Catalina Air-Sea Terminal~2|37492|17250|2|H1,46,30,1,0
84CL||CCD|Century City~2|40610|15827|144|H1,30,15,2,0
9CA3||JID|Recreation and Conference Center~2|40205|20726|214|H1,12,12,2,0
AZ15||HAE|Lava Falls~2|61916|69080|524|H1,9,9,5,0,,325.1
#US|L
KBUR|1|BUR|Hollywood Burbank/Bob Hope~1|42028|16419|237|15,2099,46,1,1,167,,954,-238,234,277,-889,271,213,107;08,1768,46,1,1,91,,-488,-1107,222,,-515,812,212
KFAT|1|FAT|Fresno Yosemite~3|67758|2820|102|11L,2907,46,1,1,125.4,,770,-1100,101,,-700,1400,101;11R,2441,46,1,1,125,,620,-1200,101,,-530,800,101
KLAS|1|LAS|Harry Reid~3|60834|48482|665|08L,4522,46,1,1,90,,-707,-1953,657,652,-707,3080,623;08R,3208,46,1,1,90,,-980,-920,657,,-970,2580,624;01L,2978,46,2,1,25,,-810,-1820,663,179,1430,-620,635;01R,2978,46,1,1,25,,-923,-1570,661,150,1510,-170,634
KLAX|1|LAX|Los Angeles~3|39425|15920|38|7L,3930,46,2,1,83,,-694,-1409,36,253,-262,2821,29,290;7R,3382,61,2,1,83,,-884,-1107,36,,-513,2530,29;6R,3310,46,2,1,83,,432,-2669,33,162,797,894,34,244;6L,2721,46,2,1,83,,662,-2319,34,,961,605,36
KLGB|1|LGB|Long Beach~3|38165|18501|18|12,3048,61,1,1,135,,971,-1165,16,411,-963,1174,9,610;08L,1887,46,1,1,90,,627,-1363,16,398,620,674,12,162;16R,1362,23,1,3,179.9,,840,-610,15,94,-390,-610,12;16L,1301,23,1,2,180.2,,650,190,12,126,-520,190,10,89;08R,1194,30,1,1,90,,-260,-1141,15,,-259,146,9
KONT|1|ONT|Ontario~3|40560|23990|288|08L,3718,46,2,1,90,,90,-2200,287,304,90,1800,283;08R,3109,46,2,1,90,,-100,-1500,285,,-100,1800,282
KPHX|1|PHX|Phoenix Sky Harbor~3|34353|79941|346|08,3502,46,2,1,90.1,,560,-2410,339,274,550,1390,346;07L,3139,46,1,1,90,,-420,-2110,338,,-430,1290,346;07R,2377,46,2,1,90,,-640,-2110,339,,-650,390,343
KPSP|1|PSP|Palm Springs~3|38297|34930|145|13R,3048,46,1,1,144,,1098,-1046,137,914,-1107,917,123,457;13L,1510,23,1,1,144,,547,-268,137,,-545,704,124
KRNO|1|RNO|Reno Tahoe~3|94991|2320|1346|17R,3353,46,2,1,180,,1470,-100,1346,304,-1550,-100,1344;17L,2743,46,2,1,180,,1470,100,1346,,-1000,100,1344;08,1860,46,2,1,90,,-280,-1100,1344,,-290,1100,1341
KSAN|1|SAN|San Diego~3|27336|28100|5|09,2865,61,1,1,106,,353,-1437,4,305,-360,1501,4,550
KSBD|1|SBD|San Bernardino~3|40967|27634|353|06,3048,61,2,1,70.4,,-590,-1340,331,,330,1760,353
KSNA|1|SNA|John Wayne Orange County~3|36751|21307|17|02L,1737,46,1,1,28,,-729,-455,16,,655,422,13;02R,880,23,1,1,28,,-110,123,16,,591,567,12
KTUS|1|TUS|Tucson~3|21150|90619|806|12,3352,46,1,1,135,,840,-980,786,,-1300,1530,806;11R,2563,23,1,3,135,,710,-1155,785,430,-925,764,801;04,2134,46,1,1,45,,220,-2090,782,259,1580,-490,783
#US|M
K61B|KBVU|BLD|Boulder City~5|59472|51412|671|09,1555,23,1,1,104,,180,-1020,,,-130,580;15,1174,23,1,1,164.7,,770,-420,,,-250,-120;09L,671,18,1,2,104,,140,-120,,,-10,580
K67L||MFH|Mesquite~1|68331|59441|603|01,1554,23,1,1,28,,-430,-310,572,73,810,490,603,89;H1,6,6,2,0
KBCE|1|BCE|Bryce Canyon~1|77064|78550|2313|03,2254,23,1,1,46.5,,-700,-1000,2312,,700,900,2312
KBFL|1|BFL|Meadows~a|54336|9430|155|12L,3307,46,1,1,135.4,,1270,-1400,155,,-850,1100,147;12R,2347,30,1,1,135.5,,-270,100,144,,-990,1000,141
KBIH|1|BIH|Eastern Sierra~4|73731|16360|1257|12,2285,30,1,1,135.5,,700,-900,1257,,-760,900,1250;17,1707,30,1,1,181,,760,200,1254,,-770,200,1251;08,1697,30,1,1,90,,50,-1000,1257,,40,900,1250
KBLH|1|BLH|Blythe~1|36192|52830|122|08,1994,46,1,1,90.2,,-260,-1100,120,,-270,1100,120;17,1768,30,1,1,180.2,,1080,0,121,,-510,0,119
KBYS|1|BYS|Bicycle Lake Army Air~a|52805|33700|716|04,2936,53,6,1,52.1,,-570,-1300,716,,1120,1300,716;13,1867,53,6,0,140,,460,-400,716,,-760,800,716
KCDC|1|CDC|Cedar City~4|77010|69010|1714|02,2637,46,1,1,34.3,,-1040,-900,1700,,920,800,1707;08,1470,18,1,1,96.8,,170,-700,1700,,20,900,1714
KCMA|1||Camarillo~1|42137|9060|23|08,1833,46,1,1,90.6,,10,-1000,19,,0,1000,23;07,518,6,1,0,,,-310,-767,,84,-315,-196,,168
KCRQ|1|CLD|McClellan-Palomar~1|31283|27200|101|06,1493,46,1,1,79.1,,-130,-800,101,91,120,800,99
KCXP|1|CSN|Carson~1|91943|2657|1432|09,1860,23,1,1,107,,20,-970,1432,,-440,1030,1428
KDAG|1|DAG|Barstow Daggett~1|48537|32130|588|08,1951,46,1,1,90,,-220,-1100,587,,-220,1100,581;04,1561,30,1,1,50.4,,-170,-600,585,,730,700,581
KDMA|1|DMA|Davis Monthan Air Force Base|21665|91170|824|12,4158,61,1,1,137.5,,1380,-1500,789,,-1390,1500,824
KDRA|1|DRA|Desert Rock~1|66194|39670|1010|02,2291,30,1,1,34,,-820,-600,957,,880,800,1010
KEDW|1|EDW|Edwards Air Force Base|49108|21136|705|05R,5120,91,2,1,58,,-1624,-1860,702,,806,2902,696,536;05L,3658,61,1,0,,,-806,-1841,705,,930,1561,698;07,2438,15,2,0,77,,-1610,440,698,,-1130,3040,694
KEED|1|EED|Needles~1|47663|53770|300|11,1526,30,1,1,119.2,,80,-1100,300,,-590,400,280;02,1291,30,1,1,29.1,,-190,0,283,,820,700,257
KELY|1|ELY|Ely Airport Yelland~a|92997|51580|1908|18,1834,46,1,1,193.8,,910,600,1897,,-690,100,1908;12,1471,18,1,1,140.7,,370,-1000,1902,,-680,100,1908
KFHU|1|FHU|Sierra Vista Municipal Airport / Libby Army Air~a|15874|96518|1438|08,3658,46,2,1,89.9,,20,-1880,1438,,20,1920,1402;12,1636,30,1,1,126.7,,550,520,1406,,-330,1920,1407;03,1306,23,1,1,36.7,,-120,-80,1417,382,820,720,1398
KFLG|1|FLG|Flagstaff Pulliam~1|51398|83302|2138|03,2682,46,1,1,41,,-860,-920,2137,,590,580,2132
KGCN|1|GCN|Grand Canyon National Park~1|59524|78530|2014|03,2743,46,1,1,40.6,,-940,-1000,1991,,930,1000,2014
KHHR|1|HHR|Jack Northrop Field Hawthorne~5|39228|16650|20|07,1489,30,2,1,86.7,,-30,-800,20,296,40,800,19
KHII|1|HII|Lake Havasu City~1|45705|56423|239|14,2438,30,1,1,149.8,,1010,-730,227,,-890,570,239;1AZ/LH2,610,61,2,2;KI5/2AZ,549,46,6,2
KIFP|1|IFP|Laughlin Bullhead~3|51547|54407|214|16,2591,46,1,1,176.5,,1300,-70,190,,-760,30,212
KIGM|1|IGM|Kingman~1|52595|60620|1051|03,2081,46,1,1,44.9,,-800,-1000,1039,,520,600,1034;08,2050,46,1,2,90,,-810,-2100,1031,,-810,200,1050;17,2050,23,1,1,180,,1060,200,1024,,-790,200,1050
KINW|1|INW|Winslow Lindbergh~4|50219|92770|1506|04,2286,46,1,1,58.5,,-760,-1500,1505,,310,600,1490,383;11,2164,46,1,1,119.8,,720,-500,1493,58,-240,1600,1484,114;17,1850,46,1,2,184.7,,730,-500,,,-940,-700
KIPL|1|IPL|Imperial~8|28354|44260|-16|14,1618,30,1,1,152.8,,710,-500,-18,,-580,300,-17;08,1372,23,1,1,90,,-330,-1600,-17,,-330,-100,-17
KIWA|1|AZA|Mesa Gateway~1|33078|83450|421|12R,3170,46,2,1,135.7,,990,-1800,408,,-1050,600,418;12C,3109,46,1,1,135.7,,980,-1100,410,,-1020,1200,420;12L,2835,46,2,1,135.7,,980,-600,412,,-850,1500,421
KL45|||Bakersfield~3|53248|10040|115|16,1219,23,1,1,174.6,,550,-100,115,,-540,100,113
KL71|||California City~5|51514|19839|748|06,1837,18,1,1,76,,-220,-990,748,,190,910,732
KLSV|1|LSV|Nellis Air Force Base|62362|49660|570|03L,3085,61,2,1,41,,-950,-1300,559,,1140,1000,570;03R,3064,46,2,1,41,,-1130,-1000,557,,940,1200,569
KLUF|1|LUF|Luke Air Force Base|35350|76170|331|03L,3048,46,1,1,42.6,,-1200,-1600,328,,820,700,330;03R,3021,46,2,1,42.6,,-820,-700,326,,1190,1500,330
KMHV|1|MHV|Mojave Air & Space Port|50564|18547|854|12,3811,61,1,1,135,,1080,-1270,851,,-770,930,821;08,2149,30,1,1,90,,280,-2070,846,,280,230,839;04,1447,18,1,0,52,,320,-1870,847,,1130,-670,847
KMMH|1|MMH|Mammoth Yosemite~1|76254|11569|2175|09,2134,30,1,1,109,,180,-690,2173,,-450,1610,2151
KNFG|||Camp Pendleton MCAS (Munn Field)~1|33013|26450|24|03,1830,67,1,1,44.7,,-580,-700,19,,590,700,24
KNFL|1|NFL|Fallon Naval Air Station|94166|12990|1199|13R,4268,61,1,1,145.2,,1900,-1300,1199,,-1260,1500,1197;13L,3376,61,2,1,145.2,,1400,-400,1199,,-1100,1800,1197;07,2135,46,1,1,87.8,,-350,-1500,1198,,-280,1000,1197
KNID|||China Lake Naws (Armitage Field)~1|56854|23080|696|08,3413,61,1,1,90.8,,-210,-1200,689,,-240,1400,678;03,3048,61,1,1,42.3,,-980,-1600,696,,1060,600,671;14,2747,61,1,1,154.1,,1340,-100,671,,-890,1200,683
KNJK|1|NJK|El Centro NAF Airport (Vraciu Field)|28292|43280|-13|08,2897,61,1,1,89.9,,-10,-1500,-14,,0,1600,-14;12,2080,61,1,1,135.1,,60,0,-14,,-1270,1600,-13
KNKX|1|NKX|Miramar Marine Corps Air Station - Mitscher~a|28684|28570|145|06L,3658,61,2,1,75,,-383,-2185,130,,447,1597,145;06R,2439,61,1,1,75,,-293,-867,131,,261,1654,146;10,853,61,2,3,111,,0,700,141,,-270,1600,144;06H/24H,305,30,2,1,,,-507,1292,,,-439,1607;H1,30,30,2,0,225,,584,-1333;H2,30,30,2,0,225,,520,-1439;H3,30,30,2,0,225,,395,-1322
KNLC|1|NLC|Lemoore Naval Air Station (Reeves Field)~1|63330|480|71|14L,4115,61,2,1,156,,3120,-900,67,,-270,1000,69;14R,4115,61,2,1,156,,300,-1000,71,,-3090,800,70
KNTD|1|NTD|Point Mugu Naval Air Station (Naval Base Ventura Co)|41203|8790|4|03,3384,61,1,1,44,,-1185,-1352,3,,1016,1189,4;09,1677,61,1,1,105,,58,-290,3,,-334,1466,4
KNXP|||Twentynine Palms Strategic Expeditionary Landing~a|42962|38380|625|10,2443,46,13,1,112.3,,410,-1200,625,,-430,1200,615
KNYL|1|YUM|Yuma International Airport / Marine Corps Air Station Yuma|26509|53906|65|03L,4054,61,2,1,44.1,,-1410,-1960,59,,1210,1040,59;03R,2816,46,1,1,44,,-220,-360,57,,1610,1740,63;08,1873,46,1,1,89,,1500,340,59,,1530,2340,65;17,1740,46,1,3,179,,1680,540,60,,110,540,56
KNZY|1|NZY|North Island Naval Air Station-Halsey~a|26992|27850|8|18,2439,61,1,1,195.5,,1080,300,6,,-1040,-400,3;11,2286,61,1,1,122,,310,-600,6,,-780,1400,8
KOKB|1|OCN|Oceanside~5|32179|26483|9|07,827,23,1,1,74,,-57,-420,8,,74,454,9
KOLS|1|OLS|Nogales~3|14177|91520|1205|04,2195,30,1,1,46,,-680,-800,1169,,680,800,1196,277
KOXR|1|OXR|Oxnard~1|42008|7930|14|07,1814,30,1,1,91,,9,-1010,10,,-6,959,12,137
KPGA|1|PGA|Page~5|69242|85523|1316|15,1814,46,1,1,170.1,,860,-230,1294,,-750,170,1316;07,671,23,1,0,81.9,,500,-630,1293,179,580,170,1294
KPMD|1|PMD|Palmdale Regional Airport / USAF Plant 42~1|46294|19150|775|07,3658,61,2,1,86.2,,120,-2800,774,,340,1200,762;04,3658,46,2,1,51.7,,-1250,-700,775,,790,2500,759;072/252,1829,23,2,0
KPRC|1|PRC|Prescott Regional Airport - Ernest A. Love~a|46535|75801|1538|03R,2322,46,1,1,41.3,,-770,-910,1531,220,780,790,1512;12,1344,23,1,1,136.5,,-80,-810,1531,46,-950,190,1538;03L,1340,18,1,1,41.3,,300,-10,1515,247,1300,990,1505
KRAL|1|RAL|Riverside~5|39519|25550|250|09,1646,30,1,1,103,,200,-700,232,,-136,1038,249;16,869,15,1,1,179,,326,-366,236,,-456,-342,229
KRIV|1|RIV|March Air Reserve Base|38807|27410|468|14,4054,61,2,1,149,,1573,-1164,468,,-1571,1072,454;12,933,30,1,2,135,,1635,-986,462,,369,538,458
KSBA|1|SBA|Santa Barbara~5|44262|1600|4|07,1840,46,1,1,89,,131,-1466,3,,173,540,3;15L,1277,23,1,0,166,,459,-39,3,,-654,304,2;15R,1277,30,1,1,166,,435,-156,2,,-679,188,2
KSDM|1|SDM|Brown Field~5|25726|30200|160|08L,2430,46,1,1,95.6,,120,-1300,160,,-90,1200,155;08R,971,23,1,0,95.6,,-100,-400,159,,-190,600,154
KSGU|1|SGU|St George~4|70364|64897|896|1,2835,46,1,1,23,,-1180,-620,863,,1170,620,879
KSLI|1||Los Alamitos Army Air~a|37909|19497|10|04R,2438,61,1,1,55,,-713,-997,6,,549,1164,11;04L,1799,46,1,1,54,,-559,-1179,6,,371,414,8;17,762,46,1,2,180,,270,230,,,-420,230
KSMO|1|SMO|Santa Monica~5|40158|15490|52|03,1067,46,1,1,45,,-343,-441,39,,345,373,52
KSOW|1|SOW|Show Low~4|42641|99929|1955|07,2195,30,1,1,76,,-30,-1190,1950,213,450,1110,1951,229;04,1200,18,1,0,48,,-350,10,1951,,370,910,1951
KTPH|1|TPH|Tonopah~1|80602|29130|1655|15,2182,23,1,1,165,,730,-600,1654,,-1140,100,1643;11,1725,15,1,0,125,,700,-500,1654,,-160,1100,1654
KTRM|1|TRM|Jacqueline Cochran~4|36267|38400|-35|17,2591,46,1,1,180,,1245,358,-35,,-1091,357,-41;12,1522,30,1,1,135,,347,-1099,-35,,-624,62,-40
KTVL|1|TVL|Lake Tahoe~1|88939|50|1909|18,2603,30,1,1,192.9,,1140,300,1905,,-1140,-400,1908
KVGT|1|VGT|North Las Vegas~1|62091|48060|672|07,1526,23,1,1,88.6,,420,-900,672,,450,800,662;12R,1524,23,1,1,134.3,,560,-900,672,,-400,300,659;12L,1280,23,1,1,134.3,,330,-200,667,,-470,800,655
KVIS|1|VIS|Visalia~5|63187|6070|90|12,2000,46,1,1,134.9,,630,-800,89,84,-640,800,90
KVNY|1|VNY|Van Nuys~1|42098|15100|244|16R,2439,46,1,1,176,,912,-126,242,436,-1280,81,227;16L,1223,23,1,1,176,,919,-2,241,436,-179,102,235
KWJF|1|WJF|General William J Fox~9|47411|17810|717|06,2195,46,1,1,72.1,,-310,-1100,716,,300,1200,712
KXTA|||Homey (Area 51)~1|72350|41890|1360|14,3658,,0,0,,,,,1369,,,,1369;12,1652,,0,2,,,,,1369,,,,1369
#US|S
00AZ|||Cordes~1|43056|78350|1161|15,518,18,5,0
00CA|||Goldstone (GTS)~1|53547|31147|926|04,1829,24,1,0,50,,-540,-770,,,560,730
01NV|||Lantana~b|87639|9730|1402|18,610,18,5,0
01U|||Duckwater~1|88498|43650|1562|15,1036,24,6,0;03,823,23,6,0
02CL|||Conover Air Lodge~1|47611|9410|1573|16,914,18,6,0
03AZ|||Thompson International Aviation~1|14310|99119|1303|E/W,1097,18,6,1
04CA|||Gray Butte~a|45666|23293|920|8,2438,46,1,0,90,,0,-1230,,,10,1320
04CL|||Hunt's Sky~b|30817|35590|704|08,579,30,5,0,,,21,-238,,,-41,390,,183
04NV|||Kingston~b|57555|43350|799|02,988,14,1,1,33.5,,-370,-300,,,370,300
04UT|||Navajo Mountain~1|70067|92053|1878|04,1128,15,6,0
09AZ|||Stronghold~1|19248|99600|1515|06,716,24,6,0
0AZ2|||Western Sky~1|37782|63594|588|17,1067,13,1,0,183,,460,-40,,,-490,-140;12,457,30,5,0,131,,120,-340,,,-150,60
0AZ4|||Flying Bucket~b|29823|77130|459|01,884,40,4,0
0AZ5|||Castle Well~1|38659|73967|634|17,792,18,1,0,,,,,,206
0CA5|||Hoffman Private~1|31431|32550|945|11,427,9,1,0
0CA6|||Emory~b|27494|39839|146|04,732,12,1,0,,,-171,-367,,,177,343
0CL0|||Yosemite Hidden Lake~b|71180|870|152|17,1134,23,6,0
0CL1|||Krey~g|45694|24440|927|07,1024,30,6,0;16,622,30,6,0
0CL3|||John Nichols~g|26335|31094|149|09,621,9,6,0;05,549,15,6,0
0CL6|||Bohunk's~j|46946|17229|735|09,579,21,6,0,,,,,,61
0CL8|||Tera Ultralightport|55911|23687|765|06,1067,24,4,0,,,,,,,,,,244;H1,24,24,8,0
0L4|||Lida Junction~1|74909|28112|1428|18,1859,24,6,0
0Q4|||Selma~1|65816|3420|93|10,672,15,1,1,,,90,-300,93,54,-240,500,90
10AZ|||Pierce~1|33664|73820|262|08,1038,46,1,1,90,,0,-600,262,,0,500,262
11AZ|||Whetstone~1|16836|97099|1295|08,1173,46,4,0
11CA|||Turner~a|66733|2780|91|07,549,12,6,0
11CL|||Hansen~1|46300|23470|879|07,1791,24,6,0
12AZ|||Ranta Strip|38539|73470|561|E/W,732,30,5,0
12CL|||Newton~a|61569|1500|59|14,850,12,1,1,,,,,,40
14AZ|||Ruby Star~j|19095|88797|1227|06,1311,15,1,0,71.1,,-310,-870,,,80,430
16AZ|||Yav'pe Ma'ta~1|45089|73200|1331|02,884,15,6,0
18AZ|||Sky Ranch At Carefree~1|38185|81017|783|06,1228,15,1,1,72.6,,-210,-570,759,,120,630,783
19AZ|||Montezuma~1|46045|81352|1027|17,1006,18,1,1,182.6,,490,-120,,,-390,-20
1AZ0|||Bishop~9|31119|77310|384|09,1372,23,1,1,101.7,241.6,-1050,-500,,,-1300,1000
1AZ6|||Skyline Air~b|15568|98926|1274|6,411,18,6,0
1AZ8|||Willow Springs~b|52958|56270|1143|13,914,30,6,0
1CA1|||Belridge Strip|54679|2780|175|NW/SE,1707,26,1,1,,180,,,,,,,,6
1CA6|||On the Rocks~1|27651|32770|808|15,713,18,5,0,,,-117,-72,,,-635,118
1CL1|||Little Buttes Antique~9|47941|17220|742|06,884,24,4,0,,199,,,,61,,,,152
1CL2|||Pontious~1|49425|18300|796|03,579,15,6,0;07,396,15,6,0
1L4|||Kidwell~1|53055|51176|794|15,1262,20,6,1,,321
1NV1|||Fallon Southwest~j|94127|11642|1204|17,808,8,5,0
1Q1|||Kingtech~a|61625|9496|130|13,610,15,1,0,,218.7,230,-160,,56,-250,140,,81
1Z1||GCT|Grand Canyon Bar Ten~6|62580|67689|1250|16,1219,12,6,0,,,480,10,,,-780,110
23AZ|||Moreton~j|40195|71740|748|13,1372,23,6,1,,,,,748;17,792,22,6,0;09,610,23,6,0
24AZ|||Pleasant Valley~6|41581|90650|1734|06,1204,11,5,0
24CL|||Boswell~1|60884|4586|62|14,2077,23,1,0,157.1,,910,-560,62,,-840,340,62
25CA|||Loma Madera~b|31792|32070|1029|06,701,12,1,0
26AZ|||Flying Dare's~b|40120|67970|668|12,610,15,6,0
26NV|||Darrow~a|94534|11337|1209|16,757,8,1,0
27AZ|||Eagle Roost~j|39193|68322|672|17,1191,12,1,1,184.9,,540,80,664,74,-510,-20,671,61
27CA|||Holiday~b|45611|29190|994|16,884,24,6,0;07,792,24,6,0
28AZ|||Sampley's~1|39228|68190|673|17,1067,23,6,0
2AZ1|||Indian Hills~j|37603|63853|569|08,671,12,1,0
2AZ4|||Millar~1|30537|78540|370|16,792,23,6,0
2CA2|||Cones~a|41628|39520|549|05,427,30,6,0;17,396,30,6,0;12,320,137,6,0
2CA3|||Crosswinds~1|41610|40044|559|09,792,61,6,0;18,427,61,6,0
2CA4|||Blackinton~1|32589|29080|352|17,671,15,1,0,,,,,,,,,,40
2CA8|||B & E~b|44206|33890|851|N/S,792,17,6,0;NW/SE,732,17,6,0
2CN3|||Tenaja Valley~1|35127|26695|716|18,427,18,5,0,,238
2CN4|||Wonderful Pistachios & Almonds~1|56646|1065|188|16,1525,18,1,1,176.2,268.8,-1040,1150,,,-2070,1250
2CN8|||Lake Arrowhead~1|43042|28486|1405|09,966,23,5,0,,235
2NV2|||Gibb~b|98356|3241|1293|16,1219,12,6,0
2Q5|||Parker Carson~1|92016|3166|1505|06,518,12,5,0,60,,-120,-260,1505,,110,240,1505
2Q9|||Dyer~1|76097|19940|1493|12,875,15,6,0
2UT2|||High Meadow~b|75208|73580|2524|08,631,12,4,0
32CA|||Stone~6|63315|1748|67|16,774,9,1,0
33AZ|||Yolo~b|47932|70255|1814|14,1219,15,5,0
36CA|||Stone Land~8|61319|140|81|16,1006,9,1,0,173.1,,450,0,,,-470,100
37AZ|||Sarita~1|29356|85150|446|17,853,24,1,0
37CA|||Billy Joe~1|35070|29290|411|04,671,12,6,0
37CL|||Lyall-Roberts~1|33245|30100|282|04,518,15,6,0
3AZ5|||Hualapai~1|55722|67080|1621|07,1460,9,1,0,83.5,,-220,-800,,,220,700
3Q0|||Mina~1|83833|18990|1387|13,1402,50,6,0
40AZ|||Boulais~b|30789|78710|378|08,610,23,6,0
41AZ|||Ak Chin Community~9|29916|79764|369|17,899,11,1,0
42CN|||Peg~a|67091|5950|140|09,948,18,5,1
43NV|||Topaz~b|87287|5339|1544|18,1318,15,5,0,,,,,1543,,,,1527;3,710,15,5,0,,,,,1535,,,,1544
44A|||Rolle~9|25184|53020|50|17,853,18,1,0,,,170,0,,,-600,0
44AZ|||Sandhill~b|69319|80300|1789|NW/SE,805,30,6,0
46CN|||Crystal~1|44848|21741|1042|07,1372,76,1,0,84,334.1,-80,-810,,,60,690
48AZ|||Rimrock~1|46507|82117|1090|05,701,23,1,1
4AZ6|||Parsons~a|49981|65380|1146|15,457,12,4,0,,228,,,,91,,,,51
4AZ8|||The Ultralight Strip Ultralightport|22942|86552|646|02,503,23,6,0;14,503,23,6,0;08,259,23,6,0
4CL4|||Rabbit~b|44568|29711|897|08,1076,30,6,0;14,671,30,6,0
50AZ|||Rocky Ridge~1|60597|94120|1812|03,762,14,6,0
51CA|||Kelly~1|44236|33830|855|12,917,30,6,0
52AZ|||X Bar 1 Ranch Upper Headquarters~1|53808|66990|1702|NW/SE,1463,14,6,0
52CL|||Adelanto~1|45375|25390|937|E/W,1554,30,6,0,,,,,,91,,,,91;N/S,1198,30,6,0,,,,,,91,,,,91
54AZ|||Somerton~1|26025|53325|54|17,914,18,5,1,,263.1;14,640,24,6,0;04,320,24,6,0
54CL|||Lake Riverside Estates~1|35209|32030|1039|10,1095,12,6,0
55AZ|||Potters~a|28740|80406|399|18,732,15,6,0
56AZ|||Mauldin~6|34824|69983|364|11,884,18,5,0
56CL|||Morris Ag Air SW~1|35917|53943|80|16,732,15,1,0
57AZ|||La Cholla~j|24466|89971|896|01,1423,13,1,1,21.9,265,-440,-510,,30,450,490;HI,13,13,1,0
57CL|||Boron~6|50014|23897|762|17,732,12,6,0;07,698,15,6,1,,281.6;14,579,14,6,0,,278,,,747
58AZ|||Chapman Ranch~6|40936|90672|1559|01,935,15,5,0
58CL|||Borrego Air~b|31917|37240|175|08,796,14,1,0,95.8,,20,-500,,76,-60,500;18,335,8,1,0
59AZ|||Robin STOLport|47362|75503|1455|02,457,8,5,0,,,,,,,,,,6
5AZ3|||Pegasus~j|32087|83828|442|08,1562,24,1,1,92.5,224,410,-780,,274,350,820
5AZ6|||Motown~1|29250|77406|24|06,823,20,6,0
5AZ7|||Carranza Farm~6|28472|80492|396|16,640,30,1,0
5CA4|||Ludlow~1|47287|38413|518|08,794,18,1,0
5CL0|||Grupe~b|73396|1425|495|09,853,15,1,0
5CL7|||Gene Wash Reservoir~1|43081|58130|262|11,671,9,1,0
5CL8|||Creekside~1|51761|10770|102|16,610,30,0,0,174,,430,-500,,,-310,-400
5CL9|||Table Mountain~a|71413|4920|390|15,610,15,6,0
60AZ|||Wood's~6|38381|65460|598|15,579,15,6,0
62CL|||Flying Pear~b|54072|14989|1062|07,1143,15,6,0,,339.9,,,,,,,,152
63CA|||Desert Air Sky~b|34811|41260||10,914,30,6,0
65CL|||Al Divine~1|65144|2360|77|16,732,30,1,0
68AZ|||Music Mountain Air~b|54751|62310|1052|03,914,15,6,0;17,564,15,6,0
68CN|||Porter~b|60232|19036|2073|09,792,46,6,0
6AZ2|||Wisky Ranch/Chevlon~1|46168|93720|1881|18,1524,24,6,0;09,1036,24,6,0
6AZ8|||Flying Diamond~1|19378|88810|1158|07,808,11,1,0
6CA5|||Valley Vista~1|43372|34200|1027|18,914,18,6,1,,208;09,853,12,6,0
6CA8|||Depue~1|48562|28627|705|01,549,27,6,0
70CL|||Amargosa~1|62958|35740|621|17,495,15,6,0,,,813,871,,,293,823
72CL|||Iron Mountain Pumping Plant~1|41342|48810|271|17,975,9,1,1,183.1,,410,0,,,-450,0
73AZ|||Dunton~b|52017|66382|1559|06,1463,18,1,0,72.7,,-170,-720,1537,,220,880,1559
73CL|||Julian Hinds Pump Plant~6|36981|43618|407|04,610,9,1,0
74AZ|||Rancho San Marcos~1|16196|99526|1327|18,1463,15,6,0,,360
77CA|||Daulton~1|71208|120|130|09,518,29,6,0
77CL|||Baker & Hall~1|67177|8630|655|E/W,1036,30,6,0
77NV|||Flying Eagle~1|98436|3135|1287|16,1391,9,1,1,,,,,,256,,,,120;7,1234,6,1,1,,,,,,121,,,,124
79AZ|||Sentiel~1|23063|87159|643|2,1227,15,1,0
7CA1|||Abraham~b|44147|33770|869|09,1219,23,6,0
7CA2|||Paradise Lakes~1|51767|10730|104|16,823,18,1,0,174.3,275,370,-100,,,-370,0
7CL8|||Geyser~b|86641|53680|1822|17,1356,18,6,0
82AZ|||Ridgeline~j|17452|90479|1082|9,1372,15,1,0
86CL|||Ernst~a|35972|31170|872|02,911,11,5,0
88AZ|||Grapevine~6|36409|89431|710|17,1158,12,1,0
8CA0|||Osborne~1|45838|27333|884|02,792,24,1,0
8CL1|||Lake Wohlford Resort~1|31759|29981|501|03,410,9,6,0
92CA|||Westlake Farms~1|61208|1120|59|14,1097,15,1,1,155,,30,-500,59,122,-890,0,57
93AZ|||Inde Motorsports~b|22247|99926|1360|08,1158,18,1,0,90,,2,-500,1372,0,-2,740,1356
99AZ|||ADC~1|33956|67771|373|8,1554,30,6,0
99CL|||El Mirage Field Adelanto~1|46244|23993|873|04,1128,46,1,0,60.1,197.4,-80,-430,871,,420,570,867;16,1128,46,1,0,178.7,271,420,570,867,,-580,670,873;07,975,46,1,0,90,226,-80,-430,871,,-80,570,870
9CA0|||Psk~b|51139|14020|1170|05,896,12,5,0
9CA7|||Harris River~b|67672|5640|137|07,920,9,1,0,78.2,201,-50,-500,,,110,500
9CL4|||Hart Mine~1|52872|48056|1408|E/W,914,37,6,0;N/S,914,37,6,0
AN01|||Av~b|28167|96830|1067|13,762,11,6,0
AZ01|||Outback Ranch~6|38477|64289|604|08,671,15,6,0
AZ03|||Cliff Dwellers Lodge~1|67341|82469|1285|04,1164,12,6,0,,0.2,,,1283
AZ05|||Lakeside~j|31125|73373|233|16,838,11,1,0
AZ13|||Schu~b|30172|77206|430|17,610,27,6,0
AZ21|||Four Pillars~1|17446|97521|1250|17,1219,53,6,0
AZ26|||Evelyn~a|13689|98725|1293|03,951,15,4,1,,0.1;08,732,15,6,0
AZ27|||Big Springs~b|49098|74673|1348|06,1280,23,6,0
AZ28|||Thunder Ridge~j|38215|74270|584|17,792,12,1,1,,253.5,,,,137
AZ31|||Serene~a|29967|77280|444|17,1207,30,6,0
AZ32|||Roesner~b|38475|74120|628|18,1433,18,5,0
AZ34|||Massey~h|46932|59036|497|18,402,18,6,0
AZ43|||Hidden Valley~1|30540|78265|379|08,808,15,6,0
AZ45|||China Peak Observatory~1|27292|97040|1463|01,1372,46,4,0;04,945,38,4,0;15,594,34,4,0;12,503,37,4,0
AZ46|||Morgan Ranch~6|47648|74535|1532|11,671,9,6,0
AZ50|||Triangle~j|57155|55216|737|17,1189,15,6,0;08,562,15,6,0
AZ57|||Pilots Rest~1|49316|74846|1366|09,1600,23,5,0
AZ61|||G M~b|29018|77621|493|17,805,24,6,0
AZ63|||Twin Hawks~j|25280|88040|698|04,853,23,6,1,,354.6
AZ64|||Rio Vista Hills~1|39523|73130|678|01,762,23,6,0
AZ67|||El Tiro Gliderport|24270|86100|640|08,1561,30,6,0,,287,,,,152,,,,152;08L,1524,30,1,0,,259,,,,152,,,,152;08R,1524,30,6,0,,251.1,,,,152,,,,152;17L,1524,30,6,0,,296.6,,,,152,,,,152;17R,1524,40,6,0,,183,,,,152,,,,152
AZ78|||Arizona Bay~1|30038|77238|433|14,610,18,6,0
AZ82|||Mogollon~j|43993|94704|2029|03,1042,15,1,0,41.2,255,-560,-440,,,150,360
AZ85|||Tonopah~1|35336|70398|380|13,937,18,6,0
AZ86|||A C Goodwin Memorial Field Gliderport|46842|77080|1517|03,762,15,4,0
AZ90|||Hangar Haciendas~j|33499|78771|373|08,742,7,1,0
AZ97|||X Bar 1 Ranch Lower~1|53501|63105|1131|N/S,1295,12,6,0
CA05|||Machado Dusters~1|61602|1870|59|14,792,18,1,1,,248,,,,,,,,218
CA13|||Reedley College~1|66069|5365|107|18,610,23,4,0
CA40|||Central Valley Aviation Inc~1|65213|3300|84|N/S,792,46,6,0
CA41|||Quinn~1|65833|3600|94|13,732,30,1,0
CA42|||McConville~6|36441|25705|792|18,549,15,5,0,194,339,49,26,,,-184,-82
CA44|||Sequoia~b|61499|11980|351|N/S,853,30,1,0
CA49|||Jones Farms~1|62041|1590|61|15,579,15,1,0,,234,,,61,,,,60
CA70|||Sun Hill~b|47580|25030|910|07,1615,27,6,0,,217,,,910,85,,,,107;12,1158,24,6,0,,214,,,,116,,,,76
CA75|||Reider~b|26386|33591|809|16,634,23,6,0
CA76|||Flying T~b|30703|32480|762|03,610,23,4,1,,352
CA84|||Torrey Pines Gliderport|28897|27530|113|09,457,9,6,0,,,16,-90,,,-54,133
CA89|||Skylark~1|36323|26991|382|11R,823,30,5,0,,,247,-474,,,-331,404;11L,785,30,5,0,,,360,-373,,,-196,464
CA90|||Cadiz~6|45141|44817|238|08,1609,15,1,0,93.1,209,20,-970,,,-60,730
CA97|||Christy~6|40189|1484|76|09,764,15,4,0
CL13|||Brian~b|45153|22380|985|03,446,15,6,0,,272.4,,,,91
CL24|||Kindsvater~b|68499|4900|161|02,610,20,6,0
CL25|||7R~b|49356|5481|968|11,716,12,4,0
CL29|||Camino~6|48350|50430|634|12,914,9,6,0
CL33|||Pauma Valley Air Park|33106|30020|230|11,823,15,1,0
CL35|||Warner Springs Gliderport~1|32845|33250|879|08,1067,21,1,0,93.7,12.6,20,-700,,,-60,800
CL46|||Quail Lake Sky Park~1|47678|12680|1027|08,945,12,1,0,91.9,261.9,0,-500,,,-30,600
CL74|||Skyotee~b|48319|15990|792|07,792,30,6,0,,215.8,,,,122
CN15|||Vineyard Oaks~h|63692|2140|64|16,664,15,4,0,,1,,,,110
CN23|||Harvard~1|49617|33250|556|07,805,30,6,0
CN37|||Kelso Valley~1|53813|17690|1234|01,1216,30,6,1,,307,-300,300,,,670,900;17,933,30,9,0,,223
CN98|||Walters Camp~1|32456|52897|94|06,762,15,6,0
E68|||Estrella Sailport Gliderport|30853|78390|388|07,1140,6,6,0;06R,768,9,1,0,,,-110,-400,,,80,300;06C,608,8,6,0;06L,582,8,6,0
E79|||Sierra Sky Park~1|68402|1306|98|12,754,15,1,1,,193.8,260,-360,,101,-270,340
E81|||Superior~5|32814|88711|807|04,991,23,5,0
K05U||EUE|Eureka~1|96042|39950|1815|17,2225,18,1,1,190.9,1.5,550,200,,,-1450,-200
K0L7|||Jean~1|57683|46700|863|02L,1402,23,1,1,31,212,-490,-400,,,580,400;02R,1128,18,1,0,31,212,-490,-300,858,,370,400,863
K0L9|||Echo Bay~1|63111|55360|468|06,1036,15,1,0,79.5,196,-110,-500,,,60,600
K0O2|||Baker~1|52871|39183|281|15,962,15,1,1,166,,260,-130,279,,-600,70,280,180
K0V7||MVM|Kayenta~1|67164|97716|1734|05,2176,23,1,1,61.8,267.4,-550,-1460,,,250,740
K1G4||GCW|Grand Canyon West~1|59858|61829|1471|17,1524,23,1,0,185,209,460,110,1451,,-930,-90,1471
K1L1|||Lincoln~8|77871|55800|1472|17,1404,18,1,1,182,233.7,670,-100,1472,,-590,-100,1463
K1L3|||Searchlight~1|54444|50910|1039|16,1536,21,1,0,180,350,670,0,,,-720,0
K1L7|||Escalante~5|77453|84300|1747|13,1534,18,1,1,139,,520,-600,1747,,-520,500,1742
K1L8|||General Dick Stout~a|71389|66940|1020|18,1039,12,1,0,193.5,270,450,100,,,-460,-200
K1L9|||Parowan~1|78597|71840|1807|04,1524,23,1,1,55.8,315.3,-410,-700,,,360,700
K2O7|||Independence~1|68154|17955|1191|14,1077,18,1,1,157,,520,-350,1187,,-380,250,1187;05,457,9,6,0,68,,90,-350,1191,,240,150,1183
K38U|||Wayne Wonderland~1|83625|84040|2141|13,1735,23,1,1,142.8,,640,-600,,,-650,600
K3L2|||Sky~b|57953|43730|792|03,1018,14,1,0,43.8,,20,0,787,,680,800,792,55;12,1006,32,6,0,134,,440,-600,788,,-190,200,786
K40G||VLE|Valle~1|56506|78520|1828|01,1280,14,1,1,21,,-540,-300,1828,,530,200,1825
K41U||NTJ|Manti-Ephraim~1|93291|83850|1676|03,1530,23,1,1,45.4,,-220,500,1667,,670,1600,1679
K44U||SBO|Salina Gunnison~1|90291|81620|1572|02,1175,18,1,1,37.3,,-430,-400,,,410,400
K49X|||Chemehuevi Valley~1|45288|55680|192|16,1524,23,1,1,180,,540,100,192,,-820,100,192
K4SD|||Reno-Stead~1|96674|1240|1539|14,2743,46,1,1,154,,1600,-600,1536,,-610,900,1537;08,2319,46,1,1,96,,-310,-1600,1522,,-520,1100,1539
K69V|||Huntington~5|93612|90830|1803|08,1234,23,1,1,90,,-10,-700,1799,65,-10,700,1790;12,1109,24,4,0,139.7,,390,-400,1803,,-370,500,1790;18,634,30,4,0,195.9,,350,-500,1799,,-180,-700,1795
K9L2|||Edwards Af Aux North Base~1|49908|21370|701|06,1828,46,1,1,75,,-227,-983,701,,223,944,694
K9U3||ASQ|Austin~1|94677|28024|1747|12,1829,46,1,2,140.2,,660,-440,,,-600,860;18,1829,23,1,1,200.2,,650,560,,,-900,-240
K9U7|||Currant~b|87360|45200|1579|03,1554,24,4,0,31,,-600,-500,1554,,610,400,1579
KA09|||Eagle~j|48875|53834|148|17,1463,15,1,0,182.9,,660,60,,147,-660,-40
KA20|||Sun Valley~1|50059|54349|221|18,1128,13,1,1,192.9,,1160,310,,,160,10
KA34|||Dayton Valley~j|92386|4450|1345|05,1629,12,1,0,65,,-330,-900,1345,302,290,800,1333
KA39|||Ak-Chin~4|29908|80815|396|4,1448,15,1,1,41,,-430,-750,,,600,350
KAJO|||Corona~5|38977|23980|162|07,975,18,1,1,91,,20,-600,158,59,0,500,162
KAPV|1|APV|Apple Valley~1|45753|28140|933|18,1981,46,1,1,196,,1220,300,933,,-490,-300,906,182;08,1250,18,1,1,90,,-570,-800,902,,-570,600,907
KAVQ|1|AVW|Marana~4|24091|87838|619|12,2103,30,1,1,135.5,,860,-980,613,,-500,520,619;03,1186,23,1,1,45.5,,-570,-680,615,151,180,220,617
KAVX|1|AVX|Catalina~1|34049|15840|488|04,914,23,1,1,54,,-250,-400,488,37,240,400,488
KAZC|||Colorado City~5|69592|69868|1486|11,1920,23,1,1,122.5,,550,-1080,1486,,-380,720,1486;02,1554,18,1,0,28,,-560,-380,1486,,680,420,1486
KBNG|1|BNG|Banning~5|39225|31493|676|08,1510,30,1,1,91,,11,-846,676,,0,787,638
KBTY|1|BTY|Beatty~1|68611|32130|966|16,1711,18,1,1,178.4,,730,0,966,,-800,0,943
KBWC|1|BWC|Brawley~5|29929|44830|-39|08,1270,18,1,1,90,,0,-700,-39,120,10,700,-41
KBXK|1|BXK|Buckeye~5|34224|73137|315|17,1676,23,1,1,182,,770,30,315,,-740,-70,303;11,1036,82,1,2,120.2,,-210,-370,,,-680,530;05,1009,91,1,2,60.6,,-210,-370,,,230,530
KCCB|1|CCB|Upland-Cable~1|41116|23120|440|06,1177,23,1,1,69,,-188,-537,424,32,190,656,436,48
KCGZ|1|CGZ|Casa Grande~5|29549|82330|446|05,1585,30,1,1,59.9,,-360,-700,441,,360,800,446
KCHD|||Chandler~5|32691|81890|379|04R,1484,23,1,1,49.6,,-340,-300,377,,530,900,379;04L,1341,23,1,1,49.6,,-500,-900,375,,280,200,377
KCLR|1|CLR|Cliff Hatfield~i|31315|44790|-55|08,1043,15,1,0,90.7,,-10,-600,-56,37,-20,500,-55,70
KCMR|||H.A. Clark Memorial~a|53056|78056|2036|18,1830,30,1,1,192.3,,470,240,,,-1140,-160
KCNO|1|CNO|Chino~1|39747|23630|198|08R,2134,46,1,1,89,,-118,-975,189,,-99,1334,194;03,1499,46,1,1,44,,-407,-479,184,,558,656,199;08L,1481,46,1,1,89,,102,-978,188,,115,625,194
KCPM|1|CPM|Compton Woodley~1|38900|17560|30|07L,1013,18,1,0,90,,17,-529,30,224,23,565,30,207;07R,1013,18,1,1,90,,-38,-529,30,224,-32,565,30,207
KCXL|1|CXL|Calexico~3|26695|44870|1|08,1427,23,1,1,91,,-190,-1200,1,,-220,300,2
KD86|||Sequoia~a|64486|6810|95|13,918,18,1,1,144.8,,330,-300,94,64,-330,300,95
KDLO|||Delano~5|57456|7630|96|15,1725,23,1,1,159,,720,-300,95,500,-720,400,95
KDTA|1|DTA|Delta~5|93806|74920|1451|17,1849,23,1,1,180.3,,1060,600,1451,,-460,600,1449;12,1809,26,1,0,132.2,,280,-1300,1449,323,-820,300,1449,84
KDVT|1|DVT|Phoenix Deer Valley~1|36883|79170|450|07R,2498,30,1,1,86,,-150,-1300,440,273,10,1400,450;07L,1372,23,1,1,86,,90,-600,443,,170,800,450
KE25|||Wickenburg~5|39702|72040|725|05,1860,23,1,1,60.9,,-460,-1000,727,162,200,500,725
KE51||BGT|Bagdad~1|45928|68280|1275|05,1394,18,1,1,62.4,,10,-500,1261,,600,900
KE60|||Eloy~5|28070|84130|461|02,1189,23,1,1,37.1,,-420,-400,461,,410,400,459
KE63|||Gila Bend~5|29581|73220|240|04,1585,23,1,1,57.3,,-390,-800,,,380,700
KE67|||Kearny~1|30476|90910|559|08,1036,18,2,0,91.5,,10,-600,,59,-20,500,,61
KE77|||San Manuel~1|26365|93530|998|11,1282,23,1,0,125.5,,320,-600,,,-340,500
KE78|||Sells~1|19329|81060|734|04,1777,18,1,0,51.6,,-500,-800,716,,490,700,734
KE95|||Benson Municipal Airport/Paul Kerchum~a|19994|96418|1167|10,1220,23,1,1,111.1,,230,-580,,,-170,720
KEMT|1|EMT|San Gabriel Valley~1|40861|19650|90|01,1218,23,1,1,25,,-506,-270,86,88,487,297,90,195
KF70||RBK|French Valley~1|35742|28720|411|18,1829,23,1,1,192.4,,800,200,408,,-810,-300,408
KFCH|1|FCH|Fresno Chandler Executive~1|67324|1800|85|12,1106,23,1,1,125,,263,-538,86,129,-318,468,86,166;12R,976,23,1,3,125.8,,230,-500,84,73,-280,400,84,91;12L,916,23,1,2,125.8,,260,-300,84,60,-230,500,84,61
KFFZ|1|MSC|Falcon~a|34608|82720|425|04R,1554,30,1,1,51.2,,-490,-600,416,,390,700,425;04L,1158,23,1,1,51,,-248,-619,416,,405,349,422
KFLX|1|FLX|Fallon~5|94991|12510|1208|03,1739,23,1,1,48.5,,-470,-800,1208,30,560,800,1207;13,1091,18,6,0,146,,410,-400,1207,,-540,500,1207
KFOM|1|FIL|Fillmore~5|89583|76370|1519|04,1536,23,1,1,53.3,,-410,-700,,,410,700,1520
KFUL|1|FUL|Fullerton~5|38720|20200|29|06,951,23,1,1,77,,-93,-484,26,130,100,520,29,77
KGAB|1|GAB|Gabbs~1|89232|20428|1433|09,1814,20,6,0;16,808,23,6,0
KGBN|||Gila Bend Air Force Auxiliary~1|28875|72800|269|17,2592,46,1,1,181.2,,1170,0,251,,-1170,0,262;05,1585,46,1,2,60.7,,-30,-1500,255,,670,0,253;11,1585,46,1,2,120.3,,360,-1500,255,,-360,0,261
KGEU|||Glendale~5|35269|77050|326|01,2179,30,1,1,26.1,,-880,-500,318,214,870,500,325
KGYR|1|GYR|Phoenix Goodyear~1|34225|76240|295|03,2591,46,1,1,38,,-890,-900,295,,940,800,295,640
KHJO|||Hanford~5|63167|3720|73|14,1579,23,1,1,152,,630,-400,74,,-620,500,74
KHMT|1|HMT|Hemet Ryan~1|37340|29770|461|05,1315,30,1,1,63,,-325,-615,457,,215,647,460;04,614,8,1,0,64,,-2,-115,459,,250,476,460
KHND|1|HSH|Henderson Executive~1|59728|48660|760|17R,1982,30,1,1,180.7,,800,-100,732,,-970,-200,760;17L,1524,23,1,1,180,,800,100,733,,-560,100,754
KHTH|1|HTH|Hawthorne Industrial~1|85444|13660|1285|10,1829,30,1,1,116,,320,-900,1273,,-410,1000,1284;15,991,40,6,0,164,,710,200,1267,,-210,500,1283
KHVE|1|HVE|Hanksville~1|84180|92960|1355|09,1524,23,1,1,93,,60,-1200,1355,183,-20,800,1355,183;17,1476,37,4,0,185.2,,1370,100,1355,,10,0,1355
KINS|1|INS|Creech Air Force Base|65872|43270|955|08,2744,46,1,1,92.3,,-270,-2300,955,,-370,800,945;13,1669,30,1,0,144.9,,770,-500,944,122,-330,500,947
KIYK|1|IYK|Inyokern~1|56588|21700|749|15,2164,23,1,1,165.8,,810,-400,748,,-1110,200,740;02,1913,23,1,1,30.7,,-1050,-300,744,,360,700,748;10,1265,23,1,1,115.5,,910,-500,748,,430,800,735
KKNB|1|KNB|Kanab~5|70111|74690|1484|01,1890,23,1,1,20.9,,-850,-400,1470,,740,300,1484
KL00|||Rosamond Skypark~1|48708|17910|736|08,1097,15,1,1,90,,0,-600,,91,0,600,,61
KL05|||Kern Valley~1|57282|15803|797|17,1067,15,1,0,188.2,,490,70,797,,-460,-130,795
KL06||DTH|Furnace Creek~1|64638|31190|-64|15,934,21,1,1,167.9,,430,-100,,,-410,100
KL08||BXS|Borrego Valley~1|32590|36790|158|08,1527,23,1,1,88.8,,-10,-800,158,,20,800,158
KL09|||Stovepipe Wells~1|66041|28410|8|05,994,20,1,0,54.3,,-270,-500,8,,260,500,5
KL17|||Taft Kern~8|51415|5614|267|07,1001,18,1,1,83.4,,-40,-240,,,70,960;03,479,18,1,2,48.8,,-40,-240,,,240,160
KL19|||Wasco Kern~8|56197|6460|95|12,1030,18,1,1,138.7,,340,-300,91,139,-360,400,95,73
KL22|||Yucca Valley~1|41297|35926|983|06,1330,18,1,1,71.3,,-390,-760,975,110,0,640,983,101
KL23|||Pahute Mesa~6|71021|36872|1545|18,1741,30,1,0,193.9,,760,180,1545,,-760,-220,1516
KL26|||Hesperia~1|43772|26840|1033|03,1192,15,1,1,47.2,,-360,-500,,91,360,500,,168
KL35||RBF|Big Bear City~1|42638|31440|2058|8,1783,23,1,1,90,,-20,-800,2057,113,-10,1100,2058,183
KL41||MYH|Marble Canyon~1|68125|83530|1098|03,1132,11,1,0,40.8,,-390,-400,1093,,390,400,1098
KL62|||Elk Hills Buttonwillow~1|53527|5210|99|11,994,15,1,0,131.6,,290,-300,,,-300,500
KL64|||Desert Center~1|37476|46749|170|05,1280,15,1,0,67.3,,-120,-390,170,,320,810,158
KL65|||Perris Valley~1|37609|27820|431|15,1554,15,1,0,165,,1047,-288,431,579,-264,87;18,290,9,5,0,,,-65,-116,,,-320,-113
KL70|||Agua Dulce~j|45036|16871|811|04,1402,15,1,0,53,,-390,-610,804,177,380,590,778,255
KL72||TRH|Trona~1|58125|26730|523|17,1801,18,1,1,177,,580,0,523,,-1050,0,499
KL73|||Poso Kern~8|55966|8720|194|16,914,18,1,0,180,,400,0,194,64,-410,0
KL77|||Chiriaco Summit~1|36647|42892|522|06,1219,15,1,0,76,,-110,-720,522,,200,780,509
KL88|||New Cuyama~1|49375|3120|671|10,1201,18,1,0,115.4,,230,-600,,,-230,500
KL94|||Mountain Valley~1|51011|15770|1286|09L,1490,11,1,0,105.9,,200,-800,,,-190,800;09R,1490,11,1,0,106.5,,170,-800,,61,-250,900
KLGF|1|LGF|Laguna Army~9|28608|56038|132|18,1872,46,1,1,190.7,,1460,320,124,,-180,-80,110;06,1842,30,1,0,76,,-100,-480,111,,300,1420,129
KM45|||Alpine~8|87347|2330|1788|17,1354,15,1,0,184,,610,0,1776,,-600,-100,1789
KMEV|1|MEV|Minden-Tahoe~1|90003|2490|1439|16,2255,30,1,1,180,,1120,-100,1435,,-910,-100,1438;12,1615,23,1,0,135,,520,-800,1433,,-510,600,1439;12G/30G,625,18,6,0
KMIT|1|MIT|Shafter Airport - Minter~a|55074|8080|129|12,1372,30,1,1,133,,330,-900,125,,-520,200,125;17,906,30,2,0,180,,190,600,128,,-630,600,126
KMLF|1|MLF|Milford Municipal-Ben and Judy Briscoe~a|84266|69880|1536|16,1525,23,1,1,180,,680,-100,1531,,-690,-100,1536
KMYF|1|MYF|Montgomery-Gibbs Executive~1|28157|28600|130|10L,1401,46,1,1,115,,247,-470,126,,-287,887,129;10R,1037,18,1,1,115,,122,-539,126,,-272,464,128;05,1036,23,1,0,65,,-84,-603,127,119,311,401,130
KMZJ|1|MZJ|Pinal~j|25106|86720|577|12,2088,46,1,1,134.6,,590,-500,572,,-730,1100,577;08,2039,46,1,2,90,,-670,-1400,572,,-670,800,576
KN49|||Rose Quartz~b|93498|5260|1430|7,411,6,5,1
KN58|||Tiger~a|95596|7590|1325|15,1211,12,1,0,163,,400,-100,1304,,-650,300,1320;05,838,9,5,0,65,,70,-1000,1319,,390,-100,1305
KN59|||Rosaschi Air Park|88394|6620|1466|07,1463,10,1,0,90.5,,0,-1600,,,0,100;02,1280,18,6,2,35.5,,70,-800,,,1010,100;17,1128,20,6,0,184.5,,1010,100,,,0,0
KNRS|1|NRS|Naval Outlying Field Imperial Beach (Ream Field)|25667|28830|7|09,1523,102,1,1,105.1,,120,-600,7,,-230,1000,7;08,683,46,2,0,105.2,,30,300,7,,-130,1000,6
KNSI|||San Nicolas Island Nolf~1|32398|5420|154|12,3049,61,1,1,132.6,,930,-1200,148,302,-930,1200,151
KNUC|||San Clemente Island Naval Auxiliary Landing~a|30227|14120|56|06,2835,61,2,1,67,,-490,-1400,28,,500,1400,56
KO24|||Lee Vining~1|79583|8930|2073|16,1247,15,1,1,161.5,,530,-100,2060,30,-520,300,2073,61
KO26|||Lone Pine/Death Valley~1|65883|19480|1122|16,1219,18,1,1,180,,560,0,1121,,-550,0,1120;13,729,27,6,0,144,323,380,-496,1131,,-145,-14,1125;H1/H1,9,9,1,0
KO32|||Reedley~5|66663|5500|117|15,1006,15,1,1,168.6,,450,-100,117,,-440,100,116
KO42|||Woodlake~1|63988|8930|130|07,671,15,1,1,90,,10,-600,129,160,10,500,130
KO43||EYR|Yerington~5|90041|8420|1334|01,1768,23,1,1,25,,-670,-400,1334,,770,500,1332
KO57|||Bryant~a|82639|7772|1971|16,1292,18,1,1,180,,430,-320,1969,,-740,-320,1971,119
KP01|||Eric Marcus~5|24529|71385|444|12,1158,18,1,1,137.9,,100,-1050,,,-680,-150,444
KP08|||Coolidge~5|29359|85730|480|05,1696,46,1,1,60,,-230,-800,472,15,530,700,480;11,1691,46,1,2,119.9,,-230,-900,,,-980,700;17,1180,23,1,0,180,,340,200,477,,-720,200,479
KP10||PXL|Polacca~1|57917|95770|1699|04,1280,15,1,1,54.9,,-280,-700,1699,,390,500,1695
KP13||GLB|San Carlos Apache~1|33531|93330|994|09,1981,30,1,1,101.8,,190,-1100,994,,-180,1000,970
KP14||HBK|Holbrook~5|49407|98620|1604|03,2042,23,1,1,39.6,,-600,-700,1595,244,810,700,1604;11,976,37,5,0,119.8,,40,-600,,,-400,300
KP19|||Stellar~j|32988|80842|359|17,1346,24,1,1,180.1,,550,80,359,66,-520,80,358
KP20|||Avi Suquilla~1|41489|57316|138|01,1905,30,1,1,26.2,,-420,-660,137,,760,40,137
KP23|||Seligman~1|53350|71130|1596|04,1463,23,1,1,53,,-390,-700,1596,,390,600
KP29|||Tombstone~5|16711|99780|1446|06,1350,18,1,0,67.2,,-280,-800,1446,,220,600,1442
KP52||CTW|Cottonwood~1|47300|79650|1082|14,1295,23,1,1,156.5,,530,-300,1073,,-530,200,1082
KPAN|1|PJB|Payson~1|42568|86610|1572|06,1678,23,1,1,72.3,,-640,-2600,1566,,-180,-900,1572
KPOC|1|POC|Brackett~a|40916|22180|308|08R,1475,23,1,1,93.2,,10,-800,294,,-60,700,305;08L,1116,23,1,0,93.2,,80,-500,297,,20,700,308
KPTV|1|PTV|Porterville~5|60296|9370|135|12,1817,46,1,1,135.4,,580,-700,131,,-580,700,135
KPUC|1|PUC|Carbon County Regional Airport / Buck Davis~a|96139|92490|1816|18,2536,30,1,1,199,,1270,500,1814,,-900,-400,1770;14,1378,23,1,1,158.7,,150,-600,1785,,-1010,0,1771;07,1107,23,1,0,90.4,,120,-600,1785,,110,700,1794,69
KREI|||Redlands~5|40853|28540|479|08,1373,23,1,1,89.7,,-10,-800,448,6,0,700,479
KRIF|1|RIF|Richfield~5|87341|78984|1616|01,2164,30,1,1,25,,-590,-240,1616,,1060,760,1608
KRIR|1|RIR|Flabob~1|39897|25890|233|06,972,15,1,1,79,,-192,-402,,,8,622,233
KRNM|||Ramona~1|30392|30850|425|09,1524,46,1,1,100,,110,-800,422,,-120,800,425
KRYN|||Ryan~a|21422|88250|737|06R,1676,23,1,1,70.3,,-210,-400,731,,300,1200,732;06L,1494,23,1,0,70.3,,-100,-700,729,,360,700,730;15,1222,23,1,0,167,,320,-500,727,,-760,-300,737
KSAS|1|SAS|Salton Sea~1|32414|40480|-26|07,1524,23,5,0
KSDL|1|SCF|Scottsdale~1|36229|80890|460|03,2514,30,1,1,43.8,,-820,-900,441,226,810,1000,459,122
KSEE|1|SEE|Gillespie~a|28262|30280|118|09L,1628,30,1,1,102,,327,-928,109,,20,773,115,398;17,1263,30,1,1,180,,332,-51,112,137,-805,-42,116,209;09R,835,18,1,0,102,,119,-426,112,,-39,445,116
KSEZ|1|SDX|Sedona~1|48486|82120|1472|03,1564,30,1,1,45.8,,-490,-700,1444,,490,600,1471
KSPZ|||Silver Springs~1|94030|7490|1301|06,1829,23,1,1,69,,-290,-1000,1300,,300,1000,1285
KSZN|1|SZN|Santa Cruz Island~1|40601|848|15|09,655,15,6,0
KSZP|1|SZP|Santa Paula~1|43472|9390|74|04,812,18,1,0,,,-215,-433,,44,178,310,,67;H1,18,18,1,0,,,-35,10
KT03||TBC|Tuba City~1|60911|86171|1376|15,1899,23,1,1,160,,920,-310,,463,-690,390
KTLR|1|TLR|Mefford~a|61563|6740|81|13,1189,23,1,1,147,,430,-400,83,,-470,300,82
KTNP|1|TNP|Twentynine Palms~1|41339|40527|575|08,1686,23,1,1,90,,40,-570,572,,50,1230,545;17,1157,15,1,1,180,,-120,-70,565,,-1160,-70,575
KTNX|1|XSD|Tonopah Test Range~1|77988|32190|1691|15,3658,46,2,1,157,,1520,-800,1668,,-1520,800,1692
KTOA|1|TOA|Zamperini~a|38034|16600|31|11L,1524,46,1,1,129,,467,-569,28,165,-388,720,30,165;11R,914,23,1,1,129,,188,-413,29,,-324,360,31
KTSP|1|TSP|Tehachapi~5|51350|15610|1220|11,1231,23,1,1,124,,310,-600,1208,87,-310,500,1218
KTYL|1|TYZ|Taylor~1|44528|98850|1775|03,2134,23,1,1,41,,-740,-800,1774,,750,800,1742
KU07||BFG|Bullfrog Basin~1|75478|92871|1270|01,1067,12,1,1,21.7,,-670,-210,,25,220,190,,20
KU08|||Perkins~a|65680|55570|414|13,1463,23,1,1,150.2,,560,-400,,,-610,400
KU13|||Junction~1|82517|77767|1850|17,1373,18,1,0,183.1,,450,-170,,,-790,-270
KU14||NPH|J. Randy McKnight Nephi~5|97368|81299|1531|17,1920,30,1,1,180,,910,-190,1517,174,-440,-190,1527
KU30|||Temple Bar~1|60205|56650|472|18,1067,15,1,0,188.1,,480,100,457,,-470,-100
KU34||RVR|Green River~5|89614|97730|1288|13,1707,23,1,1,142.5,,610,-600,,,-610,600
KU52|||Beaver~5|82307|73250|1787|13,1519,23,1,1,148.3,,690,-400,1764,37,-500,500,1786;07,650,15,4,0,84.5,,-440,-800,1780,,-370,100,1781
KU55||PNU|Panguitch~5|78452|76080|2061|18,1737,23,1,1,196.4,,760,300,2060,,-740,-300,2056
KU96|||Cal Black~i|74352|94356|1337|01,1737,18,1,1,23.2,,-50,-860,,,1400,-160
KUDD|1|UDD|Bermuda Dunes~1|37485|37250|22|10,1525,21,1,1,116,,296,-731,22,,-306,758,14,91
KVCV|1|VCV|Southern California Logistics~1|45975|26170|879|17,3978,46,1,1,180,,2420,-400,862,1219,-1720,-300,879;03,2785,46,1,1,45,,-1480,-500,877,,310,1700,867
KWHP|1|WHP|Whiteman~1|42593|15870|306|12,1256,23,1,1,139,,420,-500,304,286,-430,400,294,146
L18|||Fallbrook Community~j|33542|27490|216|18,655,18,1,0,194,,335,157,216,,-239,-16,213
L25|||Pearce Ferry~1|60936|59540|896|01,884,34,6,0,,,-420,-200,,,340,100
L37||PGS|Grand Canyon Caverns~1|55272|67524|1642|05,1554,14,5,0,,,-310,-740,1625,,270,760,1625
L61|||Shoshone~1|59686|37310|478|15,725,9,1,0,,,320,-100,,,-320,100
L78|||Jacumba~1|26160|38350|867|07,781,18,5,0,,,-50,-400,,,20,400
L90|||Ocotillo~1|31459|38702|49|13,1283,46,6,0,,,780,-620,,,-180,180;09,710,46,6,0,,,80,-420,,,-90,380
L92|||Alamo Landing~a|73625|48060|1134|14,1330,18,6,0;15,762,21,6,0
N15|||Kingston~1|92024|29274|1814|07,1128,24,5,0;16,936,18,5,0
N86|||Spanish Springs~1|96666|2770|1402|16,1079,22,6,0
NV00|||Valley View~1|62580|40076|835|18,768,15,5,0
NV02|||O'Toole~b|90669|25797|1987|07,1219,12,6,0
NV07|||Sunnyside / Kirch Wildlife Management Area~1|84147|49630|1612|06,1128,15,6,0
NV09|||H Bar H~1|97244|1010|1591|11,914,30,6,0
NV11||UCC|Yucca~6|69347|39940|1195|14,2743,61,0,0,151,,2190,-3900,1195,,20,-2400,1195;1,1615,23,1,0,20,,-646,-293,,46,640,302,,46
NV13|||Bailey~b|92828|1720|1542|07,792,15,4,0
NV17|||Youngberg~b|96732|1870|1512|11,482,12,6,0
NV23|||Air Sailing Gliderport|98691|2970|1311|17,2134,30,6,0;03,914,18,6,0
NV27|||Circle L~b|77166|19160|1474|03,1341,18,1,0,30.9,,-790,-500,,,250,200;13,1341,18,1,0,144.9,,230,-200,,,-760,700
NV30|||Dixie Valley~1|99647|21726|1049|16,1829,18,3,1,175.6,,1000,-60,,,-660,40
NV31|||Barker Creek Ranch~6|88061|29685|2018|09A/27D,411,9,1,0
NV33|||Farias Wheel~1|88332|6040|1478|16,1034,7,1,1,188.5,,-20,0,,,-970,-200
NV35|||Hudson~1|95444|22490|1579|17,1539,30,6,0
NV55|||Pinenut~1|88989|3510|1603|16,610,14,6,0
NV72|||Sweetwater (USMC)~1|85098|7830|2084|18,1128,18,6,0,196.1,,490,200,2084,,-490,-200,2071
NV74|||Calvada Meadows~1|62711|40050|831|15,1585,46,1,1,163.8,,680,-200,,61,-690,200,,15
NV83|||Hadley~1|86948|28532|1751|17,2065,18,1,0
NV96|||Rolling Thunder~1|98236|3417|1292|05,610,12,6,0
NV97|||Desert Creek~1|86842|6780|1633|17,439,18,5,0
NV98|||Caas~1|61503|41000|853|08,549,12,5,0
O63|||Exeter~1|62430|8500|104|13,706,12,1,0,,,280,-200,,,-390,300
P27|||Pixley~1|59605|6920|78|13,625,18,1,0,,,230,-200,77,,-260,100,78
US-0001|||Flying M~b|86113|9983|1500|18,1726,18,1,0,,,,,1484,,,,1484
US-0402|||Jalapeno~b|38601|60702|332|17,594,11,6,0;7,381,15,6,0
US-0731|||Pom Wonderful~6|66527|4129|104|15,914,18,1,0,135,,295,-363,,,-286,360
US-0740|||Big Chino~6|50296|73241|1344|17,867,18,6,0;9,738,18,6,0
US-0820|||Aileron Orchards~1|57889|58679|875|17,823,18,6,0
US-0962|||Big Sandy~1|48709|64133|891|10,620,18,6,0,107,,69,-317,868,,-98,330,891
US-1187|||Santa Cruz Ranch~6|39895|3198|128|9,517,18,6,0
US-12648||CRO|Corcoran~1|61027|4052|60|13,1158,15,1,1,146.7,,420,-320,60,189,-460,380,60,160
US-12764|||Stirling Farms~1|72303|66489|1045|18,490,15,4,0
US-2290|||Flying Crown~b|25710|82711|486|06,769,9,2,0
US-2402|||Cordell Landing Private~1|30864|35390||07,701,20,5,0,,,-18,-384,,,13,367
US-2569|||Butterfield Ranch Private~6|29830|35646||18,610,12,6,0,,,309,-31,,,-230,34
US-5334|||Mackie~b|75330|62518|1704|5,755,21,6,0
US-6705|||Ranchita 2608~1|32053|34868|1248|8,544,7,6,0
US-8503|||Sand Cove~b|72881|63031|1365|18,549,23,6,1
UT00|||Swains Creek~1|74722|73780|2371|01,1707,15,6,0
UT03|||Hite~1|78947|96209|1170|E/W,671,12,1,0
UT09|||Tavaputs~b|95009|98203|2804|04,762,10,4,0
UT15|||Flying Cal Ute Rancheros~1|79286|72310|1757|E/W,1609,24,5,0
UT17|||Pfeiler~b|79322|76680|2146|08,1280,15,6,0
UT24|||Strawberry Valley Estates~1|74933|73550|2481|03,1280,15,6,0
UT25||GMV|Monument Valley~1|70159|97980|1583|16,1219,23,6,0
UT26|||Bryce Woodland Estates~1|75664|75466|2316|12,1097,12,6,0;16,792,12,6,0
UT28|||Sun Valley Estates~1|79750|65370|1558|17,1219,15,6,0
UT30|||Deer Springs~b|73425|77760|1977|17,2719,9,6,0
UT43|||Citabriair~1|76361|67530|1707|14,1067,12,4,0
UT47|||Grassy Meadows/Sky Ranch Landowners Assn~1|71019|66860|1021|17,1341,15,1,1,183,,218,188,,,-1009,191,1021
UT49|||Desert Aviation~1|94594|73450|1399|16,762,27,6,0
UT54|||Crystal Springs~b|72533|66660|1119|03,792,24,6,0
UT65|||Goshute~1|99980|60230|1664|01,1067,14,1,0,24,,-440,-300,1664,,440,200
UT74|||Fry Canyon~a|76483|98330|1637|12,963,37,6,0
UT80|||Hamilton Fort~b|76347|68410|1664|18,1250,21,4,0
UT82|||Beryl Junction~1|77100|63540|1579|18,1497,23,5,0
UT97|||Happy Canyon~1|81572|97080|1504|09,629,15,6,0;18,393,15,6,0
Z95|||Cibecue~1|40017|95449|1535|07,1280,30,5,0
#US|W
L11|||Pebbly Beach~7|33384|16880||ALL/WAY,4572,1219,12,0
TWH||TWH|Two Harbors Amphibious Terminal|34322|14914
