#DZ|L
DAON|1|TLM|Zenata – Messali El Hadj~1|50127|85429|248|07,2600,45,1,1,70,,-340,-1349,246,,470,1329,245
DAOO|1|ORN|Oran Es-Sénia (Ahmed Ben Bella)~3|56206|93775|90|07L,3600,45,1,1,67,,-396,-1964,91,,834,1642,91,60;07R,3000,45,2,1,,,-640,-1836,91,,400,1221,91
#DZ|M
DAAY|1|MZW|Mecheria~1|35359|97576|1175|06,3591,46,1,0,51,,-1200,-1749,,,840,1256;17,2876,30,1,0,160,,-100,50,,,-2540,1109
DAOL|1|TAF|Oran Tafraoui~1|55424|94677|112|08,2754,43,1,1,75.6,,-300,-1466,110,,310,1471,112
DAOR|1|CBH|Béchar Boudghene Ben Ali Lotfi~1|16457|77301|811|06,3732,45,1,0,60,,-800,-2564,,,880,843,,722;18,2999,45,1,0,180,,1320,867,811,,-1390,869,809
#DZ|S
DA11|DAOM||Hamaguir~1|8790|69323|748|09,3000,45,1,0,85.5,,-90,-1570,,,120,1565
DAOC|1||Béchar Ouakda~e|16429|78153|811
DAOE|1||Bousfer~d|57354|91946|57|07,2997,45,2,0,64.2,,-400,-1402,,,740,1596
DAOS|1|BFW|Sidi Bel Abbes~1|51718|94067|492|10,1484,30,1,0,97.7,,90,-805,480,,-90,809,484
#ES|H
AEI|LEAG||Algeciras~2|61288|45589|30
ES-0023|LEBT||Basa Aérea de Valencia-Bétera|96245|95274|126
ES-0223|LEAO||Almagro Helicopter Airbase|89521|62589|630
ES-0324|GEHM||Melilla~2|53021|70555|69
ES-0353|||Madroñalejos Forest Fire fighting~2|75370|37042|124
GECE|1|JCU|Ceuta~2|58927|46937|2|07,240,35,1,1,67,,-49,-119,2,,47,120,2
GECT|1||Ceuta Military~2|58890|46536|81
LEBP|1||BP Oil España~2|99579|99884|4
#ES|L
LEAL|1|ALC|Alicante-Elche Miguel Hernández~1|82822|94418|43|10,3000,45,1,1,99.7,,230,-1680,43,,-240,1688,13
LEMG|1|AGP|Málaga-Costa del Sol~1|66749|55009|16|13,3200,45,1,1,133,,960,-1349,16,,-950,1328,9;12,2750,45,1,1,119,,1610,-870,16,,470,1857,9
LEMI|1|RMU|Region of Murcia~3|78029|88751|196|05,3000,45,1,1,46,,-940,-1220,195,,990,1261,195
LEVC|1|VLC|Valencia~1|94892|95190|73|12,2700,45,1,1,116,,716,-1911,69,,-558,1434,52,288;04,1644,45,1,2,38,,-700,-789,62,,490,431,57
LEZL|1|SVQ|Seville~1|74180|41069|34|09,3362,45,1,1,90,,-10,-1898,25,,0,1900,34
#ES|M
GEML|1|MLN|Melilla~1|52798|70437|48|15,1433,45,1,1,146,,610,-488,48,230,-490,406,41
LEAB|1|ABC|Albacete Airport / Los Llanos~d|89485|81365|702|09,2700,60,1,1,87.4,,-50,-1556,695,,60,1556,702
LEAM|1|LEI|Almería~1|68439|76299|21|07,3200,45,1,1,73,,-420,-1716,8,150,420,1716,21
LEBA|1|ODB|Córdoba~1|78420|51511|91|03,2241,45,1,1,29,,-756,-526,89,,1010,707,93,200
LEBZ|1|BJZ|Badajoz~1|88913|31787|186|13,2850,60,1,1,126,,750,-1332,176,,-750,1341,186
LEGA|||Armilla~d|71332|63643|700|18,1300,30,1,0,181.4,,590,28,675,,-580,-27,700
LEGR|1|GRX|F.G.L. Airport Granada-Jaén~1|71887|62226|567|09,2900,45,1,1,89.5,,-10,-1629,561,,20,1637,567
LEJR|1|XRY|Jerez~1|67446|39399|28|02,2300,45,1,1,21.4,,-960,-471,21,,970,469,28
LELC|1||San Javier~1|77750|91876|3|05R,2320,45,1,1,45.8,,-730,-916,3,,720,957,2;05L,1577,45,1,0,46.1,,550,-444,,,1100,271;14,800,60,4,2,135.9,,1180,-149,,,650,490
LEMO|1|OZP|Moron~d|71749|43841|87|02,3597,61,1,1,19.8,,-1530,-699,87,,1520,675,82
LERI|||Alcantarilla~d|79511|87697|76|07,938,45,1,1,64.9,,-180,-489,76,,180,486,67
LERL|1|CQM|Ciudad Real~3|88565|60301|646|10,4100,60,1,1
LERT|1|ROZ|Rota Naval Station~1|66452|36505|26|10,3690,61,1,1,96.9,,200,-2046,19,,-200,2050,19
#ES|S
ES-0001|||Trebujena~9|68589|38608|4|07,1200,24,1,0,80,,,,4,195,,,4,195
ES-0024|||Ultralight Aeroclub Müller|72608|81476||15,439,,1,0
ES-0048|||Gérgal~e|71256|74044|780|12,870,,0,0
ES-0052|||Vicente Huerta~9|99537|93775|744|16,1200,30,1,0,,,,,744,,,,744
ES-0073|||Aeródromo de Caravaca de la Cruz|80468|80780|800|15,800,,0,0
ES-0088|||Aeródromo Benagéber|97351|88606|875|12,1000,20,6,0
ES-0094|||Aeródromo de Sonseca|96932|60669|734|09,500,20,5,0
ES-0158|||Olocau~9|96755|94511|207|15,600,15,4,0,,,,,204,,,,204
ES-0190|LELI||El Molinillo~9|87400|36081|315
ES-0263|||El Barranco - Sierra Morena|80377|62342|244|05,1006,18,1,0,50,,,,250,,,,244
ES-0276|||La Cuesta~e|85309|71675|834|10,1942,23,1,0,,,,,853,,,,820
ES-0366|LEGP||El Rinconcillo de Guadalupe|95941|37937
ES-0385|LEAK||Campo de Vuelo Aliaguilla|97585|86636
ES-0390|LEPZ||Aeródromo de Pozo-Cañada|87978|82397
LE84|||Jayena~9|69307|61646|1114|09,1126,9,1,0,85.1,,-50,-628,,,40,632
LEAX|1||La Axarquía-Leoni Benabu~9|68017|58644|36|12,959,20,1,0,123,,49,-165,35,420,-252,445,40,53
LEBE|1||Beas de Segura~9|82719|70471|543|09,1450,30,1,0,88,,343,-510,,,390,1145;15,750,30,1,0,147.6,,600,451,,,30,910
LECT|1||El Castaño~9|90136|56129|645|14,1535,30,1,1,133,,430,2410,,66,-430,590,,66;12,975,25,1,2,114,214,-120,-370,,,-490,630
LEGC|||Altarejos-Guadalcanal Private~9|81717|42605|588|15,1600,17,1,0
LEIZ|||La Perdiz - Torre De Juan Abad~9|85131|66357|839|10,1529,23,1,0,95,,60,-875,,,-60,870,,150
LELA|||La Calderera~9|87479|64854|752|07,1472,23,1,0,73.8,,-190,-810,,,180,817
LELT|||Lillo~9|97169|66794|693|12,808,18,1,0
LEMF|||Mafé - Gibraleón~9|73643|30791|26|12,700,18,2,0
LEMP|||Los Martínez Del Puerto~9|78368|89023|163|15,850,30,9,0
LEMU|||Muchamiel~9|84406|95247|130|12,1000,23,1,0,112,296,,,145,,,,128
LENE|||La Caminera~9|86697|66968|765|08,1400,23,3,0,,,,,779,,,,780
LEOC|||Ocaña~9|99375|64967|733|11,1260,18,1,0,107.3,,50,-461,,,-290,946;17,895,100,6,0,167.3,,350,-175,,,-440,54
LEPI|||Casas de los Pinos~9|92982|76213|722|12,927,18,1,0,118,,,,145,115,,,145,127
LEPZ|||Los Pozuelos de Calatrava~9|89117|58103|564|14,1020,18,1,0,137.2,,390,-542,,,-290,257
LERE|||Aeródromo Requena El Rebollar|94747|89656|713|12,995,18,1,0
LETF|1||Tomás Fernández Espada~9|68718|43512|100
#GI|L
LXGB|1|GIB|Gibraltar~1|61517|46502|4|09,1829,46,1,1,88,,-87,-982,3,92,-19,974,3,112
#MA|L
GMAD|1|AGA|Al Massira~1|3225|5880|76|09,3200,45,1,1,91,,53,-1616,60,,-26,1711,77
GMAZ|1|OZG|Zagora~1|2658|41392|736
GMFF|1|FEZ|Fes Saïss~3|39273|50220|579|09,3200,45,1,1,90,,10,-1721,565,,0,1734,576,250
GMFO|1|OUD|Oujda Angads~1|47896|80740|468|06,3000,45,1,1,58,,-970,-1184,468,,480,1587,455;13,3000,45,1,1,132,,2020,-2617,453,,260,-150,455
GMMD|1|BEM|Beni Mellal~1|24019|36841|516|05,2490,45,1,1,,,-794,-954,510,,778,926,510
GMME|1|RBA|Rabat-Salé~1|40515|32485|84|03,3500,45,1,1,33,,-1350,-989,81,,1340,985,73
GMMN|1|CMN|Mohammed V~3|33675|24100|200|17L,3720,45,1,1,164,,1650,-352,193,,-1570,751,200;17R,3720,45,1,1,164,,1560,-743,194,,-1660,358,200
GMMW|1|NDR|Nador Al Aaroui~3|49888|69718|175|08,3000,45,1,1,78,,-280,-1608,181,,280,1607,174
GMMX|1|RAK|Marrakesh Menara~1|16048|19642|471|10,3100,45,1,1,96,,360,-1674,459,280,70,1581,471
GMMZ|1|OZZ|Ouarzazate~3|9391|30906|1153|12,3000,45,1,1,116.8,,610,-1404,1153,,-610,1389,1131
GMTN|1|TTU|Sania Ramel~1|55943|46800|3|07,3287,45,2,0,,,-490,-871,3,,788,2402,3;06,2300,45,2,3,54,,-600,-1036,4,,610,1032,3
GMTT|1|TNG|Tangier Ibn Battuta~1|57317|40785|19|10,3500,45,1,1,96,,160,-1881,6,,-170,1968,19,500;07,2000,30,1,2,68.8,,-1260,-162,,,-640,1916
#MA|M
GMFB|1|UAR|Bouarfa~1|25143|80169|1106|09,3200,45,1,0,,,2,-1651,1110,,3,1754,1110
GMFK|1|ERH|Moulay Ali Cherif~1|19475|56017|1045|13,3200,45,1,1,125.1,,910,-1663,1045,,-760,1132,1025
GMFM|1|MEK|Bassatine~1|38791|44849|576|09,2820,50,1,1,83,,-690,-1033,570,151,-410,2010,576;08,1957,50,1,0,77.4,,320,-1516,553,,680,570,553
GMMI|1|ESU|Essaouira-Mogador~1|13975|3183|117|16,2607,45,1,1,159,,1262,-626,107,,-926,367,128
GMMY|GMMP|NNA|Kenitra~d|42989|34041|5|07,2437,46,2,1,63,,-250,-1606,5,,760,751,4;03,1839,46,1,0,19,,-1020,114,4,,540,759,4
GMTA|1|AHU|Cherif Al Idrissi~1|51771|61605|29|17,3204,45,1,1,173,,1140,-182,6,,-1100,171,29
#MA|S
GMAA|1||Inezgane~1|3814|4537|27|10,2910,45,1,0,97.5,,170,-1507,23,,-180,1508,26
GMFA|1||Ouezzane~1|47934|43640|174
GMFI|1||Ifran~1|35053|48471|1664|03,2109,35,1,0,25,,-860,-489,,,860,488
GMFZ|1||Taza~1|42319|60530|576
GMMB|1|GMD|Ben Slimane~1|36554|27786|191|14,3074,46,1,0,141,,1080,-1040,160,,-1080,1031,188
GMMO|1||Taroudant~1|5035|11785|265
GMMT|||Casablanca Tit Mellil~1|35975|25350|98|18,1124,15,1,0
GMSL|1||Sidi Slimane~1|42306|39499|55|07,3445,43,1,1,72,,-560,-1754,53,,570,1733,49
MA-0008|GMMG||Ben Guerir~d|21249|21221|429
#PT|H
LPEM|1||EMFA~2|87385|7849|141
LPER|1||Évora Hospital Helipad|85680|20976|277
LPSM|1||Santa Maria Hospital Helipad|87494|8394|101
LPXR|1||Vila Franca de Xira Hospital Helipad|89777|10148|91
PT-0001|LPAF||Alfragide Helipad|87343|7756|166
PT-0002|LPBA||Barlavento Algarvio~c|71567|14592|49
PT-0004|LPAS||Hospital Amadora~2|87421|7543|135
PT-0019|LPSI||Sines~2|79550|11205|32
PT-0048|LPSD||Sardoal~2|95425|18397|217
PT-0156|||Estremoz Municipal~2|88243|23901|320
#PT|L
LPFR|1|FAO|Faro - Gago Coutinho~3|70159|20291|7|10,2490,45,1,1,100,,140,-1519,7,45,-250,1234,5,45
LPPT|1|LIS|Lisbon Humberto Delgado~1|87813|8641|114|02,3810,45,1,1,22,,-1562,-840,101,88,1601,852,106,597;17,2400,45,1,3,168,,490,-131,114,,-1630,430,101,150
#PT|M
LPAR|1||Alverca~d|88833|9699|3|04,2990,45,1,1,33,,-1150,-913,3,250,1120,944,3,240
LPBJ|1|BYJ|Beja Airport / Airbase|80789|20676|194|01L,3450,60,2,1,6.4,,-1550,-203,191,,1550,203,190;01R,2951,30,2,0,5.9,,-1350,70,193,,1300,417,188
LPCB|1||Aerodromo de Castelo Branco|98445|25601|396|16,1460,30,1,0
LPCS|1|CAT|Cascais~1|87250|6448|99|17,1400,30,1,1,164,,612,-220,99,190,-600,222,87
LPEV|||Évora~9|85335|21104|246|01,1300,23,1,0,4,,-570,-60,246,55,580,52,246,30;08,640,30,5,2,71.5,,-610,-801,,,-430,-92
LPMR|1||Monte Real~d|98283|11125|57|36,2992,45,2,1,2,,-1050,-29,53,270,1640,77,52,263
LPMT|||Montijo~d|87093|9663|14|07,2440,45,2,1,72,,-430,-347,5,,230,2329,14;01,2147,45,1,1,6.5,,-940,-464,3,,1030,-177,11
LPPM|1|PRM|Portimão~1|71493|14160|2|11,860,27,1,0,107,,120,-456,2,,-110,466,2,90
LPSO|1||Aeródromo Municipal de Ponte de Sor|92115|19422|119|03,1800,30,1,1,,,,,119,,,,119
LPST|||Sintra~d|88311|6605|134|14,1800,40,1,1,135,,570,-738,128,,-580,707,134
LPTN|||Tancos Airbase|94751|16354|81|08,2295,45,1,1,77,,-300,-2111,76,100,150,492,78;12,1200,23,1,0,117,,400,-920,81,100,-90,323,78
#PT|S
LP77|||Military Airfield of Santa Margarida|94024|17109|165|15,1245,30,1,0,146.1,,380,-369,,,-520,411
LPJF|1||Aerodromo de Leiria|97799|11798|46|02,500,11,0,0,14,,,,41,55,,,55,40
LPMO|1||Morargil~9|89935|18580|116|06,1097,27,1,0
LPSC|1||Santa Cruz~9|91239|6199|48
LPSR|1||Santarém~9|92095|13127|9|05,1207,25,0,0,,,-247,-341,,,293,406
PT-0021|||Benavente UL|89142|12130|40|15,549,30,5,0;10,351,30,5,0
PT-0025|||Lagos Airfield ULM|71219|13212||12,450,,1,0
PT-0031|||Beja Civil Airfield UL|80614|21223|188|16,500,12,0,0
PT-0032|||Amendoeira~e|87092|17247|187|03,750,10,1,0
PT-0041|||Leziria~e|89023|10632||10,625,10,5,0,,,,,3,,,,3
PT-0109|||Ciborro~6|87977|17974||13,540,10,2,0,,,,,152,,,,152
PT-0117|||Alqueidão UL|90668|11957||16,483,12,5,0
PT-0130|||Herdade do Pontal Airstrip UL|87117|13899||16,829,20,8,0
