#US|H
HGT||HGT|Tusi (Hunter Liggett) Army~2|59935|87630|310|14,174,15,2,1,155,,80,0,310,,-70,100,309
SYL||SYL|Roberts Army~2|58150|92560|192|H1,835,30,3,0
#US|L
KOAK|1|OAK|Oakland San Francisco Bay~1|77201|77788|3|12,3206,46,1,1,130,,-100,-1980,2,,-1860,720,3;10R,1894,46,1,1,112,,860,-480,2,,220,1520,2;10L,1663,46,1,1,112.2,,1040,-80,2,,470,1620,2;15,1029,23,1,1,165,,2020,-180,1,,1130,120,1
KSFO|1|SFO|San Francisco~3|76198|76252|4|10L,3618,61,1,1,118,,894,-1861,2,,-626,1764,4,91;10R,3469,61,1,1,118,,650,-1832,2,,-808,1643,4,91;1R,2640,61,1,1,28,,-1347,-626,4,171,755,768,3;1L,2332,61,1,1,28,,-1190,-815,3,197,668,417,3
KSJC|1|SJC|Mineta San Jose~3|73625|80708|19|12L,3353,46,2,1,139,,1250,-1080,12,398,-1020,1420,17,773;12R,3353,46,2,1,138.8,,1120,-1280,12,397,-1150,1220,17,775;11,1402,30,1,3,139,,348,-750,13,,-613,303,16
KSMF|1|SMF|Sacramento~3|86954|84090|8|17L,2623,46,2,1,181,,1174,1092,8,,-1188,1053,7;17R,2621,46,2,1,181,,1196,-1010,8,,-1168,-1049,7
#US|M
KBAB|1|BAB|Beale Air Force Base|91361|85630|34|15,3658,91,2,1,161.3,,1560,-600,34,,-1560,700,32
KCCR|1|CCR|Buchanan~a|79897|79430|8|01L,1524,46,1,1,23.5,,-770,-400,7,183,480,300,7,183;14L,1403,46,1,1,153.5,,680,-200,5,274,-450,500,8,107;14R,853,23,1,0,153.5,,620,-300,5,,-70,100,7;01R,844,23,1,1,23.5,,-580,-100,7,,120,200,7
KMCC|1|MCC|McClellan~9|86676|85990|23|16,3231,46,2,1,179.7,,1460,0,23,,-1450,0,21
KMCE|1|MCE|Merced Regional Macready~a|72847|94860|47|12,1803,46,1,1,138.6,,610,-700,47,,-600,700,47
KMER|1|MER|Castle~1|73805|94320|58|13,3597,46,1,1,141,,1260,-1300,57,,-1260,1300,54
KMHR|1|MHR|Sacramento Mather~1|85547|87020|30|04R,3445,46,2,1,53.6,,-1000,-1600,23,,840,1600,29;04L,1853,46,1,0,54.2,,-170,-700,24,,800,1000,29
KMOD|1|MOD|Modesto City Co-Harry Sham~a|76258|90460|30|10L,1800,46,1,1,124.2,,390,-600,30,,-520,1100,24;10R,1056,30,1,1,124.2,,370,-1000,29,,-160,0,25
KMRY|1|MRY|Monterey~4|65868|81558|78|10R,2187,46,1,1,112.8,,440,-1280,47,,-370,1120,75;10L,1068,18,1,1,112.8,,180,-80,60,,-190,1020,78
KMYV|1|MYV|Yuba~8|90978|84300|20|14,1831,46,1,1,156.8,,710,-500,19,,-800,400,18;05,1010,18,1,0,67,,-100,-400,18,,260,700,19
KNUQ|1|NUQ|Moffett Federal~9|74161|79510|10|14L,2803,61,2,1,157.7,,1280,-600,0,,-1060,600,8;14R,2475,61,1,1,158,,910,-600,0,,-997,376,9
KPAO|1|PAO|Palo Alto~1|74611|78850|1|13,744,21,1,1,142,,270,-300,2,,-260,300,2
KPRB|1|PRB|Paso Robles~5|56729|93730|256|01,1831,46,1,1,28.5,,-680,-900,247,,770,100,244;13,1433,30,1,1,143.8,,460,0,246,,-580,900,255
KSAC|1|SAC|Sacramento Executive~1|85125|85070|7|02,1677,46,1,1,33,,-730,-800,5,,540,300,7;12,1170,30,1,1,133.2,,590,-200,7,,-130,800,7;16,1062,46,1,0,179.6,,390,-100,7,,-560,-100,5
KSBP|1|SBP|San Luis County~4|52368|93580|65|11,1860,46,1,1,124,,420,-500,49,244,-410,900,65;07,762,30,1,0,89.8,,10,-800,49,,10,300,60
KSCK|1|SCK|Stockton Metropolitan~1|78933|87619|10|11L,3123,46,1,1,127.6,,900,-1290,8,302,-880,1610,10;11R,1356,23,1,0,127.6,,630,-1090,8,,-110,110,8
KSMX|1|SMX|Santa Maria Public Airport Captain G Allan Hancock~a|48989|95430|80|12,2440,46,1,1,136,,938,-738,68,,-627,1136,80;02,1585,23,1,0,36,,-551,-1095,64,,605,-76,69
KSNS|1|SNS|Salinas~5|66628|83940|26|08,1830,46,1,1,96.8,,10,-1300,22,120,-190,800,26;13,1471,46,1,1,147.8,,580,-400,26,,-540,500,25;14,579,15,1,2,153,,450,300,26,,-20,600,25
KSQL|1|SQL|San Carlos~1|75131|77492|2|12,799,23,1,1,138,,143,-176,2,,-390,427,2
KSTS|1|STS|Charles M. Schulz Sonoma~8|85090|71870|39|14,1829,46,1,1,157,,850,-100,34,,-670,700,37;02,1586,30,1,1,29,,-580,-800,39,,670,100,34
KSUU|1|SUU|Travis Air Force Base|82627|80730|19|03L,3353,46,1,1,47.7,,-1940,-3000,11,,90,-200,16;03R,3351,46,2,1,47.7,,-120,100,17,,1910,2900,17
KTRK|1|TKF|Truckee Tahoe~1|93186|98594|1798|11,2134,30,1,1,120.1,,620,-1240,1797,,-340,960,1795;02,1417,23,1,1,29.9,,-410,60,1794,,700,860,1796,35
KUKI|1|UKI|Ukiah~5|91260|67990|187|15,1348,46,1,1,168.4,,590,-100,187,,-600,200,183
KVBG|1|VBG|Vandenberg Space Force Base|47373|94160|112|12,4572,61,2,1,136.5,,1500,-1700,73,,-1490,1700,112
#US|S
01CL|||Swansboro Country~1|87999|92660|791|09,945,15,1,1,,,,,,152
05CL|||Pope Valley~1|86107|76090|188|10,1128,18,1,1,116,,240,-600,188,256,-210,500,188,104
07CL|||Richvale~1|94977|82290|30|16,677,15,1,1,,,,,30,,,,30
08CL|||Kistler~b|78583|94479|312|E/W,610,15,6,0
09CL|||Alta Sierra~1|91138|89430|693|01,864,15,1,0,26,,-380,-200,683,,370,300,704
0CA3|||Crawford~1|45875|99870|174|10,640,6,1,0,,,281,-585,,,8,65
0CA4|||Shepherd~h|46222|99350|201|06,1097,15,9,0
0CA9|||Blech~b|55928|96619|347|16,1006,18,1,0,173,,660,-90,,,-250,10
0O4|||Corning~5|99446|78291|89|16,824,15,1,1,180,,270,-10,89,,-470,-10,89
0Q3|||Sonoma Valley~1|82235|75500|3|07,823,14,1,0,,,-20,-300,2,,-20,700,2;17,461,15,1,0,,,360,-300,,,-60,-300
0Q9|||Sonoma Skypark~1|82577|75660|6|08,759,12,1,0,,,20,-400,,43,-80,400
12CA|||Faber Vineyards~1|81096|88310|21|07,549,30,6,0
13CL|||Maine Prairie~1|83813|81760|12|16,594,15,5,0
18CL|||Bowles~1|92860|83060|23|15,792,15,1,0
1C9|||Frazier Lake~j|69533|85350|46|05W/23W,914,18,12,0,,,-240,-200,,,100,700;05,762,30,4,1
1Q5|||Gravelly Valley~1|94499|70450|579|01,1234,61,5,0,,,-400,-300,,,560,400
20CL|||Mysterious Valley~1|87493|76330|430|14,1067,9,5,0
22CL|||Double Tree~h|92999|86410|168|13,488,6,5,0
25CL|||Van Dyke Strip|88672|85106|15|N/S,884,15,1,0
26CA|||Boeckmann~b|84269|88280|30|E/W,671,15,6,0
27CL|||Sopwith~h|87471|84270|6|16,610,18,1,0
28CA|||Dos Palos~1|69640|93701|36|13,674,18,6,0
2CL9|||Mustang~1|83344|86960|14|07,1219,12,1,0,85.6,,-50,-700,,,30,700
32CL|||Bob's Flying Service Inc~1|88332|82820|12|N/S,762,15,5,0
33CL|||Oak Country~b|55683|92030|366|17,671,15,1,0
34CN|||Bonanza Hills~1|75235|96020|90|07,1250,30,0,0
38CL|||Riego Flight Strip|87541|84370|6|16,725,11,1,0,,242,,,,,,,,67
38CN|||Sanborn~1|91093|81160|11|16,837,29,1,0
3CA7|||Metz~1|63283|88130|73|15,1036,15,5,1
3CN7|||Alta Mesa~j|83791|87783|38|16,792,12,1,0,180
3O8|||Harris~b|62478|97617|143|14,860,9,1,1,,,380,-170,,,-320,230
45CN|||Hermitage~1|78807|98051|823|09,823,18,4,0,111,,-1730,1090,881,,-2080,2290,893
49CL|||El Peco~b|69055|98230|65|NW/SE,914,15,6,0
4CA2|||Funny~h|79469|83530|9|17,573,6,1,0
4CA7|||Johnsen~1|96707|81140|58|16,823,18,4,0
4CL3|||Antelope Valley~b|91461|76433|162|15,914,18,4,0
51CL|||Vetters Sky~b|82305|87780|24|09,732,30,1,0;18,488,30,4,0
53CL|||Lofty Redwoods~1|88596|64090|401|13,975,18,5,0
53CN|||Thayer Aviation~1|90749|80820|16|NW/SE,549,18,1,0
54CN|||Akin~1|87541|91010|486|09,549,18,6,0
57CN|||Van Vleck~1|84691|89250|53|12,640,9,1,0
59CN|||James Brothers~1|88349|84700|8|16,762,23,4,0
5CA7|||Agro-West~1|63345|97525|102|16,914,12,1,1,175.3,217,550,50,,,-260,50
5CA8|||Howard Private~1|82565|90682|146|07,451,12,6,0
5CL1|||Hart~b|54047|94750|421|07,549,7,5,0
5CL3|||Mapes~b|76680|88010|10|11,549,38,6,0
60CL|||California Highway Patrol Academy~1|85945|84318|6|05,427,7,1,0;16,366,6,1,0
63CL|||G3~b|87166|78610|110|NW/SE,853,34,4,0
63CN|||Meadowlark~a|76613|83060|223|07,567,8,5,0
65CN|||Bottimore~b|83034|87491|21|E/W,884,8,9,0
66CA|||Rancho San Simeon~1|56077|88900|98|01,549,20,6,0
67CA|||Chapman Farms~1|70725|96238|53|09,914,6,1,0,105,,130,-680,,,-80,320
67CL|||Davis~1|92010|79510|14|N/S,610,23,5,0
69CL|||Medlock~a|86155|82530|15|18,792,15,1,0
6CA6|||Eagle Ridge~b|83277|95230|875|08,1219,10,1,0
6CL8|||Harley~1|79508|87570|6|09,518,9,5,0,,212.4,,,,91,,,,91
71CL|||Gunnersfield~b|93527|79060|19|16,783,12,1,1
73CA|||Bear Valley~1|84577|99580|2156|01,975,15,6,0
79CL|||Milhous~b|93249|89240|800|03,640,23,6,0
7CL9|||Perryman~1|86965|92671|792|08,610,30,4,0
80CA|||Bacchi Valley Industries~1|88171|90775|232|NW/SE,549,12,4,1,,346
82CL||FOB|Fort Bragg~1|94724|62047|22|16,564,18,1,0
8CA8|||Wallom~a|80674|87920|17|17,1063,15,1,1,181,197,470,100,17,,-480,0,16,76
8CL2|||Lucchetti~b|84235|87730|29|11,914,12,6,0
8CL6|||Moller~1|92885|78110|26|N/S,518,23,1,0
90CA|||Fowler's~1|80035|88810|23|17,549,18,4,0
90CL|||Diamond M~b|95712|73925|395|09,732,23,4,0
92CL|||Moronis~1|91032|81500|11|16,732,15,1,1,,270
95CA|||Bonel~1|56693|94521|314|17,610,15,4,0
97CL|||Siller Bros Inc~1|94602|84190|72|02,579,55,5,0
9CL0|||Turlock~j|74708|91560|30|13,632,18,1,1,,269.3,,,,134,,,,91
9CL2|||Christensen~b|68716|86630|116|07,914,15,1,0,84.2,359.3,-50,-500,,,30,500
9CL7|||Old~e|93208|86372|213|16,701,30,4,0
9CL9|||Spezia~1|82166|84660||07,762,30,6,0
CA03|||Flying M~1|73617|97155|85|02,914,9,0,0
CA07|||Scheidel~b|88402|84380|9|14,640,11,1,0
CA16|||Holtsmans~1|87291|86110|37|N/S,762,61,4,0
CA18|||Sunrise Dusters~1|88750|82898|7|14,945,11,5,0
CA19|||Camanche Skypark~1|82635|90760|158|09,686,9,1,0
CA20|||Eagle's Nest~1|84326|89835|67|01,1219,30,1,0,25.7,297.8,-710,-150,,,280,450
CA21|||Limberlost~b|92205|87861|503|10,518,30,4,0
CA22|||Lauppes Strip|87593|84150|7|15,610,9,6,0
CA32|||San Joaquin~1|66065|97805|50|15,762,9,6,0
CA35|||San Rafael~1|80169|74790|2|04,823,9,1,1,,315.4
CA38|||Totem Pole~b|96522|95601|1520|02,549,30,6,0
CA39|||Belos Cavalos~1|84346|74365|137|E/W,762,21,6,0;N/S,457,24,6,0
CA51|||The Sea~b|87046|65670|110|12,792,12,1,0,,328,,,104,,,,103,91
CA57|||Blake Sky Park~1|84583|79500|94|17,488,23,4,0
CA59|||Vestal Strip|87916|84160|7|17,671,15,4,0
CA60|||Deer Creek~b|99499|80030|85|16,914,122,1,0,180,344.3,370,0,,,-430,0
CA62|||McMillan Assault Strip|57191|92320|280|10,1042,18,5,0,112.8,,230,-500,276,,-220,500,267
CA66|||Monterey Bay Academy~1|69061|81570|21|10,671,15,6,0
CA67|||Westley~1|75480|87950|29|03,476,9,1,0,,314.9,,,29
CA69|||Avenal Gliderport|60030|98578|241|12,844,18,6,0,,216
CA71|||Horse Shoe A~b|84398|91121|229|14,914,15,6,0
CA73|||Vanderford Ranch Company~1|90957|82840|13|16,981,15,1,1,178.6,315,430,0,13,,-430,0,12
CA88|||San Ardo~a|60261|90916|134|14,610,14,1,0
CA92||PYS|Paradise Skypark~1|97103|83835|396|17,920,18,1,1,181,,440,50,411,130,-390,-50,391
CL01|||Eagle~a|68999|93320|47|12,701,18,1,0
CL04|||Sky Way Estates~1|84107|87650|28|E/W,594,6,1,1,,315,,,,,,,,244
CL11|||Ferdun~b|81346|87800|20|07,512,6,6,0
CL23|||Jones/Ag-Viation~1|94596|83040|33|15,792,9,1,1,,238.2
CL56|||Ranchaero~1|97196|81290|53|14,657,9,1,0,,312,260,-100,,91,-270,200,52,61
CL77|||Bonny Doon Village~1|70705|78730|616|12,671,15,1,0
CL84|||Ahlem Farms~1|73883|90730|22|08,798,12,1,0,,230,,,,91,,,,61
CN12|||Williams Gliderport|91635|78680|21|16,762,12,1,0
CN13|||Borges - Clarksburg~1|84432|84910|5|09,689,27,4,0,,360,90,-400,2,,-80,400,4
CN19|||Las Serpientes~1|79331|83870|3|16,579,23,4,1,,315,,,,,,,,61
CN29|||J-B~1|79352|89850|31|N/S,518,12,4,0
CN38|||Flying B~b|83413|85630|6|14,422,15,4,0
CN44|||Flying Bull~1|76202|88347|12|02,549,30,4,0
CN86|||River Highlands~b|91821|87185|268|15,794,23,4,0
CN95|||Heritage~g|79933|85077|-7|13,865,15,1,0,,,300,-270,-7,,-290,330,-8
CN99|||Del Mar Farms~1|75464|88414|20|12,876,10,2,0,,,284,-347,20,,-277,350,19
E36|||Georgetown~1|89211|91350|799|16,908,19,1,1,,314.7,400,0,,,-420,0
E55|||Ocean Ridge~1|88016|64695|287|13,763,15,1,1,,247,280,-250,,122,-280,250
F25|||Brownsville~j|94552|87080|646|06,709,6,3,0,,,-60,-400,638,,60,400,643
K1O2||CKE|Lampson~a|89906|70990|420|10,1097,18,1,1,119,,240,-500,420,,-240,600,417
K1O3|||Lodi~1|82024|87320|18|08,1081,12,1,1,92,,70,-800,18,187,30,500,16;12,603,8,1,0,135,,130,-200,18,84,-270,300,18
K1Q4|||New Jerusalem~1|76791|87000|19|12,1076,18,1,0,137.9,286,240,-500,17,,-500,300,19,93
K2O1||GNF|Gansner~a|99439|90550|1041|06,1251,18,1,1,82,,-80,-800,1042,,80,700,1039
K2O3|||Angwin Airport-Parrett~a|85785|75650|572|16,981,15,1,1,174.4,221.8,590,-100,563,,-290,0,550
K2O6|||Chowchilla~1|71124|97530|74|12,992,18,1,1,134.6,270,320,-400,72,,-300,400,74
K3O1|||Gustine~1|72627|90370|23|18,977,18,1,1,195.7,,420,100,23,,-440,-200,23
KAPC|1|APC|Napa~8|82132|77190|11|01L,1807,46,1,1,6,,-521,-429,5,,1001,302,9;6,1526,46,2,1,77,,-549,-751,4,,-233,946,11;01R,765,23,1,0,6,,-114,-43,6,,532,271,6
KAUN|1|AUN|Auburn~5|89548|89180|469|07,1128,23,1,1,84,,-50,-600,454,61,50,700,468
KBLU|1|BLU|Blue Canyon Nyack~1|92750|92900|1611|15,1006,15,1,1,168,,440,-100,1610,,-450,100,1599
KC80||CLG|New Coalinga~5|61631|97060|190|12,1524,30,1,1,134.9,,490,-600,,,-480,600;01,753,18,5,0,24.4,,-380,-600,,,240,-300
KC83|||Byron~1|78265|83783|24|12,1372,30,1,1,135.3,,920,-1030,20,,40,70,15;05,914,23,1,1,63.2,,-420,-830,24,,-50,70,15
KCIC|1|CIC|Chico~4|97956|81423|73|13L,2049,46,1,1,147.4,,780,-630,73,,-780,670,62;13R,914,18,1,0,147.6,,280,-530,69,,-420,70,65
KCPU|||Calaveras Co Maury Rasmussen~a|81461|93520|404|13,1098,18,1,1,146,,410,-400,397,,-410,300,404
KCVH|1|HLI|Hollister~5|68933|85900|70|13,1935,30,1,1,142,,800,-800,62,,-570,500,70;06,960,30,1,1,72,,-360,-300,68,,-90,700,68
KD83|||Boonville~1|90127|66170|113|13,865,15,1,0,142,,340,-300,107,140,-350,400,113
KDVO|1|NOT|Marin County Airport - Gnoss~a|81436|74440|1|13,1007,23,1,1,148,,390,-300,1,,-390,300,0
KDWA|||Yolo County Davis Woodland Winters~1|85791|81430|30|16,1829,30,1,1,180.3,,810,0,29,,-830,0,30
KE16|||San Martin~1|70816|84030|86|14,943,23,1,1,156,,390,-200,86,,-390,200,83
KE45|||Pine Mountain Lake~1|78615|98218|893|09,1105,15,1,1,110.6,,190,-580,881,,-160,520,893
KEDU|||University~1|85315|82135|21|17,968,18,1,0,180,,430,50,19,,-440,-50,21
KF34|||Firebaugh~1|68600|95360|48|12,945,18,1,1,139.8,,320,-400,48,,-330,300,48
KF72|||Franklin~a|83049|85700|6|18,952,18,1,0,195.5,,590,700,6,,-270,400,5;09,924,18,1,0,105,,-240,-200,5,,-460,900,6
KGOO|||Nevada~8|92240|89970|961|07,1419,23,1,1,87,,-24,-776,936,,36,866,963
KHAF|1|HAF|Half Moon Bay~1|75134|74990|20|12,1524,46,1,1,137,,510,-600,18,233,-500,600,11,233
KHWD|1|HWD|Hayward Executive~1|76592|78780|16|10R,1736,46,1,1,119.8,,280,-800,9,249,-490,900,15,206;10L,947,23,1,1,120,,330,-500,9,,-100,400,11
KIZA|1|SQA|Santa Ynez~1|46068|99240|205|08,854,23,1,1,98.3,,60,-400,199,,-50,500,205
KKIC|1|KIC|Mesa Del Rey~1|62280|88780|113|11,1365,30,1,1,132.9,,420,-600,112,,-410,600,113
KLHM|||Lincoln Regional Karl Harder~a|89092|86490|37|15,1829,30,1,1,165,,790,-300,37,,-800,200,37
KLLR|||Little River~1|92620|62460|174|11,1600,30,1,1,128.5,,440,-700,166,59,-450,800,174
KLPC|1|LPC|Lompoc~1|46656|95320|27|07,1402,30,1,1,91,,10,-700,24,,-10,800,27,120
KLSN|1|LSN|Los Banos~5|70629|91310|37|14,1159,23,1,1,153.4,,370,-300,36,,-370,200,36
KLVK|1|LVK|Livermore~5|76934|81800|122|07L,1601,30,1,1,91,,50,-900,114,,40,900,122;07R,823,23,1,0,90.6,,-90,-500,116,,-90,400,120;H1,7,7,1,2
KM90|||William Robert Johnston~5|67586|96290|49|15,1066,15,1,1,161,,460,-200,49,,-440,100,49,237
KMAE|1|MAE|Madera~5|69886|98880|78|12,1690,46,1,1,135,,540,-700,76,,-540,600,77;07,1128,46,1,0,90,,-520,-700,74,,-520,500,77
KMPI|1|RMY|Mariposa Yosemite~1|75109|99600|687|08,1007,18,1,1,100,,70,-500,687,,-80,600,678
KO02||NVN|Nervino~1|98185|96470|1494|07,1418,23,1,1,90,,0,-800,1493,,0,800,1491
KO08|||Colusa~8|91790|80070|15|13,914,18,1,1,151.1,,360,-300,13,,-360,200,14
KO09|||Round Valley~1|97902|67340|437|10,1119,18,1,1,114.4,,170,-600,437,64,-240,600,432
KO15|||Turlock~5|74874|93030|48|12,910,15,1,1,135.3,,290,-300,48,,-290,400,48
KO20|||Kingdon~j|80916|86410|5|12,1174,18,1,1,134.4,,370,-500,4,90,-380,500,5
KO22||COA|Columbia~1|80304|95850|646|17,1424,23,1,1,190,,628,337,650,184,-620,69,636,119;11,795,15,4,0,134,,242,-516,644,,-217,47,637;H1/H1,30,30,1,0;H2/H2,24,24,1,0
KO27||ODC|Oakdale~1|77563|92000|72|10,918,23,1,1,111.5,,160,-500,67,,-150,500,71
KO28|||Ells Field Willits~5|94513|66276|629|16,914,23,1,1,177,,400,240,626,,-440,240,613
KO37|||Haigh~a|97212|78530|66|15,1372,18,1,1,165.6,,510,-100,66,,-680,300,63
KO41|||Watts Woodland~1|86739|81280|38|18,1149,18,1,1,199.1,,480,200,34,192,-490,-200,38,117
KO52|||Sutter~8|91237|83950|18|17,928,23,1,1,187,,410,0,18,,-420,-100,18
KO60|||Cloverdale~5|87760|70070|84|14,887,18,1,1,155,,390,-200,83,,-390,300,82
KO61|||Cameron~j|86840|90120|392|13,1235,15,1,1,144,,450,-400,392,59,-450,500,386,460
KO69|||Petaluma~5|82578|73940|27|11,1097,23,1,1,125,,290,-400,27,,-290,600,23
KO70|||Westover Field Amador~8|83768|92060|515|01,1037,18,1,1,22,,-430,-200,515,,430,200,513
KO79|||Sierraville Dearwater~1|95810|96460|1519|03,943,15,1,0,48.7,,-290,-500,1519,,290,400,1509
KO88|||Rio Vista~5|81934|82960|6|07,1280,23,1,1,86,,0,-600,6,,90,900,6;15,670,18,1,1,160,,190,-400,7,,-380,-100,6
KOAR|1|OAR|Marina~5|66819|82380|42|11,1062,23,1,1,123.2,,220,-500,41,,-220,400,41
KOVE|1|OVE|Oroville~5|94878|83780|59|02,1835,30,1,1,33,,-900,-1000,55,,490,200,56;13,1079,30,1,1,144,,740,300,59,,-40,1100,54
KPVF|1|PVF|Placerville~1|87242|92470|788|05,1193,23,1,1,62.9,,-260,-700,785,,260,600,786
KRHV|1|RHV|Reid-Hillview Airport of Santa Clara County|73329|81810|41|13L,945,23,1,1,142.9,,360,-400,37,152,-320,300,40,125;13R,945,23,1,0,142.9,,310,-400,37,152,-370,200,39,125
KRIU|1||Rancho Murieta~1|84868|88972|43|04,1158,23,1,1,53,,-320,-520,43,,310,580,43
KTCY|||Tracy~5|76890|85580|59|12,1220,23,1,1,131.5,,210,-400,55,,-510,600,59;08,1048,23,1,0,90,,150,-700,59,,160,700,52
KVCB|||Nut Tree~1|83768|80380|36|02,1433,23,1,1,34,,-440,-400,35,,630,500,34
KWLW|1|WLW|Willows Glenn~8|95164|77820|43|16,1257,30,1,1,178.2,,630,-200,42,,-610,-100,41;13,1155,18,1,0,145.2,,480,-200,42,,-470,700,39
KWVI|1|WVI|Watsonville~5|69357|82100|50|02,1372,45,1,1,32.3,,-670,-600,43,,380,200,47;09,1219,30,1,1,100,,260,-400,50,,80,900,42
L36|||Rio Linda~1|86750|85550|14|17,800,13,1,0,,,360,0,14,,-360,-100,13
L52|||Oceano~8|51014|93780|5|11,709,15,1,0,,,190,-400,,,-170,300
L53|||Lodi~j|80841|86840|8|07,572,7,1,0
O31|||Healdsburg~5|86535|71010|85|13,808,18,1,0,,,230,-200,87,,-390,300,83
US-0248|||Santa Margarita~b|53997|93840|301|17,985,15,1,0,,,490,100,,,-370,-100
US-0916|||Zamora~1|87993|81693|11|16,823,12,2,0,,,364,8,11,,-376,-5,11
US-12704|||Cecil~b|90852|80877|12|14,518,15,4,0
US-1628|||Halter~b|56443|91495|454|4,1022,8,1,0,58,,-236,-450,437,,250,509,454
US-5750|||Cat Ag Air~1|73370|89719|29|15,785,9,1,0
#US|W
0O0|||San Luis Reservoir~7|70583|88740|166|ALL/WAY,4828,1219,12,0
22CA|||Commodore Center~7|78789|74873||11,3048,732,12,0
5CA9|||Konocti - Clear Lake~7|89777|72820|404|12,914,152,12,0
C39|||Folsom Lake~7|87072|88670|142|ALL/WAY,3048,1219,12,0
CN20|||Ferndale Resort~7|90030|72030|404|ALL/WAY,4572,1219,12,0
E20|||Lake Berryessa~7|85510|77723|134|14,3962,610,12,0;15,3200,457,12,0;13,2134,610,12,0
O06|||Lake Oroville Landing Area~7|95666|85320|274|ALL/WAY,2743,2743,12,0
S74|||Lost Isle~7|80041|85430||NW/SE,1219,91,12,0
