#US|B
28NC|||Balloonport of Greensboro Balloonport|59558|1811|244|B1,305,305,4,0
VA60|||Flying Horse Farm Balloonport|90515|22225|137|B1,91,91,4,0
#US|H
JPN||JPN|Pentagon Army~2|88749|29433|12|H1/H1,25,25,1,1,,201.4
US-11138|KNDV||Anacostia USN~2|88540|29880|6|H1,30,30,1,0,,315.6
#US|L
KBWI|1|BWI|Baltimore/Washington International Thurgood Marshall~1|91754|33317|45|10,3201,46,1,1,94.2,,-70,-2130,43,168,-280,1560,39;15R,2896,46,1,1,144.2,,1000,-1370,42,,-1120,590,39;04,1829,46,1,3,33,,-850,-310,45,,530,850,42;15L,1524,30,1,1,144.2,,1200,480,43,,80,1510,35
KDCA|1|DCA|Ronald Reagan Washington National~1|88521|29623|5|01,2185,46,1,1,356,,-970,90,4,,910,-100,4;15,1586,46,1,1,142.7,,960,-610,5,,-180,500,3;04,1524,46,1,1,26,,-980,-310,4,,230,440,3
KGSO|1|GSO|Piedmont Triad~3|60994|627|282|05R,3048,46,1,1,46,,-830,-740,274,,1070,1700,270;05L,2743,46,1,1,46,,-10,-2180,279,,1700,20,261;14,1945,46,1,1,135.1,,10,-1510,282,,-1230,10,274
KIAD|1|IAD|Washington Dulles~3|89445|25442|95|01C,3505,46,2,1,1,,-540,-400,87,,2610,-350,82;01R,3505,46,2,1,0.7,,-2070,1940,95,,1080,1980,89;12,3201,46,2,1,110.6,,-70,-3460,94,,-1090,-10,88;01L,2865,46,2,1,1,,50,-1902,87,,2628,-1865,82
KMYR|1|MYR|Myrtle Beach~3|36797|10717|8|18,2897,46,1,1,168,,1280,-320,7,,-1270,320,6
KORF|1|ORF|Norfolk~3|68953|37990|8|05,2744,46,1,1,38,,-940,-730,6,305,1010,1160,5;14,1486,46,1,1,128,,150,-1120,6,65,-670,200,7
KPHL|1|PHL|Philadelphia~3|98719|47589|11|09R,3658,61,1,1,76,,-1110,-3410,6,,-390,210,3;09L,2896,46,1,1,75.5,,-320,-1460,4,,330,1820,3;17,1981,46,1,1,159.1,,1410,580,3,,10,1280,3;08,1524,46,1,1,75.6,,640,1110,3,,990,2830,11
KRDU|1|RDU|Raleigh-Durham~3|58787|12127|133|05L,3048,46,2,1,45,,-420,-1470,112,,1510,930,125;05R,2286,46,1,1,45,,-1410,-1000,121,,50,790,131;14,1088,30,1,1,135,,-370,460,132,,-1060,1310,130
KRIC|1|RIC|Richmond~3|75052|26803|51|16,2744,46,1,1,147.6,,1140,-390,51,,-950,1280,49;02,2014,46,1,1,13.4,,-630,-1000,48,,1130,-470,50;07,1623,30,1,3,57,,-880,-610,48,,-100,930,48
#US|M
KACY|1|ACY|Atlantic City~3|94562|54225|23|13,3048,46,1,1,118.1,,810,-1350,23,,-480,1780,19;04,1873,46,1,1,27.9,,-650,-770,19,,840,260,20
KADW|1|ADW|Joint Base Andrews|88108|31330|85|01L,3445,61,2,1,360,,-1310,-360,77,,1250,-370,83;01R,2974,46,1,1,359.9,,-1310,340,77,,1370,330,85
KAPG|1|APG|Phillips Army Air~a|94662|38312|17|04,2438,61,1,1,28.4,,-1040,-620,11,,890,730,14;17,1525,45,1,2,161,,390,-640,17,,-910,-80,13;08,1478,45,1,2,71,,190,-530,17,,610,1100,13
KCHO|1|CHO|Charlottesville Albemarle~1|81386|15471|195|03,2073,46,1,1,22,,-760,-390,195,,770,400,189
KCRE|1|CRE|Grand Strand~1|38117|12761|10|05,1828,30,1,1,46.1,,-570,-710,10,,580,710,9
KDAA|1|DAA|Davison Army Air~a|87150|28190|22|14,1652,23,1,1,133,,540,-730,15,209,-520,700,21
KDAN|1|DAN|Danville~4|65729|6639|174|02,1798,30,1,1,16.3,,-1000,-540,163,,720,80,172;13,1192,30,1,1,125,,530,-200,174,,-100,930,160
KDOV|1|DOV|Dover Civil Air Terminal/Dover Air Force Base|91295|45340|7|14,3933,46,1,1,125.8,,980,-2010,6,1295,-1090,1680,8;01,2927,46,1,1,3.2,,-1230,140,7,,1400,330,6
KECG|1|ECG|Elizabeth City Regional Airport & Coast Guard Air Station|62606|38254|3|10,2200,46,2,1,92.4,,70,-960,3,,-10,1490,3;01,1377,46,1,3,3,,-680,-450,3,91,560,-380,2
KEKN|1|EKN|Elkins-Randolph County~4|88898|1423|606|14,1385,43,1,0,128.8,,320,-490,591,,-460,750,600;05,1372,23,1,1,38.8,,-480,-510,601,,480,480,593
KEWN|1|EWN|Coastal Carolina~4|50730|29571|5|04,1967,46,1,1,30.6,,-760,-540,4,,660,490,4;14,1220,46,1,0,128,,400,-500,4,,-270,560,5
KFAF|1|FAF|Felker Army Air~a|71325|33912|4|14,922,23,1,1,128,,250,-450,3,,-260,420,3
KFAY|1|FAY|Fayetteville Regional Airport - Grannis~a|49912|11197|58|04,2350,46,1,1,31.2,,-690,-670,56,152,1130,660,48;10,1463,46,1,1,91,,-340,-790,56,,-360,820,56
KFBG|1|FBG|Simmons Army Air~a|51318|10633|74|10,1256,30,1,1,86,,-40,-760,74,320,50,790,69
KFLO|1|FLO|Florence~4|41854|2761|45|09,1982,46,1,1,83.6,,-10,-1000,45,,200,1130,37;01,1829,46,1,1,1.5,,-930,-90,34,,710,-40,44
KFME|1|FME|Fort Meade Executive~1|90854|32406|46|10,914,23,1,1,93.9,,10,-540,35,,-40,510,46
KGSB|1|GSB|Seymour Johnson Air Force Base|53394|20394|33|08,3584,91,1,1,73.1,,-470,-1890,22,,470,1890,33
KHEF|1|MNZ|Washington Manassas Harry P. Davis~a|87230|24846|59|16L,1890,30,1,1,150.6,,470,-340,59,,-890,640,54;16R,1132,23,1,1,150.6,,370,-570,56,,-520,70,53
KHGR|1|HGR|Hagerstown Regional Richard A Henson~a|97088|22720|214|09,2134,46,1,1,80.5,,-210,-1230,201,,40,680,214;02,965,30,1,1,14.9,,-460,-80,210,,380,210,214
KILG|1|ILG|Wilmington~1|96787|43935|24|09,2217,46,1,1,77.7,,-60,-1360,24,,360,1120,22;01,2137,46,1,1,5,,-940,270,24,,970,490,19;14,1403,46,1,1,131,,150,-1020,23,,-670,220,23
KILM|1|ILM|Wilmington~3|42723|20949|10|06,2443,46,2,1,48.4,,-1040,-520,6,,420,1460,6;17,2363,46,1,1,159.2,,890,-400,9,,-910,420,5
KISO|1|ISO|Kinston Regional Jetport At Stallings~a|53314|23912|28|05,3505,46,1,1,41.1,,-1190,-1270,28,165,1190,1260,27
KJNX|||Johnston~4|55409|16097|50|03,1676,30,1,1,30,,-660,-460,45,,650,460,50
KLBT|1|LBT|Lumberton~4|46108|9406|38|05,1678,46,1,1,45,,-650,-790,38,52,410,500,37;13,1526,23,1,0,124.9,,320,-550,37,,-470,810,38;01,1516,46,1,2,0.2,,-580,330,35,,780,340,35
KLFI|1|LFI|Langley Air Force Base|70829|36395|3|08,3049,46,2,1,67.6,,-530,-1590,3,,520,1580,2
KLYH|1|LYH|Lynchburg Regional Airport - Preston Glenn~a|73267|7996|286|04,2164,46,1,1,27.8,,-880,-550,274,,530,380,286;17,1032,23,1,1,161.1,,740,-50,280,,-140,320,280
KMGW|1|MGW|Morgantown Municipal Airport Walter L. (Bill) Hart~a|96433|824|380|18,1585,46,1,1,172.4,,740,-120,377,,-680,130,379;05,844,23,1,3,45,,-440,10,378,,100,710,378;5,844,23,1,2,45
KMIV|1|MIV|Millville~5|93678|49278|26|10,1830,46,1,1,90,,-80,-1020,23,,-80,1100,26;14,1542,46,2,1,135.1,,580,-680,25,,-400,580,25
KMRB|1|MRB|Eastern WV Regional Airport/Shepherd~a|94019|20154|172|08,2687,46,1,1,71,,-354,-1311,172,122,356,1295,167;17,1524,46,1,3,160.6,,600,-470,166,,-690,120,165
KMTN|1|MTN|Martin State~1|93257|35862|6|15,2133,46,2,1,135,,680,-870,7,,-690,870,3
KNCA|1||MCAS New River / McCutcheon~a|47084|25603|8|05,1562,46,1,1,45,,-380,-880,7,,620,330,5;01,1460,46,1,1,360,,-780,300,7,,540,300,5
KNGU|1|NGU|Norfolk Naval Station (Chambers Field)|69376|37107|5|10,2551,61,1,1,90,,-10,-1430,4,91,-10,1430,4
KNHK|1|NHK|Patuxent River Naval Air Station (Trapnell Field)|82860|35882|12|06,3596,61,1,1,49.1,,-910,-980,12,,1210,2130,6;14,2966,61,1,1,126,,830,-1150,8,,-740,1590,5;02,1530,23,1,0,8.1,,-940,-920,11,,420,-680,8
KNKT|1||Cherry Point MCAS / Cunningham Field/|49009|31193|9|14L,2736,61,1,1,135.5,,1880,-1930,6,,120,170,8;05L,2587,60,1,1,45.5,,300,20,9,,1760,1820,6;14R,2559,61,1,1,135.5,,210,-180,9,258,-1430,1780,5;05R,2496,61,1,1,45.5,,-1290,-1700,7,,290,250,9
KNTU|1|NTU|Oceana Naval Air Station|68207|39665|7|05R,3658,61,1,1,42.1,,-1520,-1640,5,,920,1100,6;14L,2439,46,2,1,133.4,,1390,-380,5,,-140,1620,6;05L,2438,46,2,1,42.1,,-580,-900,6,,1050,930,6;14R,2438,61,1,1,133.8,,1250,-510,6,,-270,1460,6
KNYG|1|NYG|Quantico Marine Corps Airfield / Turner~a|85017|26947|3|02,1295,56,1,1,15,,-380,-160,3,,760,220,3
KOAJ|1|OAJ|Albert J Ellis~1|48292|23879|29|05,2164,46,1,1,44,,-700,-830,27,,690,820,28
KOXB|1|OCE|Ocean City~5|83104|48760|3|14,1242,23,1,1,133,,360,-300,3,,-400,740,3;02,977,23,1,1,10,,-390,-370,3,,470,-180,3
KPGV|1|PGV|Pitt-Greenville~1|56355|26157|8|02,2187,46,1,1,7.6,,-960,-150,7,,810,140,8;08,1523,46,1,1,66.7,,-240,-730,8,,300,810,8;15,819,46,1,2,128,,220,-960,8,,-230,-240,8
KPHF|1|PHF|Newport News Williamsburg~3|71319|35070|13|07,2439,46,2,1,57.8,,-690,-840,11,,480,1480,12;02,1989,46,2,1,12.8,,-750,-640,11,,1000,-150,13
KPOB|1|POB|Pope~a|51709|9855|66|05,2286,46,1,1,41.4,,-770,-830,66,,770,830,58;049/229,914,18,1,0
KROA|1|ROA|Roanoke–Blacksburg~4|73255|246|358|06,2073,46,1,1,50,,-330,-860,351,,880,920,352,241;16,1771,46,1,1,148,,350,-570,355,,-1010,490,348
KRWI|1|RWI|Rocky Mount Wilson~4|58563|21081|48|04,2164,46,1,1,33.3,,-820,-660,48,,810,650,46
KSBY|1|SBY|Salisbury Ocean City Wicomico~4|83405|44897|16|14,1951,30,1,1,127,,550,-640,14,,-350,900,16;05,1524,30,1,1,37,,-660,-660,14,,440,380,15
KSHD|1|SHD|Shenandoah Valley~4|82638|11036|366|05,1829,46,1,1,38.2,,-640,-650,358,,650,640,366
KW63|||Lake Country~4|65958|14399|128|04,1221,15,1,1,27.7,,-550,-360,112,,540,350,128
KWWD|1|WWD|Cape May~8|90085|50917|7|01,1601,46,1,1,360,,-550,270,7,,820,260,5,24;10,1524,46,1,1,90,,-140,-1200,5,,-130,560,6
#US|S
00MD|||Slater~a|87571|42462|14|14,518,23,4,0
00N|||Bucks~1|94730|48157|32|18,738,46,4,1
00NC|||North Raleigh~1|60852|16286|106|05,808,11,1,0
00WV|||Lazy J.~e|88289|1339|628|05,549,30,4,0
01NC|||Topsail~j|44753|24186|20|03,975,23,4,1;18,610,23,1,0
01VA|||Pickles~1|91250|20750|152|03,457,18,4,0
02MD|||Garner~a|86725|32903|43|9,610,23,4,0
02VA|||The Greenhouse~1|84357|21428|98|18,914,24,4,0,,,,,,,,,,152
03NC|||Pilots Ridge~1|41042|20941|11|09,914,12,1,0
04NJ|||Emmanuel~1|95968|47665|47|08,1067,15,4,1,,,,,,183,,,,91
04VG|||Manquin Flight Park Ultralightport|77065|27984|15|01,1067,24,4,0;11,549,21,4,0
05MD|||Breezecroft~1|92442|38013|6|18,823,24,4,0,,,,,,152
05VA|||Providence~1|72242|15814|136|18,610,12,4,0
06NC|||Tailwinds~1|48275|10697|50|09,792,27,4,0,,,,,,,,,,152
06VA|||Mount Horeb~a|82490|11447|354|05,610,30,4,0
07VA|||Alpha Hotel~1|68196|12169|107|16,488,15,4,0
09NC|||William Irving Lewis~1|53293|9700|94|16,732,24,4,0
09NR|||Dakota Air~b|56501|3497|171|9,549,11,4,0;H1/H1,7,7,2,0;H2/H2,7,7,2,0
0MD1|||Taylor~a|91873|42073|23|08,914,15,4,0
0MD2|||Squier Landing~1|82878|31324|5|12,671,9,4,1;H1,23,23,4,0
0MD4|||Pond View Private~1|92668|38128|14|18,792,30,4,1,,320
0MD6|||Walters~1|93812|28942|229|05,549,18,4,0
0N4|||Chandelle~1|92023|45145|7|04,772,9,1,1,,,-310,-200,,164,310,210,,164
0N6|||Albanna Aviation~1|90126|44665|15|15,624,12,4,0,,,250,-260,,,-200,170
0NC7|||Lindsay~1|63648|39|213|03,518,23,4,0
0NJ6|||Dix~a|93168|53671|2|E/W,899,30,4,0
0VA1|||Johnson Fox~a|72335|4147|274|14,610,15,4,0
0VA2|||Riverwood~1|77965|2333|311|14,610,21,4,0
0VA3|||Hunt~1|76988|29047|46|04,671,21,4,0,,,,,,274,,,,274
0VA4|||Worley~a|69501|1205|372|17,640,27,4,0
0VA8|||Jayarz~1|72858|22088|64|14,549,24,4,0
0VI1|||Brooklyn~1|76889|28986|44|05,914,18,4,0
10NC|||Johnston~h|63407|24910|18|13,747,24,4,0
10VA|||Nashs~1|73863|11869|239|05,549,6,1,0
11MD|||Tim's~1|84200|43683|13|16,762,23,4,0
11VG|||Devil's Reach Landing~1|82095|29989|9|15,549,21,4,0
12NC|||Atlantic Field Marine Corps Outlying~a|48921|36510|6|05,1121,46,1,0,46.6,,-2020,-700,,,-1330,180;01,1090,46,1,0,0.5,,-2310,-20,,,-1350,-10;10,1067,46,1,0,90.5,,-1360,-600,,,-1370,550
12VA|||Hop-Along~1|77881|2322|323|14,655,15,4,0,,,,,,,,,,91
13NC|||Oak Grove Marine Corps Outlying~a|50250|27441|8|05,1280,46,1,0,44.6,,130,-770,,,970,230;09,1250,46,1,2,90.6,,250,-670,,,240,680;01,1219,46,1,0,,,-210,660,,,880,670
14NC|||Camp Davis Marine Corps Outlying~a|45165|24549|18|18,1524,46,2,0;05,1380,75,2,0,52.3,,-1340,-1660,,,-510,-350
14VA|||Krens~h|92290|22533|241|01,579,15,4,0
15N|||Jenkins~1|91196|44162|16|18,866,21,4,1,,,,,,,,,,69;12,620,21,4,0
15NC|||Dragonfly~a|62399|30265|15|14,549,15,4,0
15VA|||Fox Acres~1|87223|21003|137|02,594,38,4,0
16MD|||High Valley~1|96686|40397|111|09,549,15,4,0
16NC|||Lee's~1|61961|33347|9|10,792,30,4,0;01,465,20,4,0
17NC|||Mitchell~a|44663|16714|7|15,640,27,4,0
17NR|||Zombie Air Force~1|47833|14230|26|18,610,61,4,0,,,,,,18,,,,18;10,183,30,4,0
18NR|||Suggs~a|53649|23646|26|15,640,12,4,0
18WV|||Lynn~1|94100|1433|512|08,518,18,4,0,,340,,,,,,,,30
19NC|||Double S~1|60643|20769|59|17,732,30,4,0
1E6|||Elkins~a|44588|13814|28|01,610,23,4,0
1MD1|||Big Oak~h|85691|37138|1|E/W,488,23,4,0,,,,,,61,,,,91
1MD8|||Mayberry Run~1|96829|29028|177|06,457,15,4,0
1N5|||Bennett~1|84111|43853|13|17,955,29,4,1,,,440,-260,,72,-340,210,,226;08,692,29,4,0,,,170,-830,,122,450,-120,,91
1NC0|||Delk's~1|57224|651|140|16,701,14,4,0
1NC1|||Ron's Ultralight~a|58120|7616|160|14,488,38,4,0,,,,,,,,,,91
1NC3|||Fletcher's~1|61810|38497|2|09,762,30,4,0
1NC4|||Bell Strip|49954|27423|11|17,914,23,4,0
1NC5|||Riley~a|59332|16514|110|09,610,23,4,0
1NR7|||Boyd~a|62741|15314|102|1,1341,15,4,0
1VA0|||Sabot~1|76293|22525|78|03,732,30,4,0
1VA3|||Tye River~1|76582|10544|198|04,533,30,4,0
1VA7|||Aaron Penston~a|66647|12779|126|01,549,34,4,0,,,,,,61
1VA8|||Hazelswart~1|68622|15900|148|13,914,18,4,0,127.2,284,220,-350,,183,-270,470,,351
1VA9|||Flying T~h|84329|25295|78|04,610,12,1,0
1VG2|||Whithall~h|81247|33114|7|01,853,15,4,0
1W3|||Mexico Farms~1|96048|12394|185|09,646,23,4,1,,,90,-360,,,140,390;16,640,59,4,0,,,220,-250,,,-280,110,,244
20VA|||Woodford~j|80824|25117|75|08,792,46,4,0
20VG|||Hawk Ridge~1|72887|5531|232|05,640,18,4,0
21SC|||Graham~1|43479|1200|47|17,671,21,4,0
21VA|||Eagles Nest~1|73034|40643|12|01,549,18,4,0
22NC|||Flint Ridge~1|58211|5317|198|18,732,18,4,0,,,,,,152
23DE|||Full Throttle~h|93126|42710|25|14,914,15,1,0,,265
23NR|||Whitfield's East~1|55609|37676|0|08,1006,7,1,0
23VA|||Wheatland~1|75569|13798|149|15,549,8,1,0
23VG|||Murdock's Holly Bu~1|67097|15719|142|02,457,18,4,0
24VA|||Cherrystone~1|72880|40002|4|09,610,23,4,0
25MD|||Whalen~a|91675|41598|21|17,610,26,4,0
25NC|||Smith Air Strip|56327|2882|171|18,945,18,4,1,173,,490,110,,46,-360,250,,213
25VA|||Toddsbury~h|78214|28875|15|17,853,30,4,0
26N|||Ocean City~5|92635|53925|2|06,906,18,1,1,47,,-280,-380,2,,280,390,1
27MD|||Myles Landing~1|90983|41050|21|12,991,15,1,0
28N|||Vineland-Downtown~1|95376|50337|37|02,686,30,4,1;12,549,30,4,0
29N|||Kroelinger~1|95240|49537|28|10,636,58,4,0,96,,30,-370,,,-30,360
29VA|||Rhynalds~b|85293|22611|87|10,762,37,4,0
2DE2|||Willaview~1|88550|44278|19|16,732,23,4,0
2MD0|||Anderson~h|80490|42958|2|07,655,12,4,0
2MD4|||Ennis~e|83946|44426|13|08,640,30,4,0
2MD6|||Cherry~a|81440|35278|2|03,610,46,4,0
2MD8|||Greater Gortner~1|93334|5586|762|04,620,15,4,0
2NC4|||Scottbrook~h|53379|18453|49|01,411,12,4,0
2NC7|||Scotland Neck East~1|61679|26011|31|18,914,30,4,0,,,,,,,,,,152
2SC7|||Laurel Hill Farms~1|30517|4586|2|06,579,30,4,0
2VA0|||Red Birds Airyard~1|71131|3906|287|05,549,21,4,0
2VA1|||Jett~j|78960|36448|27|08,732,18,4,0,,,,,,122
2VA2|||Melville~6|71460|32100|27|03,884,18,4,0
2VA3|||Merlin~e|73167|21336|72|14,975,30,4,0
2VA5|||Rosegill Farm~6|76307|34350|10|01,732,61,4,0
2VA6|||Nimcock~1|76233|34000|26|08,975,18,4,0
2VA8|||Brandywyne Farms~1|66869|31766|20|09,427,8,4,0,,307.4,,,,,,,,23
2VG2|||Upperville~1|89718|21303|168|NW/SE,1554,30,1,1,127,,-371,752,170,,337,-795,158
2VG3|||Cub Haven~1|85486|11289|411|05,427,23,4,0
2VG7|||Seven Gables~1|81639|21500|125|17,457,21,4,0
2VG8|||Folly Neck~1|78707|32677|4|01,701,21,4,0
2W2|||Clearview~j|94670|29826|244|14,561,9,1,1,125,,150,-270,232,101,-140,270,244,85
31VA|||Aberdeen~a|70238|34114|10|02,1805,18,1,1,13,359.9,-1150,-250,7,,430,190,9
32MD|||Roseland~1|91894|41232|21|13,914,30,4,0
32NC|||Hall~a|48964|9569|53|03,610,61,4,0
33NC|||Easley Acres~1|56347|19864|40|17,945,23,4,0
33VA|||Fox Fire~1|67843|9503|163|13,488,18,4,0
38N|||Smyrna~1|93036|44161|5|10,792,38,4,1,,298.3,-10,-450,,,20,470
38WV|||River's Edge~h|93253|15744|247|06,549,15,4,0,,223.9,,,,305
39MD|||Barton Hall~9|82750|32760|6|9,549,18,4,0,86,,-17,-317,6,,14,308,5
3MD0|||Burhans~i|93482|26639|149|12,792,7,1,0,,192,,,,,,,,183
3MD4|||Fairview~1|89776|33606|46|10,549,15,4,0
3MD5|||Hidden Hills~1|86212|41587|6|16,762,23,4,0
3MD6|||West St Mary's~1|81890|35531|15|18,671,30,4,0
3MD8|||Pokety~1|86123|38289|3|18,823,23,4,0
3NC9|||Womble~a|58782|9132|145|07,488,15,4,1,,273,,,,,,,,61
3NJ1|||Pemberton~1|99821|53073|20|04,783,30,4,0
3NJ9|||Allen~6|99411|52292|16|13,599,21,4,0,,,,,,,,,,114
3NR4|||Crabbe~1|62814|36633|5|1,945,38,4,0
3PA8|||Harris~1|98204|40742|175|N/S,457,30,4,0
3PN0|||Schulteis~1|99604|27409|207|08,457,30,4,0
3PN2|||Karlindo~1|97590|26525|162|15,533,30,4,0
3SC7|||Jordan~1|35406|4658|10|15,838,37,4,0
3VA1|||The Meadows~1|87706|22027|178|06,640,38,4,0
3VA2|||Aviacres~1|86243|22139|133|06,640,30,4,0
3VA3|||Flying Circus~e|85515|22846|96|16,762,46,4,0;02,610,46,4,0
3VA4|||Bill Davenport~i|78571|32639|3|N/S,610,15,4,0
3VA5|||Goose Hunt~h|90289|23750|104|17,518,30,4,0,,252.7
3VA7|||White Post~1|90618|19076|186|04,610,23,4,0
3VA8|||Garner~1|68563|33178|24|N/S,792,23,4,0
3VG2|||Machipongo~3|73883|41075|11|10,853,18,4,0
3VG3|||Serenity~h|79361|36514|3|14,671,23,4,0
3VG7|||Hartwood~1|84846|23872|119|17,753,11,4,1,,283.7;09,610,30,4,0
3VG9|||Potts Landing~1|67114|8637|168|04,549,30,4,0,,353
3W3|||Kentmorr~j|89182|36420|3|10,732,23,4,0,,214.1,-10,-510,,61,-10,340,,46
3W6|||Bladenboro~1|45429|12219|35|02,869,41,4,0
42MD|||Herrington~a|94683|5747|753|03,732,30,4,1
42SC|||Chicken Coop~1|41629|3339|23|2,884,27,4,0
42VA|||Virginia Beach~1|66790|39673|5|11,1477,58,4,0
44VA|||Big Hill~1|77312|1888|494|03,853,30,4,0,,302,,,,91,,,,91
45NC|||Glover~1|65284|25447|37|07,533,15,4,0
46VA|||Byrd Creek~1|78175|19515|96|04,442,15,4,0
47NC|||Windemere~1|51381|11772|30|04,881,46,4,0
48MD|||Le Champ~1|81491|43378|4|09,625,24,4,0
48NR|||Blackbriar~1|64679|5665|183|7,647,15,4,0
48VA|||Al's~a|92913|16486|341|03,457,15,4,0;10,274,9,4,0
4MD0|||Mears Creek~9|83743|35170|8|15,488,18,4,0,,269.7,,,,,,,,91
4MD1|||Bunting's~a|83682|47693|2|18,914,15,4,0,,,,,,305
4MD2|||Ward's~1|94304|5457|762|10,574,23,4,0
4MD3|||Carey~a|84399|48406|7|10,541,12,4,0,,202.9,,,,76
4MD4|||Clements~1|83406|32628|32|09,533,24,4,0
4MD6|||Moxley's~1|96250|37375|125|15,549,15,4,0
4MD7|||Catoctin Crosswind~1|96453|26322|137|05,488,30,4,0,,233
4MD8|||Ijamsville~1|93583|26603|149|12,853,27,1,0
4MD9|||St John~1|94806|32394|141|02,792,37,4,0,,,,,,91
4NC5|||Triple M~1|47295|29487|9|05,838,30,4,1,,235.4
4NC7|||Peacock STOLport|56963|14625|119|18,518,23,4,0
4PS5|||Muddy Creek~1|99205|518|329|02,823,30,4,0
4VA1|||Davis~a|66868|3339|256|18,732,30,4,0
4VA3|||Flying W~1|74299|26056|31|05,686,15,4,0
4VA5|||Starr~1|76596|10778|195|04,610,30,4,0
4VA6|||Taylor~1|78807|44940|15|04,747,18,4,0
4VA8|||Christian's~1|76138|27042|38|10,488,30,4,0
4VA9|||Pleasantdale~a|85692|20800|128|12,549,15,4,0
4VG2|||Cool Water~1|78581|24545|76|06,488,12,4,0
4VG8|||Robbie Campbell Memorial~9|81422|24723|84|6,727,21,4,0;18,292,46,4,0
4W4|||Whitfield Farms~1|62835|9211|199|03,594,21,4,0,,297.9,,,,,,,,122
4W9|||Pink Hill~1|50507|22639|44|01,853,26,4,1,,263.3,,,,61,,,,61
4WV4|||Heaven's Landing~6|91763|9319|372|06,610,18,4,0
51NC|||Phillip R Bunn~1|58623|16517|108|10,701,30,4,0
51PA|||Lamberson~1|98834|29170|165|06,701,30,4,0
51VA|||Skyview~1|87162|23661|104|09,610,15,4,0
52NC|||Epley~1|48446|27340|13|07,732,23,4,0
52NR|||Derksen~1|55279|6038|137|18,441,7,2,0
53NC|||Mynatt~a|43787|9207|29|08,610,12,4,0
53VA|||Horse Feathers~1|86340|22425|119|18,792,15,4,0
54NC|||Dillard~1|62394|35828|5|07,823,26,4,0
54NR|||Bethany~1|63129|1715|275|18,549,40,4,0
56WV|||Cheat River Island~1|93258|3383|430|13,610,15,4,0
58J|||Huggins~i|41377|794|44|14,942,46,4,1,,357
58NR|||Chase~a|54253|24026|17|18,488,30,4,0
58SC|||Cherry Grove~1|42049|10331|32|18,526,15,4,0
58VA|||Walnut Hill~1|85951|23539|87|18,759,15,4,0,,,,,,152,,,,61
59NC|||Mclean Brothers~1|60974|4447|212|06,671,52,4,0
5MD5|||Arcadia Farms~1|81965|42904|5|01,914,18,4,0
5NC3|||Gilliam-McConnell~9|53417|5631|136|13,774,11,1,0,131,300,157,-327,127,,-193,323,133
5NC5|||The Duchy~1|59823|7259|198|3,1067,13,1,0
5PA0|||Blomster~a|98728|447|320|05,610,23,4,0
5VA5|||Chimney View~1|84035|26842|8|09,427,18,4,0
60NC|||Star Hill Golf Club~1|47054|29438|12|06,853,23,4,1,,312
61NC|||Southern Comforts~e|48713|10344|53|01,1219,61,4,0
61NJ|||Thomas Browne~j|96915|48568|44|10,610,24,4,0
61VA|||High View~h|92354|19881|181|03,914,46,4,0
62MD|||Sandy Point~1|84888|33564|6|08,549,18,4,0
62NC|||Hickory Hill~1|49368|30553|9|04,671,30,1,0
62VA|||Grasso Salvage~1|66699|32714|21|09,671,61,4,0,,305,,,,122,,,,305
64NC|||Fields~1|59019|2275|250|01,549,15,4,0
66NC|||Hood~a|51744|25164|18|10,853,21,4,0
67MD|||Willows Landing|95547|27694|176|1,549,18,4,0
68MD|||Highrock~9|94742|10573|230|02,518,23,4,0
68NC|||Winstead '76'~1|63996|8719|187|14,655,46,4,0
6A5|||Warf~1|63235|2907|250|17,777,46,2,1
6MD1|||Dileo~a|88424|40843|15|06,454,23,4,0,,304,,,,152
6MD3|||Harp~1|95969|24533|415|E/W,427,15,4,0
6MD4|||Pembroke~h|97194|37916|116|13,699,23,4,0
6MD7|||D'Angelo~1|93392|42333|25|10,747,20,4,0,,240,,,,140,,,,305
6MD8|||Delmarvair~1|84415|45969|17|18,838,32,4,0
6NC0|||Cox-Grantham~9|52891|18204|48|03,853,16,4,1,,259,,,,,,,,204
6NC3|||Eastover Air~b|50864|12278|49|04,914,91,4,0
6NC5|||Thompson Farms~1|60249|23406|30|03,549,23,4,0
6NC7|||Circle P~h|47514|30939|9|05,914,24,4,0
6NC9|||Moss Hill~1|52078|22402|9|01,914,18,4,0,,,,,,,,,,91;13,305,30,4,0
6VA0|||Remo Private~1|78187|36823|4|01,427,12,4,0
6VA2|||Loury Lester~j|67418|1522|314|15,1219,30,4,0
6W4|||Caswell~1|63997|6072|198|04,529,46,4,0
70D|||Titus~a|94987|1474|567|09,732,15,4,0
70NC|||Martindale Executive~j|65446|18520|91|09,914,23,4,0
70NR|||Ruby's Landing|52186|16332|44|17,809,24,4,0
70VA|||Burnt Chimney~1|70750|1728|315|06,549,15,4,1
71NC|||K & D~1|62640|5498|244|04,914,61,4,0;09,305,61,4,0
71PN|||Schulteis~a|99181|29545|168|18,610,30,4,0
73MD|||Swan Creek~1|91753|37575|8|18,617,18,4,0,180,,280,0,8,,-280,0,5
73PA|||Gilbert~1|99295|32292|162|04,677,38,4,0
74NC|||Benton~h|50964|33703|3|17,610,46,4,0,,,,,,6,,,,30
76NC|||Dunroamin Farms~1|61599|23753|30|03,914,21,4,0
77NC|||Winnabow~1|41524|18949|10|17,1067,27,1,1,170,,460,-150,,,-490,50,,122
78NC|||Fuquay Airport / Angier~a|55433|12496|106|14,847,27,4,1
79NC|||Ball~1|61343|17181|112|18,750,12,1,1
79NR|||Wyatt~1|63674|37006|3|13,954,56,1,0
79PA|||Little Britain~1|97912|38584|143|10,549,30,4,0
79VG|||Perkey~1|76639|1893|366|7,686,10,1,0
7MD1|||Magennis~h|87034|41490|12|09,762,15,4,0
7MD7|||Boomers~a|80004|44170|7|13,792,30,4,0;04,610,23,4,0
7MD8|||Kent Fort Manor~1|88565|36384|3|17,701,18,4,0,,,,,,91,,,,152
7MD9|||Tilghman Whipp~1|87361|36833|2|03,585,26,4,0
7N7|||Spitfire~e|97356|46023|12|07,737,18,1,1,63,,-160,-380,12,60,150,380,11
7NC1|||Stag Air Park|45279|21497|7|11,1219,38,4,0
7NC2||DUF|Pine Island~1|62527|42147|5|17,1052,17,1,0,170,,550,-420,,,-390,-220
7NC3|||Kenly~1|55964|19014|69|09,1061,30,4,0,,281.1
7NC5|||Crooked Creek~1|59338|17533|76|04,762,24,4,0,40,,-467,38,70,128,1,348,76
7NC6|||Kimrey~1|60554|6733|190|13,732,30,4,0
7NC9|||Spencer~a|57274|889|140|17,427,23,4,0
7NJ2|||Stoe Creek~h|94813|45947|5|05,526,18,4,0
7NJ7|||Coombs~1|95715|47851|37|09,610,21,4,0
7NJ9|||Dave's~e|93182|47937|2|12,610,18,4,0,,,,,,183
7VA9|||Hannah~a|83988|4003|929|4,701,23,4,0
7VG0|||Warrenton Air Park|86557|22128|135|04,675,21,4,0,,248.2,,,,,,,,305;15,610,21,4,0
7W4|||Lake Anna~1|79657|22542|108|08,780,15,1,1,,352.3
80VA|||Holly Springs~1|77913|21753|76|06,610,27,4,1,,360
81NC|||Cox~a|40408|12600|15|04,1006,15,4,0
81VA|||Ferguson~1|71172|2130|320|13,488,9,4,0
82NC|||Pineview Air~1|53081|9267|91|13,427,18,4,0
82VA|||Root~a|81732|10308|393|10,671,30,4,0
84NC|||Rooster~a|52727|7515|104|09,657,40,4,0
86NC|||Craig Craft~1|62634|35087|4|04,884,30,4,0,,356.8,,,,,,,,251
87NC|||C A G Farms~1|54688|13480|94|06,610,15,4,0
88MD|||Beaven~a|88044|40466|15|4,792,30,4,0
88VA|||Belmont~h|83742|20081|93|04,671,15,4,0
89NC|||Strickland~a|42664|9764|30|05,805,36,4,0
89NJ|||Strawberry Fields~1|94892|52764|14|14,671,30,4,0
89VA|||Hidden River~1|85223|14758|238|11,427,12,4,0
8MD0|||Suzie~a|93770|29828|171|02,544,15,4,0
8MD4|||Spiering~1|89806|42222|17|17,701,15,4,0
8MD5|||Harrison~h|94983|27783|186|18,610,15,4,0
8MD6|||Burgess~a|83971|28531|11|15,671,9,5,0
8MD7|||Deerfield~1|82386|33403|8|11,610,24,4,0,,190,,,,91
8NC1|||Dean~a|53773|7605|146|06,732,46,4,0
8NC4|||Dead Dog~1|57295|6869|160|16,610,18,4,0
8NC5|||Adams~1|45760|7512|44|01,1097,24,4,0
8NC6|||Brooks~a|56936|5884|189|08,671,23,4,0
8NC7|||Parker~a|49354|27266|12|03,671,23,4,0
8NC8|||Lake Ridge Aero Park~1|60601|12167|94|14,975,46,4,1,136.7,271,320,-370,,,-320,370
8PN9|||Marsh Creek~1|98220|27081|162|04,457,46,4,0,,351,,,,152
8VA4|||Lotus~3|76729|12967|104|09,826,30,4,1,,360
8VA6|||Flatwoods~1|77382|10378|256|03,427,37,4,0
8VG4|||Buffalo Ridge~1|76055|9831|201|16,518,15,4,0;10,366,15,4,0
90VA|||Hen & Bacon~1|82181|17881|131|13,427,15,4,0
91VA|||Miller~1|73276|5952|232|05,564,21,4,0
92VA|||New Quarter~h|73447|34356|12|15,945,20,4,0
93MD|||Knollwood~h|95618|41652|30|12,671,15,4,0,,,,,,12
93VA|||Timberdoodle~1|75363|9766|247|04,427,23,4,0
94MD|||Conquest~a|90883|38695|5|10,762,18,4,0,91
94NC|||Viking~1|50090|7382|90|07,792,20,4,0
97VA|||Singleton~1|82107|2866|628|05,488,15,4,0
9MD9|||G W~h|88520|43107|15|10,503,30,4,0
9NC0|||Raleigh East~1|57977|15630|95|01,914,11,1,1,8,213,-500,-290,82,,320,-120,95;1,914,11,1,1
9NC2|||Flyers~j|52182|12036|35|04,869,20,4,0
9NC8|||Eagles Landing~1|56869|7812|131|01,1158,24,4,0
9NC9|||Meylor~a|62091|1058|277|09,457,30,4,0
9NJ6|||Halka Nurseries~1|93664|47317|3|18,732,30,4,0,,210,,,,122
9NR0|||Smoke and Wings~1|62181|8228|226|17,432,14,4,0,180,,190,0,214,,-200,0,226
9NR7|||Triple F~j|50183|14342|45|09,671,21,4,0
9NR8|||Buie~a|47933|8064|62|06,847,15,4,0
9PA7|||Keystone~1|97728|7889|771|09,556,11,1,0
9PS8|||Manor Landing~1|98127|26973|171|06,610,30,4,0
9VA0|||Bath Alum~1|80526|2711|542|E/W,1128,46,4,0
9VA1|||Holly Point~1|74051|36117|4|E/W,671,46,4,0
9VA4|||Franwood Farms Inc.~1|86909|13705|302|03,472,27,4,0
9VG|||Campbell~a|74588|41228|12|03,914,30,4,0;14,443,43,4,0
9VG9|||Jucapa Farms~1|93714|16937|354|16,457,21,4,0
9W8|||Baublitz Commercial~1|98527|35149|229|10,760,30,4,0,,340.4,,,,145,,,,61
9W9|||Clio Crop Care~1|45614|4619|59|05,792,38,4,0,,,-250,-300,59,,260,300,59
C01|||Southern Cross~1|96558|49843|44|09,732,24,4,0
DE00|||Doyle's~1|90207|44229|16|16,610,15,4,0,,335,,,,152
DE09|||Johnsons~1|90682|45115|13|15,684,24,4,0
DE14|||Huey~1|87440|44651|14|14,792,34,4,0
DE15|||Pevey~1|86126|43003|12|09,792,23,4,0
DE17|||Sugar Hill~1|87779|44167|14|03,701,30,4,1,,308
DE19|||Duffy's~1|93258|42584|21|17,792,18,4,0
DE20|||Spirit~j|93736|42542|24|02,1006,30,4,0
DE21|||West Private~1|85179|48401|6|10,914,20,4,0
DE23|||Ockel Farms~1|87503|46400|14|10,762,30,4,0,,270,,,,,,,,73
DE25|||Eagle Crest-Hudson~1|87761|47664|9|14,1067,30,4,0
DE29|||Scotty's Place~1|93751|43559|12|14,792,24,4,0
DE32|||Belfair~1|89750|43833|20|04,712,15,4,0
DE34|||Townsend A~1|94143|43370|20|04,1006,23,4,0,,1.9,,,,213
JY04|||Paramount~1|90644|50929|2|14,610,30,4,0
JY17|||Woodcrest Farms~6|94697|47237|27|05,702,30,4,0,,252,,,,91,,,,219
JY31|||Wide Sky~j|94468|46868|30|04,777,46,4,1,,357
JY39|||Rainbow's End~1|96611|45347|3|01,671,30,4,0,,295
K0V4|||Brookneal/Campbell~8|71417|9836|182|06,1158,18,1,1,53,,-310,-520,182,,320,520,180
K0W3|||Harford~8|95668|37976|125|01,1022,23,1,1,9,,-245,-145,,123,719,-197;10,610,12,1,3,92,,-40,-240,124,,-70,470,116,30;14,488,23,4,2,124,,210,-270,,,-30,210
K17N|||Cross Keys~1|97055|49670|49|09,1067,15,1,1,74,,-130,-600,42,,130,600,49,61
K19N|||Pine Valley~1|97784|50522|45|05,943,14,1,1,38,,-330,-340,45,226,340,340,43,73
K2A5|||Causey~1|59118|3824|220|02,1158,12,1,1,16,,-500,-180,220,,500,180,219
K2G4||ODM|Garrett~8|95808|6643|894|09,1524,23,1,1,79,,-130,-890,894,,130,850,877
K2GC|||Grays Creek~1|48937|11565|49|17,1067,9,1,1,170,209.4,-480,690,,,-1430,900,,107
K2W5|||Maryland~1|85966|29274|52|02,1140,23,4,0,8,,240,-50,,,750,40;18,914,15,1,1,167,,730,-170,52,,-70,60,48
K2W6||LTW|St. Mary's County~4|83154|34499|43|11,1265,23,1,1,102,,120,-710,43,,-130,700,38
K31E|||Eagles Nest~1|96654|56921|11|14,1119,18,1,0,134,0.5,300,-410,,,-310,410
K33N|||Delaware~j|92187|43996|17|09,1280,23,1,1,73,,-180,-230,16,306,100,980,13
K38J|||Hemingway Stuckey~1|37286|4840|16|11,1032,15,1,0,106.4,,140,-530,16,,-130,540,16
K3A4|||Greensboro Executive~1|59420|3145|225|17,934,9,1,1,175,,410,-50,206,,-420,40,225
K3G5|||Dawson Army Air~a|94437|3248|386|05,1372,15,1,1,50,,240,270,,198,1040,1490,,107
K43A|||Montgomery~8|53841|2095|191|03,1067,18,1,1,23,,-20,-460,,,870,0
K51J|||Lake City Municipal Airport - CJ Evans~a|38536|2319|24|01,1128,23,1,1,6.2,,-510,-70,24,,500,60,24
K58M|||Cecil~8|95742|41302|32|13,911,21,1,1,116,,170,-480,32,93,-180,480,19
K5J9|||Twin City~1|40884|11351|30|08,1126,18,1,1,73.6,,-140,-590,30,61,140,580,30
K5W4|||P K~j|50199|8090|93|04,1037,18,1,1,33.1,,-400,-310,89,,390,310,93
K5W5|||Triple W~1|56203|12997|74|16,916,12,1,1,160,,390,-170,74,,-380,180,74
K5W8|||Siler City~5|57043|4958|187|04,1524,23,1,1,39.9,,-650,-650,182,,400,430,187
K60J|||Odell Williamson~5|39085|15633|10|06,1280,23,1,1,56.7,,-280,-500,,,300,560
K6J7|||Branhams~1|42821|713|50|16,975,30,4,1,166,,440,-120,,,-410,140
K7W6|||Hyde~8|55624|40448|2|11,1525,30,1,1,111,,240,-750,2,,-220,730,2
K8W2|||New Market~1|86557|12910|297|06,890,18,1,1,50.5,,-260,-300,,,250,490,,274
KACZ|||Henderson~a|47179|19964|12|09,1266,23,1,1,85,,-50,-670,12,,50,660,9
KAKQ|||Wakefield~5|69872|29989|34|03,1322,23,1,1,17,,-570,-220,33,91,570,210,34,143
KANP|1|ANP|Lee~1|89429|34316|10|12,764,15,1,1,107.5,,100,-420,10,145,-110,420,10
KAPH|1|APH|Mary Walker LZ~1|80686|26807|67|05,671,30,4,0,42.5,,-190,-230,66,,250,290,64
KASJ|||Tri-County Airport at Henry Joyner~a|62975|28291|21|01,1372,23,1,1,1.2,,-620,0,21,,620,30,21
KAVC|||Mecklenburg Brunswick~4|66883|19455|134|01,1525,23,1,1,358,,-690,40,115,,680,-30,135
KBBP|1|BTN|Marlboro County Jetport - H E Avent~g|46217|2656|45|07,1525,23,1,1,57,,-370,-690,42,,380,700,44
KBKT|1|BKT|Allen C Perkinson Blackstone Army Air~a|70742|20425|134|04,1625,46,2,1,34.5,,-550,50,131,,500,950,134;01,1229,23,2,3,1,,-420,-550,127,,680,-530,130
KBUY|||Burlington Alamance~4|60485|5251|188|06,1953,30,1,1,52.1,,-420,-670,188,,430,670,178
KCBE|1|CBE|Greater Cumberland~4|96154|12391|236|05,1538,46,1,1,39.1,,-430,-390,220,,640,740,237;11,914,46,1,1,97,,-170,-790,220,,-250,70,222
KCGE|1|CGE|Cambridge Dorchester~1|85393|39696|6|16,1365,23,1,1,144,,500,-460,6,,-490,460,5
KCGS|1|CGS|College Park~1|89806|30777|15|15,908,18,1,1,138,,270,-300,14,127,-270,310,12,61
KCJR|||Culpeper~4|85267|21411|96|04,1524,30,1,1,28,,-730,-490,96,,480,340,96
KCKI|||Williamsburg~4|37172|1430|20|14,1524,23,1,1,132.2,,460,-610,20,,-460,610,20
KCPC|||Columbus County~5|42729|12850|30|06,1676,23,1,1,42.1,,-560,-610,27,,560,610,21
KCPK|||Chesapeake~4|66656|36793|6|05,1676,30,1,1,36.9,,-600,-560,5,,610,570,6
KCQW|1|HCW|Cheraw Municipal Airport/Lynch Bellinger~a|47129|430|73|08,1524,23,1,1,70.1,,-240,-780,73,,230,780,57
KCTZ|1|CTZ|Sampson~8|49756|16354|45|06,1526,23,1,1,50.9,,-360,-550,43,,370,550,44
KCXE|||Chase City~5|67883|14984|153|18,1036,15,1,1,174.6,,470,-50,153,,-460,60,148
KD74|||Chorman~1|88497|43872|20|16,1094,11,1,1,160.9,,340,-170,,,-590,240
KDLC|1|DLL|Dillon~8|44491|6314|41|07,914,18,1,1,63.9,,-190,-450,41,,180,450,36
KDMW|||Carroll County Regional Jack B Poage~a|96083|29923|240|16,1554,30,1,1,148,,590,-480,240,,-600,480,236
KDPL|||Duplin~8|50001|20183|41|05,1830,30,1,1,36,,-670,-590,41,,660,590,42
KEDE|1|EDE|Northeastern~4|60277|34329|6|01,1829,30,1,1,359.9,,-730,-270,5,,910,-270,6;05,1145,30,1,2,44.9,,-500,-20,5,,230,880,5
KEDG|1||Weide (Aberdeen Proving Ground) Army~2|93916|37089|6|01,519,26,1,1,355.2,,-630,70,9,268,630,-60,5
KEMV|||Emporia Greensville~4|66869|25172|39|16,1527,30,1,1,147,,570,-490,39,,-580,460,34
KESN|1|ESN|Easton Airport / Newnam~a|88042|39310|22|04,1676,30,1,1,30.5,,-680,-300,11,,620,680,22;15,1220,30,1,1,137.6,,440,-740,10,,-370,210,16
KETC|||Tarboro Edgecombe~1|59371|24534|16|09,1219,18,1,1,83.8,,-40,-660,16,,80,680,14
KEVY|||Summit~1|95204|42796|21|17,1368,20,1,1,165,,590,-210,20,,-600,200,20;11,1098,61,6,1,98,,210,-1360,21,,80,-100,21
KEYF|||Curtis L Brown Jr~a|46018|14207|40|15,1526,23,1,1,144.2,,560,-480,39,,-560,490,37
KEZF|||Shannon~1|82668|25508|26|06,885,30,1,1,45,,-296,-289,25,44,214,367,26;15,396,30,6,0,144.6,,320,-270,,,30,-10
KFCI|1||Richmond Executive-Chesterfield~8|74065|24750|72|15,1676,30,1,1,141,,580,-580,72,,-590,610,61
KFDK|1|FDK|Frederick~5|94176|26257|92|05,1774,30,1,1,40,,-800,-610,92,,290,590,86;12,1097,23,1,1,116,,580,-550,90,,150,590,86
KFFA|1|FFA|First Flight~1|60182|43287|4|03,914,18,1,0,24,,-360,-220,4,,390,200,3
KFKN|1|FKN|Franklin~4|66981|30962|12|09,1517,30,1,1,80.8,,110,-670,11,,330,980,12;14,1249,30,2,2,138.2,,150,-670,10,,-690,260,9
KFRR|1|FRR|Front Royal Warren~8|89175|17465|216|10,917,23,1,1,87,,-20,-520,212,,20,540,215
KFVX|||Farmville~4|73575|15622|127|03,1341,23,1,1,20.2,,-580,-290,125,,570,210,124
KFYJ|||Middle Peninsula~4|75213|32372|6|10,1524,23,1,0,86,,-40,-850,4,,50,870,6
KGAI|1|GAI|Montgomery County~j|91683|28340|164|14,1281,23,1,1,127.4,,350,-590,150,,-350,590,164
KGED|1|GED|Delaware Coastal~1|86892|46411|16|04,1676,46,1,1,33,,-510,-600,15,,640,360,15;10,948,23,1,1,90,,-440,-360,15,,-440,730,16
KGGE|1|GGE|Georgetown~8|33117|6804|12|05,1830,30,1,1,41.4,,-210,-660,12,,820,420,10;16,1520,46,1,2,159.7,,780,390,,,-510,1040;11,1383,46,1,1,101.4,,-210,-590,11,,-460,870,7
KGVE|1|GVE|Gordonsville~5|81560|18342|138|05,701,15,1,1,38,,-250,-240,138,,250,250,135
KGWW|||Wayne Executive Jetport|54606|20351|41|05,1677,30,1,1,43.3,,-550,-640,41,,540,630,41
KHBI|||Asheboro~4|56545|1053|205|03,1677,30,1,1,22,,-700,-340,204,,710,340,205
KHFF|1|HFF|Mackall Army Air~a|50361|5014|115|16,1685,46,2,0,163,,860,360,,,-420,830;04,1523,46,1,0,35.1,,-180,-770,115,,940,190,115;11,1445,46,2,1,109.4,,-250,-690,115,152,-680,800,115
KHNZ|||Henderson Oxford~1|63616|14708|160|06,1677,30,1,1,51.2,,-430,-660,160,61,430,660,155
KHRJ|||Harnett Regional Jetport~1|53794|12670|62|05,1526,23,1,1,40,,-450,-460,58,,450,460,60
KHSE|1|HNC|Billy Mitchell~1|52328|43822|5|07,915,23,1,0,56.6,,-230,-420,3,,230,420,5
KHSP|1|HSP|Ingalls~a|79514|1661|1156|07,1707,30,1,1,59,,-390,-830,1155,,400,830,1147
KHWY|||Warrenton Fauquier~1|85863|22894|102|15,1524,30,1,0,139,,510,-580,95,,-520,570,102
KHYW|||Conway Horry~8|38285|8778|11|04,1341,23,1,1,31.8,,-520,-380,10,,510,380,10
KIXA|||Halifax-Northampton~4|63298|23648|44|02,1676,30,1,0,,,-750,-150,43,,750,140,43
KJGG|||Williamsburg Jamestown~1|72392|32839|15|13,977,18,1,1,120.5,,220,-470,15,,-230,480,7
KJYO|||Leesburg Executive~1|90780|24425|119|17,1676,30,1,1,161,,710,-310,115,,-720,310,118
KLHZ|1|LFN|Triangle North Executive~1|60233|16697|112|05,1676,30,1,1,41,,-570,-610,112,,570,610,101
KLKU|1|LOW|Louisa County Airport / Freeman~a|80098|20299|150|09,1311,30,1,1,82,,-80,-740,143,,80,740,150
KLRO|||Mount Pleasant Regional Airport Faison~a|28978|2171|4|17,1128,23,1,1,167.3,,530,-130,4,,-490,140,4
KLVL|1|LVL|Brunswick~5|67742|22062|100|18,920,15,1,1,172.5,,450,-70,100,,-370,70,95;06,576,21,6,2,56.9,,-540,-400,87,,-260,140,97
KMAO|||Marion~8|41812|6653|28|04,1373,30,1,1,34.6,,-510,-420,28,,510,420,27
KMCZ|||Martin~8|58622|28218|23|03,1524,23,1,1,23.6,,-630,-340,20,,630,340,23
KMEB|1|MXE|Laurinburg Maxton~1|47919|6342|66|05,1982,30,2,1,45.8,,-150,-620,66,,1090,930,61;13,1078,23,2,1,135.2,,-430,-730,66,,-1160,150,63
KMFV|1|MFV|Accomack~8|76469|42389|14|03,1524,30,1,1,23,,-630,-330,14,,630,340,14
KMJX|1|MJX|Ocean~8|99275|57076|25|06,1814,30,1,1,49.7,,-530,-810,23,,530,810,23;14,1097,23,1,0,128,,-80,-1340,26,,-693,-331,23
KMQI|1|MEO|Dare County~4|59188|43043|4|05,1312,30,1,1,38,,-480,-510,3,102,450,390,4;17,1007,23,1,1,158,,490,-100,4,91,-350,320,4,305
KMQS|1|CTH|Chester County G O Carlson~1|99790|41345|201|11,1646,30,1,1,101.7,,150,-940,195,,-150,950,201
KMRH|||Michael J. Smith~a|47336|33394|3|08,1525,30,1,1,68,,-40,-820,2,,400,500,2;03,1278,46,1,1,25.2,,-610,-130,2,56,430,460,2;14,1220,30,1,0,132.7,,260,-490,2,,-480,490,3
KN06|||Laurel~1|85422|44056|9|15,968,82,4,1,136,,330,-350,9,,-300,410,9,82
KN14|||Flying W~1|99343|51927|15|01,1066,23,1,1,7.7,,-570,-20,10,,380,150,15
KN57|||New Garden~1|98305|42303|133|06,1126,18,1,1,45.6,,-350,-480,133,,360,470,132
KN68|||Franklin County~4|99731|23567|212|06,1006,23,1,1,48,,-320,-430,208,,290,440,208
KN73|||Red Lion~1|99042|52505|16|05,878,15,1,1,38,,-310,-320,16,,300,310,13,43
KN81|||Hammonton~5|96675|52423|20|03,1098,23,1,1,16.1,,-480,-180,20,,470,170,18
KNDY|1|DGN|Dahlgren Naval Surface Warfare Center~1|83325|29628|5|16,1277,46,1,1,159,,390,-250,6,,-690,280,6
KNFE|||Fentress Naval Auxiliary Landing~a|66916|38650|5|05,2440,53,1,1,45.5,,-410,-1080,4,,1090,920,4
KNJM|||Marine Corps Auxiliary Landing Field Bogue|46904|29703|6|05,1173,29,13,1,40.9,,-440,-370,7,,390,500,7
KNUI|||Naval Outlying Landing Field Webster|81442|35731|7|08,1524,46,1,0,66,,-180,-760,4,,380,830,7;15,1524,46,1,0,142,,830,-890,4,,-250,190,6
KOBI|||Woodbine~5|92192|52052|13|01,1007,23,1,1,360,,-520,-240,8,,380,-240,13;13,937,23,1,0,120,,270,-240,12,,-160,700,11
KOCW|1|OCW|Warren~a|55705|29502|12|05,1524,30,1,1,37,,-380,-660,10,,720,350,12,61;17,1524,23,1,1,155.2,,740,-190,11,153,-510,520,11;11,1219,46,1,2,92,,-340,-680,10,,-390,660,11
KOFP|||Hanover County~5|77090|25633|63|16,1647,30,1,1,149.7,,630,-470,62,,-650,480,62
KOKV|1|WGO|Winchester~4|91435|18556|221|14,1676,30,1,1,133.8,,530,-700,221,,-520,700,214
KOMH|||Orange~8|82472|19544|142|08,975,23,1,0,66,,-180,-510,136,,180,510,141
KONX|||Currituck County~4|63989|39837|5|05,1677,46,2,1,35,,-450,-390,4,,450,390,5
KOQN|||Brandywine~4|99901|44181|142|09,1020,15,1,1,77,,-100,-580,140,38,110,580,141,76
KPHH|1|ADR|Robert F Swinnie~1|34517|4738|8|18,915,18,1,1,172.3,,410,-60,5,,-410,70,8
KPMZ|||Plymouth~5|58084|32407|12|03,1676,23,1,1,17.4,,-480,-180,11,,490,190,11
KPTB|1|PTB|Dinwiddie~8|71838|24926|59|05,1525,30,1,1,42.8,,-450,-460,59,,550,710,58;14,933,15,1,0,133.1,,190,-580,57,,-380,190,57
KPVG|1||Hampton Roads Executive~1|67804|35512|9|10,1631,30,1,1,92,,10,-1370,9,,-240,440,7;02,1074,21,1,1,9,,-270,-60,6,274,540,80,6,283
KRCZ|||Richmond~8|48913|2404|109|14,1524,30,1,1,130,,430,-370,107,,-370,780,108,61;04,917,149,6,0,38.1,,-340,-820,109,,290,-170,109
KRJD|||Ridgely~j|89701|41337|20|12,980,15,1,1,109,,200,-750,20,,-90,310,20
KRMN|1||Stafford~4|83981|25445|64|15,1829,30,1,1,139.2,,520,-570,64,,-520,570,52
KSFQ|||Suffolk Executive~1|66824|33981|22|04,1526,30,1,1,29.2,,-780,-140,20,,420,700,21;07,1143,30,1,1,63.7,,-190,-830,22,108,380,600,21;15,1113,46,2,2,146.4,,520,-570,21,,-310,120,20
KSIF|||Rockingham County NC Shiloh~1|64372|1490|212|13,1585,30,1,1,124.6,,410,-730,211,61,-400,730,203
KSOP|1|SOP|Moore~8|52372|6106|139|05,1982,46,1,1,46.2,,-480,-600,139,,560,730,131;14,609,30,4,2,137.7,,150,-1060,140,,-260,-600,137
KSUT|||Cape Fear Regional Jetport / Howie Franklin~g|39293|19250|7|05,1678,30,1,1,41,,-420,-430,6,,410,430,7
KTDF|||Raleigh Regional Airport at Person County|62849|10158|186|06,1830,30,1,1,50.5,,-540,-770,180,183,480,760,185
KTGI|||Tangier Island~1|78251|40022|2|02,739,23,1,1,9,,-420,-100,2,,390,70,2
KTHV|1|THV|York~1|99170|31270|151|17,1581,30,1,1,155,,650,-390,143,244,-650,380,146,226
KTTA|||Raleigh Executive Jetport|55837|8992|75|03,1982,30,1,1,20.6,,-980,-440,75,,710,330,70
KUDG|||Darlington~8|44494|1099|59|05,1676,30,1,1,50,,-520,-260,58,,360,1000,56;10,1508,46,1,2,93,,30,-820,59,,-30,820,56;16,1448,46,1,2,157,,450,-760,59,,-750,-130,57,75
KVAY|1|LLY|South Jersey~4|99429|51543|16|08,1183,15,1,1,69.8,,-190,-660,14,,180,650,16
KVVS|||Joseph A. Hardy Connellsville~1|99609|3423|386|05,1168,30,1,1,40.5,,-340,-380,373,,380,430,386;14,733,30,1,1,129,,-240,-230,374,,-670,420,377
KW03|||Wilson Industrial Air Center~1|57704|20302|49|03,1372,46,1,1,30.4,,-650,-140,48,,420,630,48;15,1371,46,1,0,150.6,,350,-670,49,,-720,80,46;09,1371,46,1,0,90.5,,310,-700,49,,300,810,48
KW05||GTY|Gettysburg~4|98412|27253|180|06,945,18,1,1,61.9,,-230,-420,,51,160,530,,165
KW31|||Lunenburg~8|69602|18150|160|02,914,15,1,1,18.9,,-410,-170,,,370,170
KW35|||Potomac~j|96926|18339|126|11,1518,21,1,1,99.7,,120,-870,125,,-110,870,125
KW40|||Mount Olive~5|52214|19613|51|05,1601,23,1,1,40.3,,-300,-310,51,,470,490,51
KW41|||Crisfield-Somerset~8|80183|41742|1|14,731,23,1,1,131.7,,260,-370,1,,-190,270,1;06,323,37,4,0,42.9,,-480,-700,,165,180,70
KW45|||Luray Caverns~1|86671|14994|275|04,953,23,1,1,34.6,,-360,-310,275,,350,310,275
KW78|||William M Tuck~1|67100|11520|128|01,1223,23,1,1,357,,-550,40,116,,550,-40,128;05,823,61,4,0,50,,-400,-420,113,61,70,270,116,122
KW81|||Crewe~5|71810|19017|128|15,1006,18,1,1,143.7,,340,-340,,27,-380,330
KW90|||New London~1|72718|6641|259|17,964,12,1,1,162,,400,-160,,35,-400,170,,53
KW91|||Smith Mountain Lake~1|71077|4075|272|05,932,15,1,1,45,,-290,-370,261,76,300,370,272
KW94|||Camp Peary~f|73128|33618|12|05,1524,46,1,0,38,,-530,-550,,,530,550
KW95|||Ocracoke Island~1|51012|40340|2|06,914,18,1,0,50,,-270,-380,2,,260,390,2
KW96|||New Kent~8|75032|28745|37|10,1097,23,1,1,100,,110,-610,37,,-60,610,37
KW99||PGC|Grant~8|89949|8541|294|13,1524,23,1,1,122,,370,-740,289,,-360,750,289
KWAL|1|WAL|Wallops Flight Facility~1|79408|45377|12|04,2666,46,1,1,33,,-1370,-860,10,,660,750,10;10,2440,61,1,1,90,,210,-2280,6,,200,500,11;17,1465,46,1,1,157,,640,-560,9,,-580,70,11
KXSA|||Tappahannock-Essex~8|78596|31059|41|10,1311,23,1,0,86,,-40,-740,41,,50,740,39
MD00|||Fair's~1|80462|44467|7|07,572,20,4,0
MD01|||Wingfield~1|81433|36428|6|01W/19W,1280,152,12,0;14W/32W,1097,91,12,0;11,366,15,4,0
MD04|||Rossneck~1|85689|37642|2|09,518,15,4,0
MD05|||Finagin~9|85109|28778|56|15,785,30,4,0
MD1|||Massey~e|92992|42006|22|02,914,30,4,0,,,-380,-130,,,410,130
MD11|||Wright~a|92771|39373|24|14,834,34,4,0
MD12|||Bell~1|96364|27072|113|02,640,18,4,0
MD14|||Robinson~1|85242|33168|6|E/W,792,21,4,0;N/S,640,18,4,0
MD19|||Hybarc~h|92032|39751|15|NW/SE,732,30,4,0
MD20|||Greer~1|96359|28771|158|11,457,30,4,0
MD21|||Ashland Landing~h|91181|39036|3|14,686,15,4,0
MD22|||Deale~1|87834|34353|5|17,610,18,4,0
MD23|||Kennersley~1|91448|39595|9|09,838,21,1,0
MD28|||Ewing~1|88093|40078|15|18,1036,18,4,0
MD31|||Forest Hill~1|95801|36253|145|13,994,15,1,0,,,150,-440,146,,-290,570,151
MD35|||Spring Hill~1|84322|43408|13|12,1036,23,4,0;02,671,30,4,0
MD39|||Buds Ferry~1|85210|27481|15|15,914,61,4,0
MD42|||Keymar~j|96194|27715|133|05,594,30,4,0
MD45|||Hampton~1|82307|33712|5|02,762,30,4,0
MD46|||Glenair~1|92696|29947|180|10,671,15,4,0
MD47|||Barnes~1|93329|29031|238|13,732,23,4,0;03,549,23,4,0
MD48|||Albrecht~6|94734|34998|99|13,640,18,4,0
MD50|||Chesapeake~b|83612|35948|35|13,762,15,1,0
MD55|||Holly Springs~h|83976|28139|27|17,701,15,4,0
MD57|||Beverly~1|80060|43838|3|18,914,30,4,0
MD62|||Church Hill~1|91250|39984|21|13,823,30,4,0
MD63|||Cromwell~h|92748|39901|20|18,914,18,4,0
MD64|||Stewart~1|87996|37276|3|14,792,24,4,0
MD66|||Smith~a|93379|39020|18|03,914,18,4,0
MD69|||Harris~1|93334|39170|24|E/W,549,18,4,0
MD70|||Flying Acres~1|91812|40912|21|15,671,23,4,0
MD73|||Happy Landings~h|94583|28504|211|NE/SW,762,15,4,0
MD74|||Good Neighbor~h|94743|28047|177|02,640,23,4,0
MD77|||Flying M Farms~1|92598|26586|180|17,427,15,4,0
MD78|||Woodbine~1|93834|29297|219|03,503,30,4,0
MD82|||Ragged Island~1|85398|37245|2|16,610,9,1,0
MD83|||Ty-Ti-To~1|85198|29309|52|01,732,30,4,0
MD91|||Saxon Farms~1|91523|39814|21|03,975,23,4,0;12,732,30,4,0
MD93|||Hexton Farms~1|93751|40934|20|14,1158,30,4,0
MD95|||Reservoir~1|94820|31184|168|04,457,18,4,0
MD97|||Lanseair Farms~1|84615|29536|12|16,884,7,1,0
MD99|||Moran~a|95006|9277|634|14,1219,18,1,1,130.5,,360,-530,,,-350,540
N08|||Flanagan~a|55567|24394|23|03,762,30,4,0
N21|||Holly Ridge/Topsail Island~1|44903|24681|15|14,1095,27,4,0
N22|||Sky Manor~1|47168|24078|18|08,1100,26,4,0
N50|||Li Calzi~1|94084|47629|13|12,845,30,4,0
N61|||Hinshaw (Greenacres)~1|58737|4725|229|03,427,30,4,0
N88|||Kecks~1|59265|3725|221|05,427,23,4,0
NC00|||Moretz Riverside Landing~1|55600|8064|99|18,610,7,1,0
NC01|||Harvey Point Defense Testing Activity~1|60962|36729|3|03,1613,30,1,0,,,-690,-280,2,,690,290,2
NC03|||Darr~a|59066|108|266|13,823,18,4,0
NC10|||Nocarva~1|65418|19420|84|18,579,30,4,0
NC11|||Deck~j|57415|10753|103|04,594,30,4,0
NC12|||Lee Creek~1|53896|32153|1|08,1545,23,1,1,85,,-90,-970,,,50,970
NC13|||Yorks~a|57536|3321|174|18,914,30,4,0
NC17|||Wolf's Den~1|49801|36977|3|16,732,18,4,0
NC20|||Canaan Air Base~1|50873|28375|10|09,561,12,1,0
NC28|||Meadstown~6|62002|37657|2|N/S,1097,46,4,0
NC34|||Miles~1|59789|8728|177|09,762,37,4,0
NC37|||Mountain View~e|63390|1767|244|12,610,15,4,0
NC40|||Holeman~a|64997|8814|176|04,518,15,4,0
NC43|||Bear Pen~1|41252|16619|19|06,1829,46,4,0;18,1829,61,4,0
NC44|||Barclaysville~a|54669|13161|91|05,701,30,4,0
NC45|||Enfield-Shearin~1|62172|23625|38|03,975,23,4,0
NC47|||South Oaks~e|54822|26441|15|07,564,15,4,0
NC48|||Safe~a|47502|19400|15|10,914,21,4,0
NC49|||Boyd~a|55278|28033|15|18,427,30,4,0
NC54|||Jackson Private~1|48784|36417|3|01,914,30,4,0,1,,-940,910,,,20,920
NC56|||Deer Run~1|62047|15311|123|12,488,30,4,0
NC61|||NC61~1|64596|37891|4|10,655,27,4,0
NC65|||Yonder~1|45580|17314|11|06,975,23,4,0
NC66|||Ventosa Plantation~1|61313|27042|9|03,1036,24,4,0
NC69|||Twin Oak~1|48694|15273|38|15,701,18,4,0
NC7|||Donald's Air Park Inc.~1|57316|33286|5|4,1219,30,4,1,,,,,,,,,,244
NC71|||E T~a|49179|9475|57|01,701,30,4,0
NC72|||Hinton~a|54515|18400|46|05,610,11,4,0
NC73|||Hodges~h|54387|35504|2|01,838,23,4,0
NC81|||Cox~1|57518|11403|139|09,747,23,4,0
NC82|||Dublin~a|46708|12997|38|03,666,20,4,0
NC86|||Rocking A~h|47336|12469|18|05,1006,8,1,0,19.1,,-340,-360,,305,450,-30,,305
NC99|||Bagwell~1|56743|13928|91|12,671,30,4,0
NJ06|||B J Farms~1|94576|47268|30|09,457,15,4,0
NJ20|||Coyle~a|98126|55754|58|N/S,549,30,5,0;NE/SW,549,30,5,0;NW/SE,549,30,5,0
NJ24|||Warren Grove Range~1|97011|55956|32|15,549,23,2,1,150,,-220,270,,,-670,610
NJ25|||Hollingshead~1|97897|47715|30|NW/SE,673,24,4,0
NJ69|||Ideal Mfg Corp~1|96585|51976|24|NE/SW,518,46,4,0
NJ74|||Salem~9|95626|45504|5|15,671,55,4,0
NJ84|||Hidden Acres~h|94331|46033|18|05,610,18,4,0
NR02|||Jordan~a|52378|44|183|04,1189,21,4,0
NR20|||Raeford West~1|50306|7634|85|2,1280,15,4,0
NR40|||Als~1|58208|26211|20|11,975,23,4,0
NR57|||Hawks Nest~1|57022|18342|71|18,762,9,1,0
NR88|||Tobacco Road~1|52806|6122|146|18,701,18,4,0
PA08|||JJ & PK~1|97934|22219|165|N/S,533,46,4,0
PA47|||Cloudbound~1|97808|27213|183|05,616,30,4,0
PA51|||Bowtie~1|99085|27948|171|05,640,30,4,0
PA58|||Rocktop~1|99750|24422|235|13,549,30,5,0
PA72|||Circle W~9|99587|30292|140|15,671,30,4,0
PA73|||D.Evans~h|99795|34639|160|N/S,427,30,4,0
PA81|||5 Lakes~1|99128|24672|250|11,640,30,4,0
PA84|||Level Acres~h|99538|30907|159|E/W,701,30,4,0
PA88|||Nemacolin~1|98056|4511|613|05,1172,15,1,1,45,,-390,-500,,,380,500
PN55|||Skala~1|98584|1766|387|10,427,30,4,0
PN98|||Dream~a|99335|10659|707|15,683,30,4,0
PS27|||Juergensen Airpark and Maritime Facility~1|97314|6250|576|14,457,30,4,0
PS49|||Pax-Terra Caelum~1|98600|10123|712|03,789,30,4,0
S79|||Green Sea~1|41862|9800|29|09,1097,30,4,0
SC21|||Myrtle Beach Hardee~j|39429|11710|14|18,1006,40,4,0;04,457,24,4,0
SC29|||Mc Kay~1|41107|985|41|15,914,21,4,0
SC48|||Byrd~a|38843|2|34|18,1128,30,4,0
SC60|||Cockfield~e|39041|3160|25|04,853,20,4,0
SC65|||Raven's Run~1|28238|1933|2|15,732,30,4,0
SC89|||Price~1|44750|6064|42|04,762,38,4,0
SC94|||Weaver~a|38894|4936|23|04,811,34,4,0
US-0165|||Brocks~1|49161|13999|37|15,640,27,4,0
US-0645|||Slate River~j|75443|14132|143|13,1402,23,1,0
US-0901|||Ellis~1|60426|26228|28|12,1017,17,4,0
US-0948|||Greater Breezewood~4|98741|17023|366|1,937,30,4,0
US-1003|||Pathfinder~a|49742|9255|66|14,847,40,4,0
US-12643|||OAG Unmanned Center~1|81485|34778|3|15,1250,24,1,0
US-12905|||Frontier~1|75819|16421|143|14,853,30,4,0
US-3269|||H & J Strip~1|62581|5143||1,610,61,4,0
US-3788|||Saunders~a|75799|20809|98|18,671,27,4,0,,,,,103,,,,110
US-5187|||Flying Tails~1|33065|514|19|9,676,61,4,0,76,,-78,-356,19,,67,349,19
US-6835|||Weavers Landing|83276|9697|404|3,448,21,4,0,29,,-181,-120,397,,174,127,404
US-8022|||Lynn~a|99781|14592|466|4,621,23,4,0
US-8421|||Hunting Creek~h|85590|33547|9|6,486,15,4,0
US-8464|||Bigler~9|74933|40996|5|1,732,17,4,0
US-8474|||Kinman~1|71288|6968|213|6,457,37,4,0
US-8686|||Long Island~1|71041|9088|194|3,549,15,4,0,21,,,,192,,,,195
US-9076|||Rassawek~6|77508|18719|91|3,476,27,4,0
VA00|||Brook Hill~h|79282|8219|488|03,610,23,4,0
VA02|||Pace~1|65852|1228|244|18,914,46,4,0
VA04|||Barrows~1|74921|713|335|08,640,12,4,0
VA08|||Longbranch~1|77171|36412|6|12,792,18,4,0
VA12|||Gravely~1|66468|2030|229|10,457,18,4,0
VA13|||Breezy Knoll~1|72654|9572|239|05,610,18,4,0
VA17|||Mulberry Run~1|90359|16078|250|06,610,23,4,0
VA19|||Snow Hill~1|79540|16308|82|10,671,30,4,0
VA23|||Sanford~a|81197|33863|5|17,884,18,4,0
VA24|||Skovhus~1|74143|10358|217|07,488,9,4,0
VA25|||Twin Towers~1|67643|16395|143|10,457,24,4,0
VA28|||Layne Farm~6|71213|13564|171|N/S,686,18,4,0
VA30|||Berryvale~1|85268|20436|143|02,701,30,4,0
VA31|||Apple Grove~1|77626|36537|5|18,716,15,4,0
VA32|||Longs~1|88043|14280|265|N/S,640,23,4,0
VA41|||High Hopes~1|79346|43901|3|11,500,17,4,0
VA42|||Dogwood~j|83590|25473|55|09,1250,15,1,1,79.7,,-150,-650,,61,50,750,,396
VA46|||Timber Ridge~j|92962|16378|312|09,823,24,5,0
VA50|||Woods Farm~6|77151|26975|17|14,671,24,4,0
VA52|||Frank~a|84851|10547|503|06,549,9,1,0
VA56|||Wells~1|70035|31725|27|E/W,610,14,4,0
VA57|||Powhatan~1|82485|27809|18|E/W,1490,15,1,1,79.6,,-130,-840,,,120,830
VA58|||River Bend~1|89061|15556|185|14,808,18,4,0
VA61|||Lovettsville~9|92653|23464|161|01,914,15,4,0
VA62|||The Grass Patch~1|92579|23459|162|05,671,23,4,0
VA68|||Lakeview~e|71169|3962|311|04,914,18,4,0
VA73|||Mazza~1|72448|25061|58|09,945,76,4,0
VA79|||Hickory Tree Farms~1|89529|22531|166|N/S,975,23,4,0
VA81|||Cub~a|79454|21006|121|18,427,24,4,0
VA83|||Fincastle~1|75224|1480|347|11,926,46,4,0
VA87|||Valley View~1|86922|24483|73|2,625,30,4,0
VA93|||Ayers~1|89051|13453|408|01,640,30,4,0;16,457,18,4,0
VA94|||Plainview~1|75357|21086|122|07,488,30,4,0
VA96|||Faber~1|78254|12683|195|17,457,9,4,0
VA98|||Reedville~1|78282|37267|4|03,762,61,4,0
VA99|||Federhart-Ophelia~1|79060|37095|4|N/S,671,24,4,0
VBW|||Bridgewater Air Park|83667|10397|355|15,1230,18,3,0
VG01|||Eureka~1|70603|14368|128|18,884,15,4,0
VG05|||Payne~1|78796|19425|141|08,701,41,4,0
VG06|||Fulcher Family Farms~1|77251|9169|299|11,914,30,4,0
VG07|||Rular~1|85389|21717|93|14,457,23,4,0
VG09|||Starbase~1|72314|40155|6|09,1524,24,4,0
VG12|||Simpsonville~1|83178|21326|122|01,579,15,4,0
VG18|||Sky Bryce~1|88159|12297|385|05,683,15,1,0
VG19|||Sawyer~1|79905|44071|4|17,506,18,4,0;10U/28U,320,18,4,0
VG20|||Onley~1|76751|42901|14|06,884,17,4,0
VG22|||Rockfish~1|78788|11064|232|06,533,12,4,0
VG24|||Mayers~1|77767|25127|66|10,610,30,4,0
VG25|||Robinson~1|73485|4280|259|05,853,30,4,0
VG28|||Mann~1|65490|28086|11|N/S,701,18,4,0
VG29|||Branham Mill~j|79698|32911|30|05,945,30,4,0
VG30|||Scott Farm Strip|72271|40231|10|10,914,18,4,0;18,396,18,4,0
VG33|||Bull~h|71546|40431|5|02,914,15,4,0
VG34|||Merifield~1|65846|14992|108|15,724,23,4,0
VG37|||Umphlett~6|65892|33615|23|01,777,18,4,0
VG39|||Earth~1|72215|39914|3|10,610,18,4,0
VG40|||Woody~g|68868|1361|351|16,610,23,4,0,152,,-70,1000,,152,-560,1320
VG42|||Henshaw~1|72647|28346|26|02,823,23,4,0
VG52|||Woodridge~a|78392|11783|202|10,549,18,4,0
VG53|||Venning's Landing~1|70436|1986|335|05,602,24,4,0
VG54|||Bear River~a|83191|12362|320|7,610,18,4,0
VG55|||Woodstock~1|88811|14419|294|03,945,30,4,0
VG56|||Midway~1|78096|43850|15|15,610,61,4,0
VG57|||Maples~a|86057|24153|69|04,747,14,4,0
VG58|||Abbott~1|69452|2081|299|09,549,24,4,0
VG64|||Lee~a|75610|31489|6|12,610,23,4,0
VG67|||Stuart Red House~a|72042|11660|217|8,640,23,4,0
VKX|KVKX||Potomac~9|87484|30438|36|06,812,12,3,0
W00|||Freeway~1|89414|32276|51|18,738,12,1,1,170,,320,-70,51,,-330,70,46
W13|||Eagle's Nest~1|80771|10558|438|06,611,15,1,0
W24|||Falwell~1|73779|8778|286|10,894,15,1,0,,,40,-450,286,,-10,550,244
W29|||Bay Bridge~1|89764|36704|5|11,827,18,1,0,103,,90,-500,2,,-90,490,5
W42|||Fallston~1|95015|35889|140|04,671,15,1,0,,,-280,-210,,,250,160
W48|||Essex Skypark~1|92626|35670|5|16W/34W,914,91,12,0;16,634,9,1,0,,,220,-110,,,-260,290
W50|||Davis~6|92445|28514|192|08,792,15,1,0,,,-210,-500,,,20,150
W73|||Mid Atlantic Soaring Center~1|97570|26486|175|15,823,15,1,0
W75|||Hummel~a|76024|35533|9|01,960,15,1,0,356,,-310,30,9,,310,-20,7
W88|||Air Harbor~1|61736|1969|251|09,750,20,1,0
WV00|||Deer Creek~h|84708|1994|808|04,1006,18,4,0
WV06|||Lost Mountain~1|92851|12617|597|02,808,15,4,0
WV15|||Gerstell Farms~1|94834|10736|213|09,701,27,4,0
WV17|||Michaels Farms~1|93934|18442|155|01,610,27,4,0
WV18|||Miller~a|94084|9864|320|15,518,40,4,0
WV19|||Moore~a|94486|3070|567|18,640,18,4,0
WV21|||Needwood~h|93298|22038|134|02,610,23,4,0
WV22|||Green Landings~1|95747|20285|155|03,792,30,4,0,,,,,,,,,,91
WV29|||Valley Point~1|95798|3502|610|08,853,12,1,1
WV52|||Green Bank Observatory~1|84308|1745|826|12,1067,15,1,0,120,,220,-560,,,-260,500
WV53|||Larew~1|93720|1072|546|07,427,12,4,0
WV57|||Mckee Sky~b|94631|4575|840|01,549,18,4,0
WV62|||Windwood Fly-In Resort~1|90551|5686|978|06,914,12,1,1,51.1,,-260,-410,,,260,410
WV67|||Eastview~1|93947|13206|485|04,549,15,4,0
WV70|||Fairview~1|89562|2113|792|18,732,27,4,0
#US|W
01MD|||Annapolis~7|89992|35440||16,1067,30,12,0
16NJ|||Hummel~7|99373|58643||ALL/WAY,4572,1219,12,0
16VG|||Coastal Seaplanes Cape Charles~7|72717|39738|0|4W/22W,1582,122,12,0
21JY|||Soaring Sun~7|97000|58472||16W/34W,1219,76,12,0
23MD|||Breezecroft~7|92556|37931|3|17W/35W,914,30,12,0
2G6|||Mc Laughlin~7|73206|26542|2|05W/23W,762,46,12,0
57MD|||St Michaels~7|87868|38072||16W/34W,3638,610,12,0
58NJ|||Harrah's Landing~7|93862|55740|5|12,1524,61,12,0
74VG|||Tides Inn~7|76582|35635|0|3W/21W,1235,61,12,0
7VG4|||Coastal Seaplanes Base|74886|37033|0|13W/31W,1403,122,12,0
85VA|||Land's End~7|78536|37533||10,671,91,12,0
8MD8|||Coastal Seaplanes Baltimore Air Harbor|92744|34169|0|13W/31W,2010,183,12,0
9N2||PSQ|Philadelphia~7|98590|47004|0|11,2774,76,12,0
M06|||Havre De Grace~7|95415|39303||E/W,2438,61,12,0;N/S,2438,61,12,0
MD81|||South River~7|89147|34953||16,1524,46,12,0
US-12779|||Coastal Seaplanes Virginia Beach~7|68988|39677|0|13W/31W,2482,305,12,0
US-8985|||Coastal Seaplanes Downtown~7|68461|37009|0|13W/31W,1025,91,12,0
US-8986|||Coastal Seaplanes Yorktown~7|72369|35000|0|13W/31W,1091,91,12,0
US-9100|||Coastal Seaplanes Legasea~7|71831|35826|0|12W/30W,1260,91,12,0
VA48|||Lockerman~7|70382|4039|242|ALL/WAY,1524,1524,12,0
