#MX|L
MMCS|1|CJS|Abraham González~3|16367|35715|1190|03,2700,45,1,1,38.5,,-840,-750,1185,,1070,1050,1185;14,1750,30,1,0,156,,650,-350,1188,,-800,350,1189
#MX|S
MM65|||La Calera~1|12523|3920|1284|16,1509,29,1,0,173.9,,680,-100,,,-670,0;05,577,21,6,2,66,,-280,-900,,,-80,-400
MM75|||Agua Prieta Southwest~1|12429|3750|1219|11,1063,15,1,0,125.6,,280,-500,,,-280,400
MM80|||Rancho La Milpita~1|4809|3560|1435|15,2490,29,1,0,163.3,,1080,-400,,,-1070,400
MMCG|1|NCG|Aeropuerto Municipal de Nuevo Casas Grandes|3974|21250|1478|13,1852,20,1,0,150,,730,-500,1478,,-720,500,1478;04,716,29,6,0,60.1,,250,-100,,,570,500
#US|L
KABQ|1|ABQ|Albuquerque International Sunport|50400|33911|1632|08,4204,46,2,0,90,,430,-1310,1620,,410,3290,1632;03,3048,46,2,0,45,,-1780,-2210,1617,,170,190,1620;17,3048,46,3,2,183,,1770,-210,1622,,-970,-410,1620;12,1829,46,2,0,129,,350,-1210,1619,,-680,390,1620
KCOS|1|COS|City of Colorado Springs~5|88058|52990|1886|17L,4115,46,2,1,180,,1030,1500,1886,,-2680,1500,1860;17R,3360,46,1,1,180.1,,1830,-1500,1883,,-1200,-1500,1843;12,2521,46,1,1,135,,1740,-1400,1882,,130,600,1870,108
KDEN|1|DEN|Denver~3|98600|53262|1655|16R,4877,61,2,1,180.5,,3580,-2220,1621,,-810,-2320,1623;07,3658,46,2,1,90.5,,-1910,-5320,1630,,-1930,-1020,1631;08,3658,46,2,1,90.5,,1760,1180,1631,,1720,5480,1613;16L,3658,46,2,1,180.5,,3700,-1320,1630,,410,-1320,1631;17L,3658,46,2,1,180.5,,500,3280,1623,,-2800,3180,1636;17R,3658,46,2,1,180.5,,120,1380,1638,,-3170,1280,1655
KELP|1|ELP|El Paso~3|18099|36244|1207|04,3664,46,1,1,50,,-840,-2440,1194,,1290,560,1202;08R,2751,46,1,1,93.3,,-770,-1640,1196,,-910,1260,1206;08L,1676,23,1,1,88.3,,-420,560,1205,,-370,2360,1204
#US|M
KAEG|||Double Eagle II~1|51452|32050|1779|04,2255,30,1,1,46.2,,-650,-1400,1779,,760,400,1771;17,1824,30,1,1,179.9,,740,600,1770,,-910,600,1768
KALM|1|ALM|Alamogordo White Sands~4|28378|40069|1280|04,2806,46,1,1,46,,-460,-590,1263,,890,1110,1280;16,1070,61,6,2,173,,1080,710,1280,,110,810,1280
KALS|1|ALS|San Luis Valley Regional Airport/Bergman~a|74349|41330|2298|02,2597,30,1,1,31.5,,-970,-900,2298,,1020,700,2298;06,975,30,6,2,76,,-150,-100,2297,,60,900,2296
KAMA|1|AMA|Rick Husband Amarillo~3|52179|82936|1099|04,4115,61,2,1,46,,-1280,-2660,1099,,1300,640,1098;13,2408,46,2,1,137.5,,1180,940,1098,,-420,2740,1095
KAPA|1|APA|Centennial~1|95701|51510|1794|17L,3048,30,1,1,178,,1400,-200,1765,,-1340,-100,1793;17R,2134,23,1,1,178,,890,-500,1768,,-1030,-400,1788;10,1463,23,1,1,110.9,,280,100,1775,,-190,1700,1765
KASE|1|ASE|Aspen-Pitkin County Airport (Sardy Field)|92232|31310|2384|15,2440,30,1,1,160,,900,-420,2341,,-1160,570,2384,305
KBIF|1|BIF|Biggs Army Air Field (Fort Bliss)|18495|36200|1203|04,4131,46,1,1,44,,-1340,-1500,1192,,1350,1500,1203
KBJC|1|BJC|Rocky Mountain Metropolitan~1|99088|48830|1729|12L,2743,30,1,1,124.3,,650,-1100,1724,,-740,1500,1695;12R,2134,23,1,1,124.3,,540,-1500,1728,,-540,600,1704;03,1097,23,1,1,34.3,,-290,-100,1711,,520,600,1706
KBKF|1|BFK|Buckley Space Force Base|97017|52480|1726|14,3355,46,1,1,151.1,,1330,-900,1704,,-1320,900,1726
KCDS|1|CDS|Childress~5|44338|97120|596|17,1813,23,1,1,181.9,,650,200,594,,-990,200,596;04,1349,18,1,0,46.9,,-190,-800,592,,640,200,594;13,1279,46,1,2,133.7,,-190,-800,594,,-990,200,592
KCEZ|1|CEZ|Cortez~5|73030|13720|1804|03,2196,30,1,1,41.5,,-740,-800,1802,,740,800,1801
KCNM|1|CNM|Cavern City Air Terminal|23375|57370|1004|03,2394,46,1,1,44.1,,-1480,-1100,1004,,60,600,990;14R,1779,30,1,1,154,,540,-800,996,,-900,0,996;08,1626,23,1,1,90,,480,-800,997,,480,1000,987;14L,1407,46,1,0,156.2,,1430,300,988,,270,900,988
KCNY|1|CNY|Canyonlands~4|87550|2450|1389|03,2243,30,1,1,39.9,,-750,-800,1387,,740,800,1388
KCVN|1|CVN|Clovis~5|44266|69212|1285|04,2195,46,1,1,45.6,,-600,-720,1278,244,590,780,1285;12,1736,30,1,1,130.5,,500,-620,1285,,-520,780,1276;08,744,23,6,0,90.1,,-700,-720,1278,,-700,180,1276
KCVS|1|CVS|Cannon Air Force Base|43828|66780|1309|04,3049,46,2,1,45,,-610,-1000,1306,,1340,1400,1309;13,2498,46,1,1,135,,350,-1200,1309,,-1250,700,1301
KDHT|1|DHT|Dalhart~5|60226|74530|1216|17,1951,23,1,1,180,,850,100,1216,,-910,100,1215;03,1658,23,1,1,45,,-530,-800,1214,,580,500,1214
KDMN|1|DMN|Deming~5|22623|22790|1315|08,2444,23,1,1,89.7,,70,-700,1315,,80,1400,1308;04,1730,18,1,1,51.6,,-570,-1000,1314,,400,400,1312
KDRO|1|DRO|Durango La Plata~8|71515|22460|2038|03,2804,46,1,0,37,,-1000,-900,2017,,1010,1000,2038
KDUG|1|DUG|Bisbee Douglas~3|14641|3954|1266|12,2287,46,1,2,135.5,,480,-940,,,-990,760;03,2182,46,1,2,44.7,,30,-440,,,1420,1160;17,1960,30,1,1,179.8,,1020,60,1258,,-990,60,1244;08,1514,18,1,1,90.2,,1000,-640,1254,,990,960,1263
KEGE|1|EGE|Eagle County~4|96426|30820|1996|07,2743,46,1,1,81.9,,-160,-1400,1969,,150,1400,1996,305;08,1528,18,1,2,90,,210,-500,,,210,1200
KFCS|1|FCS|Butts AAF (Fort Carson) Air~a|86784|52430|1779|13,1372,23,1,1,137.2,,460,-500,1779,,-460,600,1775
KFMN|1|FMN|Four Corners~4|67412|17700|1678|07,2043,30,1,1,88.3,,-10,-1000,1670,73,40,1300,1677,57;05,1982,46,1,1,64.7,,-390,-1100,1668,,380,900,1678
KFST|1|FST|Fort Stockton Pecos~8|9157|70840|918|12,2288,30,1,1,127,,440,-1100,910,,-790,800,917;07,1512,46,4,0,81,,-50,-100,913,,170,1600,904;03,1341,18,1,1,37,,-200,-300,917,,770,600,901;16,1213,46,4,0,171,,510,600,903,,-570,800,916;11,1020,30,4,0,128,,-50,-100,913,,-710,900,916
KGCK|1|GCK|Garden City~4|79275|92760|881|17,2225,30,1,1,180.4,,1170,100,880,,-830,100,876;12,1737,30,2,1,135.4,,340,-900,881,,-780,500,877
KGJT|1|GJT|Grand Junction~4|91267|14706|1481|11,2847,46,1,1,116,,830,-1460,1476,,-830,1540,1482;04,1677,23,1,1,54.4,,-1680,-60,1458,,-800,1540,1480
KGLD|1|GLD|Goodland~5|93707|83002|1114|12,1676,30,2,1,134.4,,400,-520,1111,,-650,880,1113;05,1220,23,1,1,63.1,,-220,-520,1114,,220,580,1109;17,535,12,4,0,180,,580,-20,,,90,-20
KGUC|1|GUC|Gunnison Crested Butte~4|85347|30654|2341|7,2865,46,1,1,74,,-230,-1040,2334,,500,2060,2341;17,909,46,5,0,180,,-220,-440,2335,,-1040,-440,2339
KGUP|1|GUP|Gallup~5|55117|12118|1973|06,2229,30,1,1,73.9,,-340,-1280,1971,,210,1120,1973
KGUY|1|GUY|Guymon~5|66851|84920|952|18,1800,30,1,1,186.1,,800,100,945,,-810,-100,947;06,547,61,4,0,68.5,,-450,0,,,-270,600
KHMN|1|HMN|Holloman Air Force Base|28525|38930|1248|07,3939,46,1,1,79.5,,-630,-1800,1235,,20,2400,1248;16,3698,46,1,1,167.8,,1410,-100,1244,,-1850,800,1234;04,3224,91,1,1,47.8,,-570,-2600,1236,,1380,0,1245
KHOB|1|HOB|Lea County~4|26875|67830|1116|04,2438,46,1,1,45,,-880,-900,1113,,550,800,1111;13,1829,46,1,1,135,,640,-400,1116,,-530,900,1109;17,1332,30,1,0,180.1,,870,-400,1116,150,-510,-400,1113
KINK|1|INK|Winkler~8|17796|67990|860|13,1525,30,1,1,140.5,,340,-700,860,,-720,300,857;04,1071,30,1,1,50.5,,10,-400,859,,620,500,857
KLAA|1|LAA|Southeast Colorado~4|80664|73086|1130|18,1921,30,2,1,189.6,,850,140,1121,,-860,-160,1130;08,1524,18,1,1,89.6,,750,-260,1123,,760,1540,1124
KLBB|1|LBB|Lubbock Preston Smith~3|36636|81770|1000|17R,3505,46,2,1,179.7,,1880,-600,1000,,-1280,-600,988;08,2439,46,2,1,89.7,,-140,-600,993,61,-130,2000,992;17L,881,23,1,0,179.6,,-380,600,992,,-1170,600,994
KLBL|1|LBL|Liberal Mid-America~4|70442|90400|879|17,2166,30,1,1,180,,970,400,876,,-980,400,876;04,1524,23,2,0,45,,-550,-1100,879,,560,300,877
KLRU|1|LRU|Las Cruces~3|22894|30780|1358|12,2288,30,1,1,135,,980,-800,1358,,-480,900,1352;04,2286,32,1,1,55,,-480,-1000,1352,,710,1000,1357;08,1850,30,1,1,90,,-440,-1000,1352,,-440,900,1352
KLVS|1|LVS|Las Vegas~5|56542|48580|2096|14,2499,23,1,1,152,,1010,-700,2085,,-970,600,2096;02,1526,23,1,1,35,,-590,-500,2093,,530,400,2091
KMAF|1|MAF|Midland International Air and Space Port|19425|77980|875|16R,2896,46,1,1,175,,1690,-400,875,,-910,-100,869;10,2530,46,1,1,114,,510,-1400,874,,-400,1000,870,211;04,1404,23,1,1,54,,-1080,-200,869,,-330,1000,870;16L,1294,30,1,1,177,,400,500,873,,-790,500,867
KMTJ|1|MTJ|Montrose~4|85098|21060|1755|17,3048,46,1,1,179.8,,2000,100,1734,,-740,100,1747;13,2289,30,1,1,139.4,,-60,-1100,1736,,-1620,600,1754
KPUB|1|PUB|Pueblo~i|82891|55030|1440|08R,3200,46,1,0,88.3,,-380,-500,1419,,-340,1000,1415;17,2533,46,1,1,178.3,,1510,-700,1440,,-770,-600,1416;12,2520,46,1,2,133,,1510,-700,1440,,-40,1500,1419;08L,1430,23,1,1,88.3,,-200,-1300,1423,,-110,2300,1416
KRIL|1|RIL|Garfield County~4|95263|22730|1691|08,2134,30,1,1,92.8,,50,-1200,1663,,-50,1200,1690
KROW|1|ROW|Roswell Air Center~1|33016|54690|1119|03,3962,46,1,1,45,,-1550,-600,1118,,970,2400,1105;17,3050,30,1,1,180.1,,1350,-800,1116,,-1390,-800,1119;12,2263,61,1,2,135.1,,1240,-1200,1117,,-210,500,1112
KSAF|1|SAF|Santa Fe~5|56171|39110|1935|02,2550,46,1,1,35.1,,-870,-700,1912,,1000,900,1935;15,1925,30,1,1,166.7,,730,-300,1925,,-950,200,1911;10,1921,23,1,0,111.7,,350,-1200,1914,,-290,700,1919
KSJT|1|SJT|San Angelo Regional Mathis~a|13577|95040|585|18,2455,46,1,1,187.3,,1110,-200,579,271,-1090,-500,585;03,1811,46,1,1,43.2,,-800,-400,584,,390,900,577;09,1343,23,1,1,97.5,,350,-600,580,,200,800,579
KSKX|1|TSM|Taos~4|64525|43225|2163|04,1678,23,1,1,56,,120,-350,2147,,1010,1350,2160
KSOA|||Sonora~5|5857|93510|652|18,1230,18,1,1,190,,550,200,652,28,-550,-100,652
KSRR|1|RUI|Sierra Blanca~4|34628|44650|2077|06,2475,30,1,1,71,,-350,-1200,2077,,360,1300,2058;12,1923,23,1,1,130,,120,400,2063,,-1020,2100,2048
KSVC|1|SVC|Grant~8|26367|18453|1660|08,2074,30,1,1,90.2,,-430,-1030,1642,,-430,1170,1639;17,1668,23,6,0,180.4,,1120,-330,1660,33,-390,-430,1660;12,1425,23,6,0,135,,520,-630,1660,,-380,470,1660;03,1383,24,6,0,45.3,,-380,-830,1660,,500,170,1660
KTCC|1|TCC|Tucumcari~5|51828|63970|1239|03,2165,30,1,1,45,,-790,-800,1231,,590,900,1234;08,1402,18,1,1,90,,150,-900,1239,,150,700,1230
KTCS|1|TCS|Truth or Consequences~5|32369|27280|1479|13,2195,23,1,1,144.5,,630,-500,1478,,-980,900,1461;11,2128,58,5,0,125.7,,700,-1100,,,-440,800;01,1006,40,5,0,21.4,,-680,200,1466,,160,600,1466;15,915,43,5,0,166.7,,180,400,1469,,-600,700,1478;07,894,40,5,0,80.1,,-320,-200,1472,,-180,700,1466
KTEX|1|TEX|Telluride~4|79538|20920|2765|09,2167,30,1,1,105,,240,-1200,2762,,-250,1100,2767
#US|S
01NM|||Champion~b|30086|54597|1106|02,823,21,6,0;9,610,21,6,0
01UT|||La Sal Junction~1|83083|6040|1829|E/W,975,12,6,0
02CO|||Mc Cullough~1|76433|39530|2321|17,814,15,5,0
02NM|||FFR Animas~f|20907|11293|1292|8,1294,9,6,0
03UT|||AZ Minerals Corporation~1|71144|99|1620|NE/SW,1524,11,5,0;NW/SE,991,11,5,0
03XS|||Creekside~1|13181|92460|640|04,975,15,4,0;15,488,15,4,0
04V|||Saguache~5|80991|38256|2385|10,2361,17,5,0,118,,500,-1160,,,-500,1140
05V|||Blanca~1|74111|44480|2353|03,1878,16,6,0,41,,-630,-800,2346,,640,600,2353
06CO|||Jecan~1|73858|63085|1554|17,1372,23,4,0
06TT|||6 Mile~j|8600|97980|660|13,954,23,4,0,,,290,-370,660,,-290,370,656
07CO|||Comanche Creek~1|92636|55730|2018|02,945,23,4,0
08CO|||Terra Firma~1|87325|59590|1707|09,792,23,4,0
08UT|||Pinelodge Runway|83350|8648|2187|10,1585,15,6,0,,,435,-718,2187,,-431,722,2187
09CO|||Cottonwood~a|80553|63492|1274|09,975,15,4,0
09TX|||Smokey Mountain~b|7376|79767|769|E/W,1585,37,4,0;10,713,37,4,0;14,372,37,4,0
0CD2|||Foxx Valley~1|86525|57660|1768|17,1524,30,4,0;08,762,15,4,0
0CD5|||Piñon Canyon~1|74905|58560|1733|04,1539,40,5,0
0CO2||CSE|Crested Butte~j|88519|30717|2737|11,1219,12,1,1,121.1,,250,-970,2737,,-310,230,2713
0CO6|||Flying M & M~b|82194|17870|2438|02,1372,46,4,0;10,1219,46,4,0
0CO9|||Van Treese~1|76583|39660|2320|E/W,792,15,5,0
0NM0||CUS|Columbus~1|18239|23701|1227|08,1283,76,5,0
0NM7|||Negrito~6|35279|14590|2482|17,2286,18,4,0;03,1219,18,4,0
0TA2|||Smith Farms~1|42137|80767|1063|N/S,1219,18,6,0;E/W,701,18,4,0
0TA7|||Alta Vista~b|1532|61002|1433|12,1585,30,1,1,128.5,,390,-620,1429,,-500,680,1433;15,1554,30,4,0,158.5,,810,80,,,-500,680,1433;05,1524,30,4,0,58.5,,-1220,-620,1426,,-500,680,1433
0XS2|||John Fields~b|5557|94692|714|04,1128,9,5,0
12CO|||Omega 1~1|88355|21848|1953|17,427,15,6,0
13NM|||Beaverhead~6|34194|18578|2249|12,1170,15,6,0
13Q|||Jewett Mesa~1|40042|13201|2341|06,1585,14,6,0
14TT|||Mathers~a|60471|94792|819|13,610,9,4,0
16CO|||Dry Pen~1|94023|19240|1625|09,549,20,4,0
16TA|||Seven Springs~1|9197|62170|1067|18,1894,23,5,0
18K|||Fowler~1|73842|98140|757|03,704,30,4,0,,,-260,-200,,,280,200
1CO2|||Williams~b|81637|16616|2085|NE/SW,762,18,4,0
1CO4|||Clifford~a|85750|20410|1695|17,1164,30,6,1,,287
1CO5|||Melon~a|80162|63054|1298|08,1152,14,1,1,94.6,,-40,-1440,1290,,-120,-140,1292;18,762,13,5,0,193,,210,-340,1296,,-450,-540,1292
1CO8|||Everitt~1|95292|53420|1919|04,671,30,4,0
1E4|||Palo Duro~1|51420|81620|1109|17,1128,15,4,0
1E7|||Buffalo~1|50650|81210|1109|02,1890,46,4,1,23;08,488,31,4,0,89
1KS7|||Hitch Feeders Ii Inc.~1|76736|89830|923|N/S,1067,30,4,0
1KS8|||Buehler~1|85153|90050|926|E/W,762,24,4,0;N/S,762,24,4,0
1NM0|||Me-Own~1|32120|19740|2302|14,1128,15,4,0
1TA2|||Vigo Park~1|46501|85000|1031|17,914,30,4,0
1TA5|||Two Leggs~1|29418|70000|1105|08,1097,8,4,0
1TE0|||Locker Brothers~1|42695|72830|1159|08,1219,6,5,0
1TS8|||Landers~b|22880|92821|693|18,610,23,4,0
1TX2|||J Y Ranch-R B Masterson III Estate~1|37163|98448|551|05,792,15,4,0;13,488,15,4,0
1TX3|||Beggs~b|34251|94580|570|04,1219,15,4,0
1TX5|||Laney~h|41260|80912|1062|09,1036,24,4,0
1TX8|||Hart Aerial~1|43695|79160|1114|17,853,15,4,0
21AZ|||White Mountain Lake~1|43509|360|1849|12,1219,15,1,0,133.1,,520,-1100,1837,,-230,-100,1849
22CO|||Flying E~1|99581|55144|1554|14,853,15,4,0
23CD|||Aviation Acres~1|92974|76788|1283|12,975,18,4,0
23CO|||High Mesa~1|88439|60100|1829|15,1219,12,5,0
24TT|||McCutchen Landings~1|13532|91670|702|1,539,23,6,0
25AZ|||Mystery Well~b|18099|9414|1272|18,805,24,6,0
25CD|||Lux~a|91523|42798|2835|10,873,30,4,0;9,803,30,4,0;13,579,24,5,0;04,533,30,4,0,,267
25NM|||Dream Catcher~b|44769|19689|2211|05,1219,24,6,0
25TS|||Miller~9|60943|75825|1207|17,1981,23,2,0,180,,630,150,1207,209,-1180,150
26TX|||Lowrance~b|37648|99820|516|17,658,15,4,0;03,488,15,4,0
27KS|||Bellamy~h|91301|82862|1113|13,914,46,4,0
29F|||Joe Vaughn Spraying~1|43923|82401|1067|17,1189,18,6,0
2AZ9|||Ethnos Air~1|16061|3457|1280|04,1311,30,5,0,,207.4,,,,305;17,933,30,5,0
2CD3|||Bijou Springs~b|91195|55682|2012|18,1213,20,4,0;09,849,20,4,0,,4
2CD4|||West Divide~1|94308|23769|1936|17,427,18,4,0
2CO5|||Edenway~1|83472|53680|1515|N/S,1158,15,6,0
2KS5|||Plains~5|72667|94162|842|17,1021,46,4,0,,,,,,30,,,,61;8,689,46,4,0;2,341,30,4,0
2TA3|||Triangle Ranch Private~1|17182|54020|1341|12,1219,15,4,0;08,853,15,4,0
2TE7|||Beach~b|32272|88668|702|11,792,15,4,0;1,701,15,4,0
2TX0|||Blue Sky~9|50626|81496|1102|17,1158,18,4,0
2TX6|||Everitt~1|36818|83320|975|17,1036,30,6,0;08,671,30,6,0
30TE|||Cone~1|38112|86040|958|17,1301,18,4,1,,227;08,762,24,4,0
31CD|||Diamond Star~b|78709|52109|1832|4,1524,23,6,0
32CO|||Braun~1|84547|49181|1690|09,988,15,5,0
32KS|||Wilkens~1|85931|93870|871|18,853,15,4,0
33CO|||Melby Ranch~6|70650|45360|2688|03,2256,12,4,0
34CO|||Simons~1|97164|52680|1684|NW/SE,732,9,5,0
35CO|||Lone Tree~b|88866|61874|1684|14,1600,17,4,0;08,1494,12,5,0;16,579,17,5,0
36CO|||Fat Chance~1|91061|54560|2164|17,914,18,5,0
36XS|||Mill Iron Ranch South~1|48970|98821|639|18,762,61,4,0
39CO|||Flying M~b|85035|22785|2195|09,762,8,1,0
39TE|||Seminole Spraying Service~1|27182|72620|1028|17,1219,15,1,0,180,,510,0,,,-570,0;08,823,23,5,0,90,356,-740,-100,,,-740,700
3AZ8|||High Mesa~j|27668|3467|939|08,1006,18,5,0,,,,,,37
3CO0|||Sky Island~b|87383|19994|1615|18,884,15,5,0;04,762,12,5,0;12,610,9,5,0
3CO1|||Cridler~a|88495|21673|1969|05,792,24,6,0
3CO4|||Tercio Ranch~6|70709|49810|2425|13,1128,23,4,1,,353
3CO7|||Dietrichs~1|93325|54340|2067|17,762,18,4,0
3E7|||Pronger Bros~b|62195|78960|1134|17,1250,12,4,0;06,1067,12,4,0
3KS|||HF Strip~1|74361|97279|782|18,788,23,4,0
3KS4|||Eveleigh Farms~1|77678|85654|977|N/S,1128,30,4,0
3KS9|||Tri Rotor~1|77269|88047|942|17,1158,7,1,0,179,,543,-24,942,,-500,2,939
3TA0|||Four Square~b|969|95950|686|18,1248,9,1,1,190,271,500,200,683,,-580,0
3TE4|||Hot Springs~1|88|53350|936|01,762,23,6,0
3TE5|||Stamps~a|53306|86150|1050|16,701,5,1,0
3TE6|||Skellytown~1|55700|88310|1000|17,640,24,6,0
41CO|||Flying Dog Ranch~6|99712|23889|2140|09,518,18,4,0
44CO|||Redlands~1|88399|22072|1859|16,805,24,5,0
46CO|||Huerfano Agricultural~1|81000|55740|1460|17,762,15,6,0
47XS|||Bartos~h|34725|82150|961|17,671,12,6,0
48TE|||4M Ranch~9|210|84269|556|18,1523,23,1,0
49F|||Rankin~1|12274|80470|775|17,914,11,5,0
4AZ2|||Block~b|37020|46160|1818|08,1067,15,5,1
4AZ9|||Leroy~1|21131|2380|1279|07,805,21,4,0
4CO0|||Glen-Aspen~1|93896|28363|2083|04,965,30,4,0
4CO3|||Griffin~a|73929|77169|1208|17,975,30,4,0
4CO7|||Ambrosich~a|92204|53193|2142|17,762,18,4,0
4CO8|||Kelgun~1|93069|51840|2073|01,427,15,4,0
4KS8|||Bursch Private~1|95929|84073|1113|12,914,30,4,0
4TA8|||Perry~b|6301|89569|686|16,1006,15,5,0
4TS7|||Allison~b|4502|70730|1394|16,1372,30,4,0
51CO|||Flying W No.2~1|88856|21960|2166|01,792,30,4,0
52CO|||Mountain View~b|91097|53460|2286|17,671,30,4,0
52NM|||Timberon~1|26339|43126|2115|13,1509,18,5,0
53CO|||Rons~a|75531|76080|1248|18,853,15,4,0
55NM|||Burris Ranch #1~1|44873|33808|1590|01,1524,15,6,0;08,1524,12,6,0
55T|||Eagles~e|52142|85892|1059|17,1524,24,4,1,,1
57NM|||Monte Prieto~b|40887|38810|1879|01,610,15,6,0
58XS|||Mc Entire's Lazy V~b|18307|89440|719|06,1039,15,9,0;18,875,15,4,0
5AZ9|||Regeneration~1|30329|135|838|17,914,15,6,0
5CO0|||Windy Plains~1|88295|76994|1275|04,878,12,1,1,,221.8;10,757,9,5,0
5CO1|||Spruce Point Tree Farm LLC~1|88345|21409|1890|02,914,34,4,0
5CO4|||Spickard~h|96992|57436|1622|08,914,14,6,0
5K0|||Bressler~a|97425|84440|1063|08,1055,21,4,0;17,692,23,4,0
5K2|||Tribune~5|84509|82499|1103|17,1526,18,2,1,170,304,1020,210,,,-360,510
5KS8|||Jack Poore~1|98182|86507|1015|N/S,792,23,4,0
5TA0|||Hamilton Aircraft, Inc~1|27320|70560|1073|E/W,1128,24,4,0
5TA4|||Reed~1|49001|86830|1027|N/S,945,30,4,0;NE/SW,762,30,4,0
5TE4|||Perkins Prothro Cimarron~b|65084|76080|1218|01,1311,11,1,0,18.3,,-560,-200,,,560,200
5TE6|||Keystone~b|12692|95392|617|03,549,30,4,1
5TE8|||Willis N Clark~1|57612|92480|941|N/S,1372,46,4,0;E/W,640,46,4,0
5V4|||Calhan~1|90480|57068|1966|17,1391,15,4,1,180,,670,20,,,-590,-80
5XS7|||Outback~1|42297|85360|1002|09,817,15,4,0
61AZ|||White Mountain Ultralightport|43697|3030|1995|07U/25U,481,12,4,0;04U/22U,472,12,4,0
62NM|||Seven Rivers~1|25977|55732|1024|10,978,9,1,0,110,336,,,,79;04,671,15,6,0,49,269
63CO|||Hendricks Field At West Creek~b|87055|10630|1469|04,815,18,4,0
64F|||Alvie Cole~b|16438|90300|745|14,914,18,4,0
65NM|||Curtis and Curtis~1|47285|63953|1430|17,1097,12,6,0
65TX|||Flying Eagle~b|17751|45687|1311|18,1524,30,4,0
67KS|||Montezuma Coöp~1|75874|95659|847|18,683,21,6,0
68NM|||Flying H~b|30290|48736|1573|13,823,18,6,0
6CO0|||Doctors Mesa~1|88522|19822|1731|08,2057,34,4,0
6CO2|||Mesawood~j|89607|20416|2195|16,732,12,4,0
6KS2|||Stevenson Private~1|94417|93726|896|N/S,792,30,4,0
6KS4|||Bussen~1|89073|82147|1059|14,915,27,4,0
6TA0|||Rocking R~b|7990|96655|686|01,1280,32,6,0
6TE6|||6666~b|36426|96527|541|01,1830,23,1,1,10,298,-830,-170,,,550,130
6TE7|||Mc Neill~b|48376|84210|1040|17,1219,10,5,0
6TE8|||Douglas Flying Service Private~1|31704|97829|531|01,1053,8,5,0;17,668,8,6,0,180,,710,1910,522,,-370,1910,532
6TX4|||Whitfield~1|43427|84578|1015|18,914,15,6,0
72CO|||Idler Bro's~1|96794|74090|1280|14,914,15,4,0
72NM|||Otero Mill~1|29584|40370|1403|04,1448,24,6,0
75TA|||Coleman Cattle Company Nr 1~1|25343|82750|860|16,1440,15,1,0,160,,610,-300,,,-610,200
76CO|||Hoy~6|98358|55780|1618|17,805,15,6,0
76TA|||Canadian River~b|54027|71924|1170|03,1379,16,1,0,30,,-510,-340,,,320,260
76TE|||Big Tank~b|15001|49160|1463|12,1463,18,6,0
79XS|||Silverton~5|44679|87043|996|17,1076,58,4,0
7CO6|||Vantage View~1|87603|58986|1762|17,671,23,4,0
7CO8|||West Pueblo~1|83633|52620|1565|14,899,15,6,0;08,396,9,6,0
7NM1|||Mesa Verde Ranch Strip~1|29353|39547|1291|18,610,18,4,0
7TA3|||Quarterway~1|41809|81630|1058|N/S,1158,15,6,0
7TS8|||Ott Farms~1|44038|75460|1163|17,1158,9,6,0
7TX5|||Mabee~b|22171|78400|872|17,1853,15,1,0,177.8,8,550,0,,,-1120,100;06,1236,9,1,0,67.8,270,-140,-400,,,280,800
7TX7|||Ryan~e|20689|79744|835|N/S,808,46,4,0
7TX8|||Flying K~1|51076|79620|1085|01,1097,8,4,0,,230,,,,183
80CO|||Simonson~a|81517|52940|1564|09,640,18,5,0
81NM|||Diamond A~b|33455|48269|1541|17,1829,15,1,0,179.6,236.5,780,-690,,,-870,-690,1541,35
82NM|||Skeen~b|31688|48668|1684|03,914,12,6,0
83XA|||TR Zato~1|34625|90648|734|2,945,15,4,0
84NM|||Nalda~b|43534|18380|2295|E/W,1524,12,6,0
85V|||Ganado~1|57009|4826|2031|18,1372,24,6,0,,,660,340,,,-520,-160
86XS|||Gesin Ranches~1|24001|96330|671|16,792,53,4,0
87CO|||Young's Strip|96911|55840|1722|18,732,5,6,0
88CO|||Tranquila~1|88861|57510|1926|01,1158,9,4,0
88TA|||Figure 2~b|14560|51560|1128|01,1219,23,4,0
8AZ5|||Lizzy Lizard~1|18924|9459|1280|01,762,18,6,0
8CD4|||Basin~a|92587|53653|2116|6,751,15,4,0
8CO4|||East Moore~a|96705|58640|1600|18,792,12,6,0
8CO5|||Widner~1|88336|21072|1835|04,671,15,5,1,,260
8CO9|||Pine View~1|93444|54190|2003|16,1341,15,6,0
8K8|||Cimarron~5|78306|96500|839|36,975,18,2,1,,309,,,,52,,,,85;11,493,15,4,0
8KS0|||Morgan Farms~1|78132|85350|972|08,853,21,4,0
8TE2|||J-Bar~b|15279|74720|813|15,1006,15,5,0;06,792,12,5,0
8V6|||Dove Creek~1|77639|11110|2126|01,1280,15,6,0,21,,-450,-300,,,630,300
8XS8||REE|Reese~j|35903|79630|1017|17R,3200,46,3,0,180,,2290,-500,1016,,-600,-500,1014;08,1981,46,3,0,85,222,-640,-1500,,,-490,600;17L,1981,46,3,0,179,,870,-100,1015,,-910,0,1013
91XS|||Stark~a|23310|99481|641|16,757,30,4,0
92CO|||Lake Creek~b|82917|43890|2195|03,1219,61,4,0
93CO|||Antelope~j|90253|43902|2652|09,792,15,6,0
94TA|||Reece~a|13079|95363|597|17,922,27,4,0
94TT|||Evridge Farms~1|13698|81821|819|7,976,15,4,0
95CO|||Mann~b|78685|51640|1829|15,1067,18,6,0
96CO|||Logan~1|98564|56040|1615|17,732,30,4,0;08,366,30,4,0
96TS|||Southwest Lubbock~1|33956|79905|995|09,663,18,4,0
96TX|||Brown~a|11654|95240|648|N/S,914,27,4,0
96XA|||Gnaws~h|12844|63561|828|13,2073,15,6,0,,,,,,,,,,213
97CO|||Peakview~1|89250|58410|1942|09,762,9,6,0
98KS|||Rexford~1|74459|95080|846|N/S,744,30,4,0,350
98NM|||S & S~b|60767|52820|1923|08,1585,15,4,0
99CO|||Rock Creek~1|81365|51849|1725|7,457,15,4,0
9CO2|||Van Slyke~a|96961|55240|1646|E/W,762,24,4,0
9CO3|||Hubbard~1|86754|10119|1423|18,792,23,4,0
9CO5|||Scherler Private~6|85767|75630|1258|17,1609,15,5,1,,268
9CO6|||D Bar D~1|92813|54270|2058|15,914,23,6,0
9CO8|||Bijou Bottom Strip|92767|56579|1829|10,427,12,4,0,,330.6
9CO9|||Phylcon~b|91279|18567|2007|01,610,15,4,0
9KS6|||Lundgren Hereford~b|88085|94295|792|16,792,30,4,1,,225
9TE2|||JL Bar Ranch|5687|95555|714|14,1616,24,1,0,,,,,714,,,,709
9TX3|||Horan~1|41752|83619|1018|17,780,30,1,0
9TX6|||Beggs~b|31751|89760|718|18,1524,15,4,0
9TX9|||Canon~b|7482|80350|725|06,1067,27,4,0
9XS6|||Sudan~1|40531|74780|1149|04,884,6,1,0
AZ14|||Ammon~1|20247|430|1378|09,594,23,6,0
C07|||Mack Mesa~1|92681|11360|1440|07,792,18,1,0,85,,-30,-500,,,30,400
CD01|||Lowe~6|83983|43800|1890|05,914,26,4,0
CD03|||Tinnes~1|81982|74331|1173|08,1372,9,6,0;17,305,15,4,0
CD09|||Yoder~6|98197|55910|1629|08,884,15,4,0
CD10|||Chapman~a|76750|34440|2469|06,914,24,4,0;08,914,24,4,0
CD13|||Morris~1|98351|62640|1448|08,701,9,6,0
CD14|||J & S~1|98289|55630|1622|17,792,18,6,0
CD15|||Schantz~6|92958|58782|1789|16,1250,18,4,0
CD17|||Bijou Basin~1|99059|58780|1489|08,671,9,6,0
CD28|||Tall Timber~1|96439|47320|2243|16,549,12,4,0
CD32|||Castle Lakes~1|79092|26500|2835|04,975,15,5,0
CD45|||Flyin' B~b|93233|54270|2048|NE/SW,640,91,4,0
CD48|||Cuchara~b|77864|54060|1776|09,1067,24,4,0
CD69|||Morning Shadows~b|77403|34740|2530|16,1341,24,4,0
CD82|||Val Air~1|73378|21480|1996|17,1071,46,4,0
CD97|||Montemadeira Ii~1|88056|22260|1753|16,419,18,4,0
CO00|||Flagler Aerial Spraying Inc~1|92800|69330|1507|14,1189,27,4,0,155,325,610,-600,1507,,-360,0;17,799,6,1,0,180,210.5,360,0,,,-360,0;08,762,23,4,0,90,270.9,360,-900,,,360,0
CO02|||Harrington~b|96297|54810|1821|N/S,1067,15,4,0
CO03|||Aspen Gliderport|92600|30880|2573|02,762,15,6,0
CO07|||Athanasiou Valley~1|98542|45290|2713|E/W,610,61,4,0
CO10|||Lemons Private Strip|99947|47760|1594|N/S,914,23,4,0
CO11|||Granite Mountain Lodge~1|84161|39420|2743|18,610,6,6,0
CO12|||Brighton Van-Aire Estates~1|99835|52954|1541|12,1122,15,1,1,131.7,4,290,-540,1541,,-430,560
CO15|||Kelly Air Park|92247|53600|2146|17,1158,11,1,0,179.7,359,520,0,,,-520,0,2146;09,518,15,4,0,100.5,227
CO17|||Sky Haven~1|97136|58060|1590|17,762,20,6,0;08,457,20,6,0
CO18|||Chaparral~1|94640|57420|1807|17,1219,18,4,0;11,1006,18,4,0
CO19|||Tezak~1|84357|47397|1914|08,914,12,5,0
CO20|||Flying W~b|88625|21790|2099|17,732,15,4,1,,231,,,,,,,,270
CO22|||Hildebrandt~1|92796|75253|1311|01,1219,23,5,0;10,549,23,5,0
CO25|||Metrogro~h|94949|62726|1597|16,1128,15,1,0
CO27|||Tanner~a|74678|13350|2024|N/S,671,12,6,0
CO38|||Comanche Airfield Llc~1|97472|56870|1631|17,914,24,6,0
CO42|||Circle 8~b|93347|54540|2027|08,1128,24,4,0;17,610,24,4,0
CO43|||Pinyon~1|90028|12900|2128|05,1036,27,6,0
CO47|||Goldys~a|96000|30260|2048|03,762,15,4,0
CO54|||G W Flanders Ranch Strip|89833|53660|2213|14,1219,18,6,0
CO56|||Jjs~1|99641|55370|1547|17,1305,12,6,0
CO65|||Geary~b|80458|45290|2530|07,1280,9,5,0
CO73|||Air Sprayers Number 2~1|81117|77848|1100|18,1067,30,4,0
CO76|||Eden~b|88357|21330|1875|18,914,30,6,0
CO80|||Fowler~1|80725|59540|1350|04,988,12,1,0,47.2,360,-310,-300,1348,,310,500,1342;12,869,15,6,0,129.1,196.6,250,-300,1339,,-250,500,1350
CO84|||Idlers~a|96083|74590|1268|17,1295,20,6,0
CO89|||Barber~a|87728|19560|1539|17,792,15,4,0
CO90|||Usaf Academy Bullseye Aux~6|87583|56930|1840|17,1063,23,1,0,180,248.5,390,-100,,,-550,-100
CO93|||Perry Park~1|92500|51090|2042|16,1737,12,5,0
CO95|||True Grit South~1|80524|20151|2920|18,1219,18,4,0;10,457,9,4,0
CO96|||Reed Hollow~b|93717|52570|1890|13,1158,23,4,0
CO97|||Comanche Springs~b|97208|56770|1657|02,865,46,4,0
E07|||Tatum~1|32612|67230|1215|5,911,23,1,0;12,890,18,1,0
E32|||Lindrith~j|62914|29440|2195|07,1006,23,6,0
E37|||Flying J~b|28463|1205|949|18,899,14,6,0;07,503,15,6,0
E92|||Estancia~5|47634|39590|1859|08,1219,15,5,0
E94|||Glenwood~1|33532|11328|1654|01,1128,26,6,0
K00C||AMK|Animas Air Park|72032|21310|2037|01,1527,15,1,1,21,,-640,-300,2020,,640,300,2037
K00V|KFLY||Meadow Lake~1|89458|54300|2095|15,1829,18,1,1,160,,770,-500,2095,,-780,200,2069;08,648,11,1,0,91,,10,0,,,0,700;N/S,549,5,1,0
K01T|||Rocking L~1|3726|98098|713|18,741,15,5,0
K07V|||Cuchara Valley At La Veta~1|75238|49910|2180|06,1767,18,1,1,76,,-180,-1000,2180,76,180,900,2152,60
K08|||Holly~1|80352|78833|1033|17,1262,12,5,1,,314
K0E0|||Moriarty~5|49751|39972|1889|08,2348,23,1,1,90,315,1050,-1920,,,1050,580
K0E8|||Crownpoint~1|57177|17980|2041|18,1774,18,1,1,194,,790,200,2039,,-800,-100,2041
K14F|||Hamlin~1|28497|98634|534|16,975,15,1,1,166.9,360,470,-240,532,,-390,-40,534
K17|||Montezuma~5|75834|95301|847|17,1219,18,4,0,,222,780,-10,,213,-320,-10
K17K|||Boise City~1|67743|74900|1273|04,1284,18,1,1,49,,-380,-600,1271,,380,500,1269
K19S|||Sublette~5|74970|91657|886|17,1372,18,1,1,177.2,198.6,620,30,886,,-620,30,885,91;08,701,30,4,0,88,289,-50,30,886,,-50,830,886
K1F5|||Hoxie-Sheridan~8|93672|95587|833|17,1341,15,1,1,180,270.3,1030,530,,,-160,530;08,533,46,4,0,90,229.4,220,630,,,220,1230
K1K9|||Satanta~5|74567|90153|907|03,991,12,1,1,30,250.6,-420,-330,,,360,270
K1N1|||Sandia Airpark Estates East~1|50945|38330|1996|09,1472,9,1,1,100.2,292.8,130,-900,,213,-130,800
K1V0|||Navajo Lake~1|68082|23469|1974|06,1522,18,1,0,71.1,250,-210,-590,,,240,1010
K1V6||CNE|Fremont~8|84297|48914|1658|11,1646,23,1,1,120,,310,-740,1658,,-410,860,1639,30;17,549,11,4,0,179,225,90,660,1648,,-800,660,1634
K1V8|||Leach~1|77854|39524|2316|12,2134,15,1,1,125,315,640,-740,2316,62,-740,960,2316,401
K1X1|||Higgins-Lipscomb~8|61059|99743|782|18,1210,18,1,1,191,,540,170,782,60,-530,-130,773
K22F|||Kent~8|32293|94310|611|17,1006,15,1,1,176.8,178.3,450,0,611,,-460,100,606
K24N|||Jicarilla Apache Nation~1|68285|31160|2322|17,2286,23,1,1,182,,1030,0,2297,,-1030,-100,2322
K27R|||Eldorado~1|8622|93890|746|17,1311,18,1,1,176.8,328,590,0,,,-590,0
K2E3|||Cluck~b|61772|83060|1043|01,1099,11,1,0,21,,-450,-300,1043,,470,200,1042
K2E5|||Dell City~5|19476|48080|1128|08,1428,17,1,1,89.2,316,-10,-700,1128,,10,800,,122
K2E7|||McLean Gray~8|52462|94531|864|17,983,15,1,1,180,253,490,290,858,,-370,290,859;08,945,15,6,2,90,,-180,-110,,,-180,890
K2F0||IRB|Iraan~5|9057|81080|671|14,1245,18,1,1,150,233,400,-300,671,152,-570,400,,149;07,840,15,1,0,79,187.7,-10,0,,,120,900
K2F1|||Shamrock~5|52339|98146|722|17,1097,18,1,1,180,274,690,40,722,,-280,40,721,64
K2F4|||T Bar~1|31770|81800|953|17,999,15,1,1,180,,440,0,,,-450,0;08,775,10,5,0,90,238,520,0,,,520,800
K2F5|||Lamesa~5|27563|80800|914|16,1525,23,1,1,165,,420,200,912,,-940,580,910;7,1221,18,1,1,75,,170,-1150,912,,440,110,912
K2K3|||Stanton County~5|75830|82670|1013|17,1585,23,2,1,180,265,710,-100,1012,,-420,-100,1013;08,576,18,1,0,90,,-330,-100,1013,,-330,600,1012
K2T1|||Muleshoe~5|41851|73590|1152|07,1554,18,1,1,78,,-150,-800,1152,,150,800,1148,250
K30K|||Ingalls~5|79070|94690|858|17,914,23,2,0,180,325.2,410,-100,,,-420,0
K36K|||Kearny~8|79695|87450|938|14,1036,12,1,1,142,,380,-500,,,-450,0;02,792,27,4,0,25,,-260,200,,,410,600
K3E0|||Miami Roberts~8|57139|93970|829|02,1237,15,1,1,34,,-470,-400,829,,440,400,828,119
K3F6|||Dan E Richards~5|40276|97180|567|17,971,15,1,1,180,,440,0,567,,-430,0,564
K3K3|||Syracuse Hamilton County~5|79971|82518|1013|18,1402,23,2,1,,,1090,220,1014,,-130,-80,1010;13,914,12,1,1,138.2,,-230,-180,1009,,-850,520,1007,108
K3K4|||Borth~a|73076|95237|825|9,696,18,4,0
K3K7|||Mark Hoard~i|84570|86470|1007|17,1554,15,1,1,180;08,659,12,1,1,90,,-10,-900,,,-10,0
K41F|||Floydada~5|40023|86700|971|17,1402,18,1,1,177.6,,630,-100,970,,-630,0
K4V1|||Spanish Peaks~9|76966|52160|1843|08,1492,18,1,1,93.8,,50,-800,1835,128,-40,900,1835;03,762,12,4,0,30.1,,-270,-600,1844,,330,-100,1837
K54F|||Robert Lee~1|18818|94600|586|17,1356,15,1,1,180,,630,0,586,,-620,0
K56F|||Fisher~8|28257|95850|592|16,1006,18,1,1,165,,400,-200,592,,-460,100;07,853,15,5,0,73,,70,-1000,,61,290,-100
K5F1|||Post Garza County~5|32019|86629|776|17,1280,18,1,1,181,,1030,-290,767,,-130,-390,768;06,674,18,1,1,68,,-50,-990,776,,170,-290,769
K5T6|||Doña Ana County International Jetport|18810|32950|1253|10,2911,30,1,1,111.8,,430,-1300,1253,,-440,1300,1252
K5V5|||Shiprock~6|66978|12990|1606|02,1589,23,1,0,32,,-610,-500,1606,,510,400
K63F|||Stanton~5|21736|81780|832|16,1292,18,1,1,165.1,,560,-200,832,,-560,100,830
K65|||Dighton~1|84897|95200|847|17,732,12,1,1;06,610,34,4,0;13,610,34,4,0
K66V|||Bluff~1|72550|3670|1364|03,914,14,1,0,42,,-810,-400,,,-190,200
K6R6|||Terrell~8|460|77870|708|13,1380,23,1,1,136,,650,-700,708,,-240,300;04,1379,23,1,1,44,,-240,-300,,,650,700
K7T7|||Skywest Inc~1|18585|79260|853|16,1524,13,1,1,165,,650,-200,853,,-680,200;06,853,14,6,0,74,,-820,-300,,,-600,500
K7V2||WPO|North Fork Valley~1|88314|23542|1767|05,1372,18,1,1,61.4,,-270,-720,,,320,680,1767
K7V9|||City of Las Animas Bent~8|80539|67613|1193|08,1180,12,1,1,95.9,,-60,-530,1193,,-170,870,1188
K8F3|||Crosbyton~5|36238|87590|920|17,1097,18,1,1,180,,500,0,920,,-490,0,918
K8V1|||Astronaut Kent Rominger~1|77136|36460|2423|06,1844,23,1,1,67,,0,-500,2425,,0,800,2405;03,1467,18,4,0,31,,0,0,2416,,1420,1000,2418
K8V7|||Springfield~5|74587|73820|1338|17,1524,18,2,1,179.4,,690,0,1338,,-680,0,1338
K94E|||Whiskey Creek~1|27594|17904|1867|17,1646,15,1,1,185,,990,160,1867,,-480,60
K95E|||Stallion Army Air~a|38146|33563|1501|14,1219,30,1,1,147,,430,-530,1501,,-470,170,1501
K99V|||Crawford~1|87037|23530|1972|E/W,762,38,4,0,,,,,,,,,1972
K9V7|||Eads~5|84785|71891|1294|17,1177,18,1,1,179.8,,170,-10,1294,,-840,-10,1293
KA50|||Colorado Springs East~1|88744|55900|1873|17L,1372,12,5,0,180;17R,1372,13,1,1,180,,620,0,,,-590,0;08,1049,18,5,0,90,,0,-600,,,0,600
KADT|||Atwood-Rawlins City-County~1|98412|89568|912|17,1524,23,1,1,173,,700,-80,912,,-660,120,892;17CL/35CL,1524,23,4,2,174,,100,20,,,-560,120;04,732,30,4,0,41,,-540,20,,,-40,620
KAEJ|||Central Colorado~4|88129|38799|2422|15,2531,23,1,1,162.2,,1210,-490,2422,,-960,410,2408
KAFF|1|AFF|USAF Academy~9|89725|51789|2003|16C,1372,23,1,0,169.9,,530,-490,1989,,-690,-190,1983;16R,1372,12,1,0,169.9,,560,-590,2003,,-670,-290,2003;16L,1071,23,1,0,170.9,,580,-90,2003,,-360,110,2003;09,760,23,1,0,95,,250,-390,1990,,190,410,2003
KAIB|||Hopkins~a|82390|14366|1811|05,1589,23,1,1,58.5,,-350,-760,1809,,310,640,1809;11,1219,24,6,0,123.9,,280,-460,1797,,-340,640,1806
KAJZ|||Blake~a|87864|19360|1583|03,1706,23,1,1,41.7,,-570,-600,1558,,570,700,1583
KANK|1|SLT|Salida Airport - Harriet Alexander~a|85383|39510|2293|06,2241,23,1,1,70.6,,-340,-1200,2293,,330,1200,2251
KATS|1|ATS|Artesia~5|28525|55320|1079|04,2073,46,1,1,45,,-650,-700,1079,,580,700,1073;13,1869,30,1,1,135,,570,-600,1077,,-480,700,1069
KAXX|1|AXX|Angel Fire~1|64220|47100|2554|17,2713,30,1,1,181.8,,1220,100,2537,,-1220,0,2554
KBDG|1|BDG|Blanding~5|75833|5170|1789|17,1762,23,1,1,180,,800,0,1789,,-790,0,1760
KBFE|||Terry~8|31731|78070|995|02,1590,23,1,1,26,,-730,-400,992,,560,400,995;13,843,23,1,0,135,,450,-300,994,,-90,400,991
KBGD|1|BGD|Hutchinson~8|57009|86060|931|17,1920,30,1,1,178.4,,910,0,914,,-820,100,931;03,1188,30,1,1,39.9,,-490,-400,925,,330,400,920
KBPG|1|HCA|Big Spring Mc Mahon-Wrinkle~1|22126|84780|784|17,2683,30,1,1,181.9,,1420,100,777,,-1000,0,781;06,1402,23,1,1,66.9,,-650,-700,776,,-150,700,784
KC08|||Silver West~1|80132|46257|2527|13,2120,17,1,0,148,,600,-470,,,-1010,830
KC24|||Mineral County~i|78220|30697|2646|07,2097,18,1,0,81.4,,-230,-1270,2646,57,-10,1130,2630
KCAO|1|CAO|Clayton Municipal~j|64462|68330|1513|02,1922,23,1,1,30.2,,-740,900,1513,,750,2000,1513;12,1251,18,1,1,130.2,,340,1600,1513,,-380,2600,1507
KCBK|1|CBK|Shalz~a|94275|89530|971|17,1558,23,2,1,180,,780,-100,971,,-630,-100,961;12,811,27,4,0,136,,50,-100,965,,-460,600,961;04,792,24,4,0,46,,-210,-100,963,,290,600,966
KCFT|1|CFT|Greenlee~8|29570|7886|1158|07,1517,23,1,1,81.8,,-510,-660,1133,,-310,940,1156
KD17|||Westwinds~1|87575|18520|1524|04,1250,12,1,0,51.6,,-350,-500,,,350,600;13,610,21,5,0,141.6,,290,-700,,,-140,-200
KD68|||Springerville~5|41311|6897|2150|03,2567,23,1,1,44,,-910,-1070,2149,,760,830,2139;11,1403,18,1,1,128,,530,-70,2143,,-240,1130,2143
KDGL|1|DGL|Douglas~5|13426|4940|1272|03,1756,23,1,1,35.5,,-770,-300,1266,,520,800,1272;18,1248,30,6,0,190.8,,430,0,1264,,-680,-200,1266
KDUX|||Moore~8|58579|79870|1129|01,1829,30,1,1,23.1,,-780,-400,1129,,610,300,1127;14,945,18,1,1,151.6,,530,-200,1127,,-220,300,1128
KE01||MIF|Roy Hurd~i|15825|70910|797|12,1301,23,1,1,126.8,,350,-500,794,,-350,600,796;01,891,23,1,1,19.7,,-380,-200,797,,370,100,795
KE05|||Hatch~5|26611|28020|1244|11,1253,18,1,1,112.3,,130,-400,1244,,-300,900,1243
KE06|||Lea County-Zip Franklin~i|29525|65901|1213|03,1829,23,1,1,45,,-380,-410,1212,,790,890,1209;12,1344,18,1,0,138,,510,-510,1213,,-390,390,1210
KE11|||Andrews~8|23311|74700|967|16,1773,23,1,1,165,,900,-400,967,,-640,100,966;02,1187,23,1,1,26,,-370,-100,965,,360,300,966;11,929,23,1,0,122,,-10,-100,965,,-460,800,963
KE13||CCG|Crane~8|14151|76370|778|12,1298,21,1,1,129,,630,-900,,,-10,0,778;15,1035,15,1,0,164,,880,-300,,,-10,0,778,54;08,698,15,5,0,90,,-10,-700,,,-10,0,778
KE14||ESO|Ohkay Owingeh~1|60261|39546|1765|16,1526,23,1,1,167,,560,-260,,,-780,140;06,945,11,6,2,71.1,,170,-760,,,450,240,1756
KE19|||Gruver~5|62337|85680|977|02,1432,18,1,1,30.4,,-550,-400,977,,560,400,971
KE24||WTR|Whiteriver~1|38102|134|1571|01,1917,23,1,1,28.3,,-520,-540,,,980,460,,76
KE26|||Lea County-Jal~1|21311|68450|950|01,1434,18,1,1,17.5,,-390,-200,948,,840,300,948;09,794,15,1,0,101.1,,80,-400,,12,-50,400,,14
KE34|||Smiley Johnson Municipal Airport Bass~a|49115|91310|863|01,1370,18,1,1,19.3,,-580,-300,863,,580,200,860
KE35|||Fabens~1|15172|38530|1121|08,1280,18,1,1,89,,-160,-700,1106,58,-140,600,1121;16,701,11,1,0,175.5,,30,-200,,30,-580,-200
KE38||ALE|Alpine Casparis~5|3842|63160|1376|01,1829,23,1,1,22.7,,-880,-300,1376,,640,500,1356;05,1529,18,1,1,61.7,,-180,-700,1375,,470,700,1356
KE41|||Reagan~8|11989|85270|825|16,1535,15,1,1,169,,540,-100,824,,-550,200,823;09,1220,18,6,0,98,,-240,-700,820,,-360,400,821
KE42|||Spearman~5|62210|88050|942|02,1531,23,1,1,29,,-600,-400,941,,600,500,942
KE48|||Upton~8|11251|77750|742|06,1356,43,4,0,64.4,,-590,-600,,,-70,700;10,1250,23,1,1,111.6,,210,-600,,,-200,600;15,1158,37,4,0,157.3,,460,-200,,,-510,300
KE52|||Oldham~8|52307|76013|1218|17,1280,18,1,1,178.2,,710,-30,1218,,-450,-30,1213
KE57|||Denver City~1|29765|71577|1090|04,1762,15,1,1,43.3,,-1070,-970,,107,100,330,,47;08,1207,14,1,0,90,,-150,-770,,55,-150,530,,78
KE80|KBRG||Belen~4|46452|31660|1583|03,2012,18,1,1,45,,-640,-700,1583,,640,800,1577;13,1609,23,1,0,135,,664,-1185,1585,,-361,57,1578
KE89|||Conchas Lake~1|53679|58191|1289|09,1460,18,1,1,99.4,,-10,-1510,1289,,-230,90
KE91|||Chinle~5|61109|4250|1691|18,2104,18,1,1,191.2,,930,200,,,-930,-300
KE98|||Mid Valley~j|47598|32550|1472|18,1320,11,1,1,185,,580,100,1472,61,-620,-100
KEHA|||Elkhart Morton~8|70007|81200|1104|17,1496,23,1,1,179,,790,-200,1099,,-550,-200,1102;04,1494,18,1,1,48.4,,-560,-400,1104,,340,800,1095
KF06|||Marian~j|48440|98072|612|12,1230,18,1,1,135,,540,-820,612,160,-230,180;17,518,53,4,0,180,,430,-820,,,-40,-820;04,308,41,4,2,47,,40,-820,,,240,-520
KF21|||Memphis~5|47396|94700|641|17,1423,23,1,1,181,,860,-100,641,,-420,-100,631;08,838,21,4,0,90,,-380,-200,,,-380,700
KF37|||Carrizozo~5|36489|41040|1637|06,1507,23,1,1,68.5,,-310,-800,1630,,180,700,1632;15,762,27,6,0,179.3,,440,400,1627,,-210,400,1637
KF49|||Slaton~5|34848|83390|952|18,1294,23,1,1,189,,490,100,,,-660,-100
KF82|||Town & Country~j|34856|81870|975|17,1568,21,1,1,180,,500,0,,,-480,0;07,465,34,4,0,82,,-140,0,,,-90,500
KF85|||Cochran~8|37293|72660|1142|04,826,18,1,1,45,,-270,-300,,49,260,300;17,541,12,1,1,180,,280,400,1142,,-210,400
KF97|||Seagraves~1|29546|74590|1026|04,1222,21,1,1,44.8,,-880,0,,,-100,900;17,745,11,1,0,180,,-70,1000,,,-770,1000
KF98|||Yoakum~8|32173|71700|1129|03,1524,23,1,0,40.3,,-500,-200,1120,,550,800,1129;17,1196,18,1,1,180.5,,510,-400,1124,,-570,-400,1121
KFSU|1|FSU|Fort Sumner~5|44834|57830|1269|03,1768,23,1,1,45.4,,-10,0,1269,,1100,1300,1269;08,1600,18,1,1,90,,-10,-900,1269,,-10,900,1269
KFTG|KCFO||Colorado Air and Space Port|97842|54624|1680|08,2439,30,1,1,91.2,,980,-2740,1661,,940,60,1672;17,2438,30,1,1,180,,140,1360,1668,,-2060,1360,1680;18,1219,18,1,2,179.9,,1120,-3040,1660,,30,-3040,1663
KGNC|||Gaines~8|26768|73501|1010|08,1640,23,1,1,89.7,,170,-1510,1010,,180,190,1001;17,1525,23,1,1,179.4,,190,90,1001,,-1180,190,995
KGNT|1|GNT|Grants-Milan~5|51673|20980|1992|13,2186,23,1,1,145,,1010,-800,1992,,-610,600,1986;08,716,12,6,2,92,,-610,0,1987,,-630,800,1984
KGWS|1|GWS|Sumers~j|95061|26908|1805|15,1009,15,1,0,153,,610,-480,1803,,-220,20,1800
KH70|||Stratford~a|63456|79510|1118|04,921,10,1,1,53.9,,-240,-400,1118,,250,400,1113;17,396,15,4,2,180,,540,300,1113,,180,300,1114
KHHF|||Hemphill~8|58953|95960|730|04,1525,23,1,1,44,,-520,-600,727,,470,600,724;18,915,18,1,0,185,,400,100,721,29,-420,100,730
KHQG|||Hugoton~5|71631|86290|955|02,1524,23,2,1,25,,-760,-400,955,,490,400,953;13,926,18,1,0,135.2,,500,-200,955,,-10,400,953
KHRX|||Hereford~5|48578|76740|1155|02,1859,30,2,1,29,,-280,-300,1154,,1230,700,1154;14,1160,41,4,0,151.2,,420,-500,1153,,-500,100,1153
KI06|||City of Tulia-Swisher County~5|45668|82190|1068|18,1494,18,1,1,193.5,,650,100,1063,,-650,-200,1068;17,1219,15,1,2,180,,210,400,,,-870,400
KI58|||Santa Rosa Route 66~1|49344|53570|1461|01,1528,23,1,1,21.4,,-1140,-200,1455,,460,500,1460;08,1309,18,1,1,88.7,,480,-1000,1452,,500,500,1458
KITR|||Kit Carson~8|92425|77150|1286|15,1585,23,2,1,159.9,,670,-400,1286,,-670,300,1281
KK44|||Beaver~5|67989|94700|759|17,1234,18,1,1,178.6,,410,400,749,,-420,400,752;04,610,40,6,0,45.8,,-390,-600,,,190,200
KK49|||Texhoma~5|65056|81860|1055|03,1086,15,1,1,47,,-410,-200,1055,180,270,700,1055,104;17,713,23,6,0,182,,720,100,1055,,80,0,1055
KLAM|1|LAM|Los Alamos~1|58798|37310|2186|09,1829,37,1,1,102.4,,160,-1000,2186,,-160,900,2174
KLHX|||La Junta~5|80497|64910|1289|08,2088,23,1,1,89.8,,-160,-1400,1288,,-150,900,1265;12,1769,18,1,0,135.2,,750,-500,1292,,-380,900,1266
KLIC|1|LIC|Limon~5|92748|63340|1638|16,1433,18,2,1,169.6,,630,-100,1638,,-640,200,1630
KLIU|||Littlefield~5|39239|76130|1102|01,1226,18,1,1,17.3,,-390,-100,1101,,660,200,1100;13,766,12,1,0,135.6,,40,-300,1102,,-450,300,1099
KLLN|||Levelland~5|35525|76280|1071|17,1862,23,1,1,181.6,,570,0,1068,,-1110,-100,1070;08,632,17,1,0,91.6,,810,-300,,,790,400,1069
KLSB|1|LSB|Lordsburg~5|23335|13080|1307|12,1592,23,1,1,130.2,,370,-500,1304,,-520,700,1304;01,991,18,6,0,21.1,,-270,-100,1307,,560,200
KLXV|1|LXV|Lake~8|92203|36830|3026|16,1951,23,1,1,170.3,,780,-100,3025,,-950,200,3023
KMDD|1|MDD|Midland~j|20365|78990|854|07,1698,23,1,1,75,,80,-800,854,,440,800,850;16,1212,23,1,1,164.9,,200,-200,853,,-850,200,853
KMEJ|||Meade~5|72769|96440|771|17,1463,23,2,1,176,,700,0,767,,-620,100,763;08,636,26,4,0,90,,490,-600,771,,490,200,765
KMRF|1|MRF|Marfa~5|3696|59841|1478|13,1891,23,1,1,135,,850,-910,1475,,-370,390,1472;04,1618,23,1,0,45,,-390,-410,1471,,640,790,1478;09,861,18,0,0,90,,0,-1010,1471,,0,-110,1474
KMVI|||Monte Vista~5|75273|39520|2320|02,1799,18,1,1,28.6,,-710,-500,2318,,710,500,2318;16,701,9,6,0,172.4,,740,500,,,80,600;10,640,15,6,0,118,,310,100,,,80,600
KN19|||Aztec~5|68370|19711|1791|08,1311,15,1,1,94,,-200,-710,,64,-280,790,,64;04,869,12,1,0,53,,-620,-510,,,-140,190,1791
KN24|||Questa Municipal Nr 2~1|68003|44020|2347|17,2091,23,1,1,180.2,,940,100,2337,,-940,0,2344
KODO||ODT|Odessa Schlemeyer~a|19206|76130|916|11,1890,30,1,0,120,,60,-100,906,,-400,900,906;02,1738,23,1,1,30,,-650,-600,900,,710,300,916;16,1525,23,1,1,165,,740,-400,910,,-590,0,902
KOEL|||Oakley~5|91099|91840|928|16,1524,23,1,1,169,,680,-200,928,,-670,100,920;08,656,34,4,0,90,,590,-500,927,,590,300,927
KOIN|||Oberlin~5|98339|94610|824|17,1311,18,1,1,180.5,,620,-100,824,,-420,-100,813;12,863,40,4,0,135,,220,-400,818,,-340,300,808;03,514,58,4,2,42,,-240,-100,813,,110,300,814
KONM|1|ONM|Socorro~5|40225|30970|1486|15,1780,23,1,1,164,,690,0,1463,56,-850,600,1446;06,1399,18,1,1,74,,-90,-1100,1486,,270,300,1458
KOZA|1|OZA|Ozona~5|7353|87970|726|16,1830,23,1,1,167.7,,800,-100,725,,-820,300,718
KP03|||Cochise College~1|13711|3100|1257|05,1692,18,1,1,62.5,,-330,-700,,,330,800
KP04||BSQ|Bisbee~5|13640|1170|1457|17,1807,18,1,1,183.3,,790,100,1457,,-840,0,1440;02,808,34,6,0,31.2,,-260,0,1445,,410,500,1448
KP33||CWX|Cochise~8|22454|1050|1276|14,1859,46,1,2,155.2,,570,-400,,,-960,400;3,1858,23,1,1,45,,-590,-700,1275,,590,700,1276
KPEQ|1|PEQ|Pecos~5|13824|64890|796|14,1901,24,1,1,146.2,,910,-600,795,,-510,500,793;09,1814,24,1,1,101.2,,-60,-800,796,,-370,1000,792
KPPA|1|PPA|Perry Lefors~a|56130|90040|989|17,1787,30,1,1,180,,550,200,987,,-1060,200,988;05,1372,23,1,1,60,,20,-1000,988,,640,300,987;11,1372,46,1,2,120.9,,90,-1100,988,,-550,200,989
KPRZ|||Portales~5|41455|65900|1243|01,1737,18,1,1,22.9,,-740,-500,1243,,700,200,1233;08,1390,18,1,1,89.9,,20,-600,1239,,20,900,1237
KPSO|1|PGO|Stevens~a|72863|29440|2336|01,2469,30,1,1,23.8,,-1020,-600,2324,,1010,600,2334
KPVW|1|PVW|Hale~8|41681|82830|1028|04,1828,30,1,1,50.7,,-570,-900,1028,,470,600,1026;13,1219,30,1,1,138,,490,-300,1028,,-320,500,1028
KPYX|||Perryton Ochiltree~8|64129|92480|889|17,1738,23,1,1,179.9,,980,200,888,,-580,200,888;04,1000,44,4,0,51.1,,-630,-700,888,,-60,200,888
KRQE|||Window Rock~1|56521|9330|2055|03,2134,23,1,1,34,,-800,-700,2042,,790,600,2055
KRTN|1|RTN|Raton Municipal Airport / Crews~a|67415|54980|1936|02,2321,23,1,1,34.2,,-730,-900,1930,,700,300,1936;07,1349,23,1,1,77.6,,-100,-300,1933,,160,1100,1923
KS42|||Springer~5|63311|53817|1796|01,1525,18,1,1,19.7,,-1060,-470,,,230,130,1796
KSAD|1|SAD|Safford~4|28548|3650|969|12,1831,30,1,1,135,,460,-800,964,,-710,600,965;08,1464,23,1,1,92,,10,-800,963,,-10,800,968
KSJN|1|SJN|St Johns Industrial Air Park|45186|6210|1749|14,1622,23,1,1,148.3,,760,-400,1747,,-490,600,1748,28;03,1036,18,1,0,37,,-590,-400,1745,58,150,300,1747
KSNK|1|SNK|Winston~a|26902|90511|741|17,1707,30,1,1,180,,1320,-10,737,,-220,-10,739;08,1280,23,1,0,90,,10,-1010,724,,10,290,741
KSWW|1|SWW|Avenger~a|24674|95330|725|17,1780,30,1,1,173.6,,860,-200,713,,-730,0,722;04,1725,23,1,1,43.4,,-640,-400,725,,490,900,712;13,511,53,1,2,137.4,,-50,-300,,,-380,100
KSYF|||Cheyenne County~5|97611|82040|1040|14,1585,23,2,1,145,,,,1033,,,,1045;14L,863,55,4,2,145,,230,-300,1034,,-410,300,1039;18,705,85,4,0,199.1,,380,400,1030,,-220,100,1038;09,548,85,4,2,98,,190,-300,1034,,120,300,1032
KT16|||Reserve~1|36942|11510|1939|06,1463,15,1,1,75.4,,410,-900,1939,,750,600,1911
KT45|||Panhandle Carson~8|53617|86350|1053|17,1342,18,1,1,179.9,,600,0,1052,,-610,0,1052
KT55|||Dimmitt~5|45667|76770|1184|01,1676,18,1,1,17.6,,-730,-300,,,720,300,1184
KT59|||Wheeler~5|54511|98000|753|17,1087,18,1,1,180,,490,0,741,,-490,0,753,17
KT60|||Stonewall~8|31698|98027|532|17,1219,18,1,1,180,,770,-70,522,,-310,-70,532
KT88|||Colorado City~1|24684|90790|675|17,1652,18,1,1,181,,760,0,675,,-750,0,672
KT93|||Follett Lipscomb~8|64408|98760|793|17,1241,18,1,1,180,,560,0,772,,-560,0,793
KTAD|1|TAD|Perry Stokes~1|72594|56590|1756|03,1676,30,1,1,44.9,,-370,-100,1754,,700,1200,1748;09,1676,30,5,0,106.1,,150,-1200,1756,,-270,600,1752
KTDW|1|TDW|Tradewind~1|51699|81740|1112|17,1554,18,1,1,179.9,,820,0,1112,88,-580,0,1109;05,914,18,1,1,55.9,,-440,-300,1110,,20,500,1105
KTQK|||Scott City~5|84743|91150|903|17,1525,23,1,1,179,,690,0,902,,-690,0,901;08,654,18,4,0,90,,240,-400,,,240,300
KULS|||Ulysses~1|76040|86260|936|17,1829,30,2,1,180,,1220,0,934,,-430,0,933;12,1402,18,2,1,129.7,,-110,-500,936,,-920,700,933
KVHN|1|VHN|Culberson~8|10578|52160|1206|03,1830,23,1,1,44.5,,-360,-700,1206,,810,600,1194;07,1632,23,1,1,84.4,,-320,-700,1206,,-180,1000,1192
KX43|||Sunray~1|60292|81710|1069|02,1146,15,5,0,27.3,,-500,-600,,,410,0;17,991,15,1,1,179,,440,0,,,-480,0,1069
KXNI|||Andrew Othole~i|50607|10624|1942|6,1829,23,1,0
M10|||Mountainair~5|45333|37760|1979|08,786,15,6,0
MXC||MXC|Monticello~1|79324|6588|2123
N17|||Vaughn~5|46046|48082|1807|09,1570,18,1,0
N29|||Magdalena~1|40943|27029|2050|02,1722,15,5,0
NM01|||Rancho Magdalena~1|40983|27025|2035|03,671,9,4,0
NM02|||Biplane~b|49293|38257|1981|09,671,15,4,0
NM08|||Solo~b|22625|26067|1280|09,1524,21,6,0
NM09|||First Aero Squadron~j|18673|23640|1262|E/W,1219,30,5,0
NM10|||Tequesquite~b|58792|61870|1372|02,671,9,4,0;10,671,9,4,0
NM17|||Ray~b|59298|58195|1783|01,1091,13,4,0;09,701,13,4,0
NM24|||Eastside~1|69222|34398|2448|01,914,14,1,0,21,,-50,120,,,720,520,2448
NM25|||Lincoln Station~1|41214|43223|2028|07,1494,23,6,0
NM26|||Luna Landing~1|21001|21770|1295|08,792,30,5,0
NM27|||Sanostee~1|64225|11390|1814|02,1067,15,6,0
NM29|||Rosebud~1|58339|65676|1469|02,914,18,6,0
NM32|||Bell Ranch Waggoner~1|57019|59379|1440|18,2499,21,6,0
NM33|||Bell Ranch Headquarters~1|55291|59026|1341|11,914,12,4,0
NM37|||Adobe Ranch Private~1|35765|21000|2241|02,1189,18,5,0
NM38|||Double V~b|41173|55730|1254|14,1311,15,6,0
NM41|||Happy Mountain~1|40612|19040|2210|09,1128,30,6,0
NM42|||Aero Tech Inc~1|44154|68654|1295|18,805,46,4,0
NM47|||2x4~b|27790|56197|1024|NE/SW,732,18,6,0;NW/SE,732,18,6,0;N/S,610,18,6,0
NM48|||Ensenada~1|67288|35061|2329|07,1524,61,4,0
NM49|||J & M Farms~1|45815|39250|1870|17,1524,15,6,0
NM51|||Chloride~1|33284|23380|1890|12,914,18,4,0
NM52|||Camco~b|55748|67180|1297|03,792,12,6,0
NM53|||San Miguel~b|55100|54160|1920|04,1707,30,1,0
NM55|||Whitewater Mesa~b|33636|11381|1664|18,701,9,4,0;09,564,9,4,0
NM56|||Mystic Bluffs~1|51653|15410|2128|06,875,12,6,0
NM63|||Big Sky~1|51658|39880|1890|E/W,792,14,6,0;N/S,792,14,6,0
NM64|||Diamond A~b|14594|11416|1571|04,549,9,1,0;12,549,15,4,0
NM66|||Poco Loco~1|44152|19230|2262|10,914,9,6,0
NM69|||Casas Adobes~j|28142|20600|1768|16,1036,9,5,0
NM70|||Rodeo~1|19485|9538|1267|17,1829,15,4,0
NM71|||Three Rivers~b|33329|39717|1465|06,1524,15,4,0
NM73|||Akin and Akin~1|47773|61446|1481|05,805,9,4,0;09,792,9,4,0;18,792,9,4,0
NM74|||Cubero~1|50875|24370|1887|08,1097,30,4,0;17,549,30,4,0
NM78|||Hacienda Sur Luna~1|18779|23540|1265|E/W,1463,9,1,0,90,,-10,-700,1265,,-10,800
NM80|||Quemado~1|43403|14850|2108|06,1524,12,6,0
NM83||HBB|Industrial~j|27668|67910|1130|12,2685,46,1,0,135,,850,-1000,,,-860,1000;03,2134,46,1,0,45,,400,-1500,,,1760,100
NM84|||G Bar F~b|35445|46240|1983|10,1119,11,4,0
NM86|||Playas Air Strip|19368|14630|1377|06,1483,15,1,1,70.7,,-220,-700,,,210,700,1377
NM87|||Jenkins~1|32392|55258|1097|17,732,30,6,0
NM89|||Manzano-Mountain Air~b|47796|34841|1716|05,2225,15,5,0;14,1609,15,4,0
NM90|||Amigos Del Cielo~1|19027|9755|1252|17,1829,12,4,0,180,,720,-50,,,-650,-50,1252
NM91|||High Lonesome~1|46223|12100|2278|09,1219,8,5,0
NM92|||Tierra de Dios~1|52955|43856|2149|08,884,21,4,0
O45|||Hooker~5|68571|87730|914|17,1009,18,1,0,180,,450,0,914,,-460,0,912
OK39|||Judy~b|69667|96830|683|06,945,18,4,0;10,792,12,4,0;16,579,9,4,0
SN03|||Lenora~5|96294|99850|723|08,732,45,4,0;17,696,79,4,0;15,613,58,4,0
SN12|||Jenkinson~1|73625|95275|834|01,1067,23,4,0;12,924,15,4,0
SN55|||R J C Farms Inc~1|82153|89970|884|17,671,8,4,0
SN97|||G+ Ag~1|73259|88054|931|18,732,23,1,0
SN98|||Anton Flying UV~1|74208|90571|900|01,655,30,4,0
TA00|||Rafter P~1|23842|97210|668|13,914,15,4,0
TA13|||Nebtex Land Company~1|62081|71273|1333|18,792,15,4,0
TA16|||Triple S~1|34472|91410|706|17,762,18,4,0
TA50|||Cielo Dorado Estates~1|19098|33583|1143|NE/SW,1219,15,1,1,50.3,,-400,-430,,,300,570,1143
TA67|||Biggin Hill~j|37484|79337|1015|12,914,18,4,0
TE08|||Flying W~1|21496|98402|671|17,640,8,4,0
TE37|||Canyon~b|3014|95280|703|15,1890,18,1,0,150,,-2490,1600,,,-3970,2600
TS21|||Roy~b|30848|88852|721|08,914,23,4,0
TS39|||Sherman~1|43120|85880|1001|17,1219,18,4,0
TS65|||Ducote~j|13585|93870|602|17,1128,9,1,1,170,,500,-100,,,-500,100
TS78|||Loesch~b|63917|95310|855|17,1280,23,4,0
TT26|||Cross L~b|9816|80512|697|3,678,9,4,0
TT27|||Johnson~b|31358|90050|710|17,1181,15,4,0
TT34|||Newberry Ranches~1|724|83478|583|9,964,15,1,0,,,,,,152
TX13|||Mesa Vista~b|58893|89699|845|1,1829,30,2,1,16,,-800,-290,845,,790,310,843
TX31|||Edwards Lucian Wells~b|20745|84342|764|02,1585,30,1,1,20,,-760,-120,,,610,480
TX38|||Duke~b|63795|96570|824|17,652,20,4,0
TX99|||Williams~a|40068|70130|1245|04,914,38,4,0;08L,853,38,4,0;01,792,38,4,0;08R,701,38,4,0;13,671,38,4,0
US-0022|||Ria~1|88392|58651|1940|18,792,18,4,0;8,610,18,4,0
US-0149|||Booker~1|64414|94660|865|17,1189,9,1,0
US-0257|||Spaceport America|29903|30303|1401|16,3901,61,2,0,169,,,,,122,,,,122
US-0442|||Hefner Farms~1|45786|71723|1268|4,527,11,4,1
US-0524|||J & H~1|52017|78484|1190|17,549,23,4,0
US-0583|||Rancho San Lorenzo~1|15586|37964|1106|3,610,11,6,0
US-0661|||Chandler~b|4567|82636|588|11,762,17,4,0,,,118,-371,579,,-126,371,576
US-0671|||Glass~b|17698|86892|819|7,975,30,4,0
US-0707|||Helling~1|97281|78282|1174|18,686,18,4,0
US-0735|||WWD Farms~1|31370|85337|882|8,732,24,4,0
US-0786|||Fourth Creek~b|63241|96034|824|18,1158,15,6,0,,,,,,,,,,191
US-0885|||Gove~8|90386|97661|804|17,1219,18,2,1,,,550,6,804,,-548,-2,796
US-0981|||Green Acres~9|54546|90058|987|18,1004,15,4,0;4,423,15,4,0
US-0993|||Sherman Farm Air~1|43236|85567|1006|17,1158,15,4,0,,,,,,,,,,104
US-10456|||Maria Vilma~a|99677|53478|1586|16,613,15,4,0
US-1076|||Don Brown~a|67367|94111|792|2,914,23,1,0
US-1078|||Second F~1|17353|84568|823|17,1091,9,6,0;8,703,9,6,0
US-1144|||Thurmond~1|19176|12193|1365|17,875,18,6,0,,,399,10,1365,,-390,-14,1365
US-12718|||Lucky Dog~1|77931|99915|786|18,925,21,4,0
US-12756|||Plane & Fancy~1|9739|98613|675|16,1567,30,4,0
US-12778|||Caddoa Creek~1|80579|70732|1152|9,405,12,4,0
US-12851|||Las Mesitas~1|70755|39014|2463|3,823,18,4,0
US-13020|||Oso Canyon~1|276|84427|555|04,988,21,9,0
US-1586|||Cuba~1|59517|30422||6,1261,12,6,0,56,,-310,-520,2085,,330,580,2085
US-1870|||U~b|19006|88696|735|04,982,6,9,0,,,-341,-12,735,,322,333,732
US-2216|||Orth Pasture~1|2905|99779|702|17,1063,11,1,0
US-2573|||McCrea~1|18147|90882|719|16,1044,12,6,0,167,,390,-150,717,,-530,100,716;9,500,12,6,0,,,140,-210,719,,140,240,710
US-3135|||Red Annie~b|84885|5604|1503|15,611,14,6,0
US-3482|||Sacaton~f|31824|13171|1837|8,1216,15,4,0
US-4025|||La Garita Creek~b|78117|36847|2454|9,1045,15,4,0
US-4317|||Lima Hana~a|18863|5172|1505|8,803,18,6,0
US-4400|||Flying G Air~b|92306|55291|2106|8,1158,12,4,0
US-4441|||Covered S~b|29216|89502|748|2,940,23,6,0
US-4487|||Jamison~a|89957|97766|777|17,991,23,4,0
US-4765|||Las Arenas Earth and Sky Observatory~1|74787|43675|2311|03,823,12,6,0
US-4849|||One Particular Harbour Ultralight Flightpark|22164|25005|1258|8,732,17,6,0,90,,2,-390,1258,,2,386,1257
US-4851|||Rainy Mesa~6|35521|13669|2271|12,1645,12,4,0
US-5087|||Boeing~a|88086|23639|1763|9,762,38,6,0,105,266
US-5096|||Juniper Hills~1|93798|19117|1646|12,823,15,4,0
US-5361|||Rustler Canyon~6|82758|2706|1423|14,558,15,6,0
US-6794|||Buckle L Ranch East~1|42790|99074|521|1,1036,24,4,0,360
US-7175|||Woods Bay Winery~1|20850|2987|1311|8,817,23,6,0
US-7502|||Kraemer~9|73985|99629|778|9,610,18,4,0,,,,,778,,,,776;3,427,18,4,0,,,,,776,,,,776
US-7518|||Spring Canyon~1|74146|52248|2214|10,469,46,4,0
US-7732|||Southwell~b|19920|16233|1387|5,1524,15,6,0
US-7938|||Bonanza~j|82655|40515|2419|14,1829,24,6,0
US-8149|||Clear Sky Ag~1|88202|78256|1234|18,1463,21,4,0
US-8378|||Little B Farms~1|63857|94393|866|18,920,11,4,0
US-8406|||Edwards Grass Strip|74403|96927|797|18,457,30,4,0
US-8452|||Trinchera Ranch~6|74643|45935|2525|3,1524,23,1,1
US-8947|||Blue Water~1|80980|39102|2350|9,640,11,5,0
US-8953|||South Trap~1|10057|97422|703|16,957,12,4,0
US-8983|||Runway Bay~1|53297|64951|1175|10,1066,15,1,0
US-9276|||Shkyview~1|77556|48421|2153|6,410,12,4,0
UT42|||Westwater~1|91467|8550|1420|18,732,12,5,0
UT53|||Sky~b|84938|5534|1486|12,1125,18,3,0,131.4,,-140,-840,,,-1070,460
UT75|||Mineral Canyon Strip|85316|41|1189|14,610,12,6,0
XA05|||Fairview~a|41016|73729|1164|09,1207,8,1,0,98.2,,20,-390,,,-130,910
XA77|||Benny White Flying~1|27512|82196|897|15,1265,12,6,0
XA92|||Herd~b|8684|98970|666|18,914,15,4,0
XA95|||Candelaria~1|1494|53170|888|18,579,15,5,0
XA96|||En Gedi~b|56625|96760|853|12,488,11,5,0
XS44|||Rancho del Cielo~1|10153|57880|1344|08,1914,23,1,0,80,,-140,-1100,,,140,1000
#US|W
E61|||Conchas Lake~7|53842|57840|1280|ALL/WAY,6437,402,12,0
US-0623|||Lake Meredith~7|81963|63062|1297|4,3048,91,12,0
