#DZ|L
DAAE|1|BJA|Soummam–Abane Ramdane~1|67125|50699|6|08,2400,45,1,1,80,,-250,-1323,6,,110,1316,3
DAAG|1|ALG|Houari Boumediene~1|66939|32145|25|05,3500,60,1,1,53,,0,567,22,,1900,3690,25;09,3500,45,1,1,92,,-180,-4367,17,,-270,-458,25
DAAV|1|GJL|Jijel Ferhat Abbas~1|67941|58737|11|17,2400,45,1,1,171,,1170,-220,6,,-970,201,11
DABB|1|AAE|Annaba Rabah Bitat~1|68268|78133|5|18,3000,45,1,1,186.9,,1830,-56,3,,-850,-460,5,102;05,2290,45,1,1,51.8,,-620,-655,5,,650,1350,3
DABC|1|CZL|Mohamed Boudiaf~3|62760|66204|690|16,3000,45,1,0,159,,1210,-984,705,,-1320,210,706;13,2400,45,1,1,136,,840,-568,703,,-710,1293,687
DABT|1|BLJ|Batna Mostefa Ben Boulaid~1|57521|63086|822|05,3000,45,1,1,54.9,,-780,-1358,812,,780,1356,823
DAOI|1|CFK|Chlef Aboubakr Belkaid~3|62166|13411|141|08,2680,45,1,0,,,-172,-1156,151,,362,1751,151;07,1650,30,1,0,66,,-695,-1780,141,,-113,-132,141
DAUB|1|BSK|Biskra - Mohamed Khider~1|47932|57389|88|13,2886,45,1,0,130,,850,-1275,87,,-810,1157,72
#DZ|M
DAAB|1||Blida~1|65036|28142|163|06,1778,46,1,0,66,,-220,-1089,,107,440,772
DAAD|1|BUJ|Bou Saada~1|53325|42064|459|04,2200,30,1,0,42,,-712,-853,459,,767,763,459
DAAK|1||Boufarik~d|65458|28761|102|04,3622,45,2,0,44,,-1200,-1354,102,,1210,1398,73
DAAS|1|QSF|Ain Arnat~1|61785|53299|1024|09,2895,45,1,0,,,-73,-1606,1013,,70,1609,1013
DAAZ|1||Relizane~1|57530|6259|86|07,1300,21,1,0,66.9,,-310,-623,66,,150,698,73
DABS|1|TEE|Cheikh Larbi Tébessi~1|54316|81207|811|11,3000,45,1,1,113,,687,-1212,807,,-370,1829,814;12,2400,30,1,1,122,,408,-1086,809,,-802,1105,811
DAFH|1|HRM|Hassi R'Mel~1|29304|33115|774|08,2998,45,1,0,79.2,,-250,-1570,,,260,1578;09,1431,30,1,0,88.1,,170,-1004,,85,210,524
DAOB|1|TID|Abdelhafid Boussouf Bou Chekif~1|53411|14632|989|08,3000,45,1,1,81,,-200,-1634,989,,210,1623,976
DAOV|1|MUW|Ghriss~1|52077|1471|514|08,1700,30,1,0,80,,-130,-914,514,,140,923,514
DAUE|1|ELG|El Golea~1|5807|28616|398|18,3000,45,1,0,180,,1870,-21,397,,-820,7,394;10,1800,45,1,0,102,,-1040,-382,398,,-1380,1451,393
DAUG|1|GHA|Noumérat - Moufdi Zakaria~1|23841|37941|461|12,3100,60,1,1,122.4,,-20,37,452,,-1510,2812,433;18,2400,45,1,0,183,,2090,173,461,,-80,62,452
DAUH|1|HME|Hassi Messaoud-Oued Irara Krim Belkacem~1|16730|61404|141|18,3000,45,1,1,184,,1350,123,140,,-1370,-112,139
DAUK|1|TGR|Touggourt Sidi Madhi~1|30678|60887|85|01,3000,45,1,1,9,,-780,-148,85,,1890,324,79
DAUL|1|LOO|Laghouat - Molay Ahmed Medeghri~1|37644|29283|765|16L,3806,45,1,1,157,,1610,-694,,,-1540,913;16R,3803,45,1,0,156.9,,1540,-904,765,,-1620,704,765
DAUO|1|ELU|Guemar Airport - مطار قمار بالوادي|35114|67768|62|13,3000,45,1,1,130,,1610,-1486,59,,-140,987,61;02,2000,30,1,0,18,,-1590,-89,62,,130,576,61
DAUU|1|OGX|Ain Beida~1|19172|54128|150|18,3100,45,1,0,179,,1290,366,,107,-1500,426;01,3000,45,1,0,16,,-1150,-815,150,,1460,60,141
#DZ|S
DA12|||El Abiodh Sidi Cheikh~1|28985|5247|904|12,2014,32,1,0,115.4,,390,-976,,,-390,972
DA14||MQV|Mostaganem~1|59052|1445|223|05,1082,24,1,0,44,,-260,-254,,,440,579,,21;13,693,30,1,0,126.7,,430,366,,,60,982
DA15|||Saïda~1|48972|1517|745|18,1295,30,1,0,175.1,,580,-61,,,-580,60
DAAM|1||Telerghma~1|61087|63646|757
DAAQ|1||Ain Oussera~1|55254|28787|650|09L,3260,45,1,0,91,,150,-1790,650,,90,1801,650;09R,3260,45,1,0,91,,-80,-1792,650,,-140,1799,650
DAAX|1||Chéraga~1|67782|29284|121
DAFI|1||Tsletsi~1|46657|33510|1144
DAOY|1|EBH|El Bayadh~1|37217|10925|1369|04,3000,45,1,0,,,-975,-1094,,,1016,1092
#ES|H
LECC|1||Cas Curredó~2|89291|14663|85
#ES|L
LEIB|1|IBZ|Ibiza~1|88729|13731|7|06,2800,45,1,1,62.1,,-600,-1423,4,,580,1428,5
LEMH|1|MAH|Menorca~1|98626|42187|92|01,2550,45,1,1,8,,-1134,-238,85,,957,192,92;01L,2350,45,1,3,9,,-1130,-238,84,,960,192,91;01R,2100,45,1,3,9,,-920,44,83,,950,428,91
LEPA|1|PMI|Palma de Mallorca~1|95517|27388|8|06L,3270,45,1,1,58.6,,-460,-2807,5,,1080,439,2,70;06R,3000,45,1,1,58.6,,-1040,-706,7,410,360,2273,2
#ES|S
LECN|1||Castellon de la Plana~e|99984|264|6|18,950,,2,0,,,,,5,,,,5
LESB|1||Son Bonet~9|95989|27028|47|05,1200,23,1,0,51,,-240,-393,35,,340,499,45
LESL|1||Sant Lluis~9|98619|42517|60|02,1850,23,1,0,20,,-780,-341,66,,680,331,56
#IT|L
LIEE|1|CAG|Cagliari Elmas~1|92515|90543|4|14,2803,45,1,1,138,,930,-1083,3,,-940,1081,1
#IT|M
LIED|1|DCI|Decimomannu~d|93542|89725|30|16L,2985,45,1,1,167,,1280,-256,30,151,-1340,513,26,151;16R,2765,30,1,1,167,,1120,-472,28,,-1170,212,25
LIET|1||Tortolì~1|99188|96830|7|12,1188,30,1,1,121,,280,-627,7,,-290,623,2
#IT|S
IT-0119|||Aviosuperficie "Sa Doda"|93617|88683|27|16,700,25,0,0
IT-0213|LIEP||Aliquirra~9|96784|94622|574
IT-0398|||Aviosuperficie Amici dell'Aria|93279|91469|144|14,435,25,0,0
IT-0413|||Aviosuperficie del Parteolla|94005|91392|132|06,780,30,4,0,60,,,,132,,,,132
IT-0436|||Aviosuperficie Antica Sardegna|92707|95389|63|01,500,20,0,0
LIER|1|FNU|Oristano-Fenosu~1|98953|86427|11|14,1199,30,1,1,133
SU01|||Campo di volo Porto Pino|90122|86018||12,420,20,4,0,,,,,3,,,,3
#LY|M
HLTD|1|LTD|Ghadames~1|1455|97021|342|06,3600,45,1,0,62.3,,-690,-1477,338,,810,1837,341;01,1986,40,1,0,8.4,,-960,1026,358,,810,1329,352,319
#TN|M
DTKA|1|TBJ|Tabarka-Aïn Draham~3|69800|88769|70|09,2870,45,1,1,93,,120,-1771,60,,-20,1452,70
DTTB|1||Bizerte Sidi Ahmed~d|72424|97870|6|08,3001,51,1,0,83,,-210,-1715,6,,170,1633,6;11,1212,50,2,0,111,,680,555,6,,290,1832,6
DTTF|1|GAF|Gafsa Ksar~3|44220|88225|323|05,2900,45,1,1,48.5,,-850,-1174,313,,870,1177,323
DTTG|1|GAE|Gabès Matmata~3|37337|99194|124|06,1128,25,1,0,61,,-608,-1469,,,604,1437
DTTR|1|EBM|El Borma~1|17043|92546|252|11,2700,45,1,0,115.1,,460,-1315,252,,-570,1267,252
DTTZ|1|TOE|Tozeur Nefta~3|39397|81106|87|09,3225,45,1,1,89,,-10,-2692,80,,-10,784,87
#TN|S
DTTI|1||Borj El Amri~1|67213|99431|34|13,1038,30,1,0,126,,280,-464,34,,-270,474,32
