#CN|L
ZSHC|1|HGH|Hangzhou Xiaoshan~3|2361|4289|7|07,3600,45,2,1,63,,-1398,-1114,7,,79,2216,7;06,3400,60,2,1,63,,209,-2061,7,,1604,1086,7
ZSPD|1|PVG|Shanghai Pudong~3|11434|18050|4|17L,4000,60,2,1,162,,1790,-1900,3,,-1640,-600,3;16L,3800,60,2,1,162,,1678,1116,3,,-1583,2346,3;16R,3800,60,2,1,162,,1560,700,4,,-1700,1900,4;15,3400,60,2,1;17R,3400,60,2,1,162,,1143,-2184,4,,-1773,-1083,4
ZSQD|1|TAO|Qingdao Jiaodong~3|63620|882|9|16,3600,60,2,1,,,1928,503,8,,-1164,1718,8;17,3600,45,2,1,,,902,-1648,9,,-2190,-433,9
ZSSS|1|SHA|Shanghai Hongqiao~3|11981|13343|3|18L,3400,45,1,1,176,,1510,70,2,,-1560,270,3;18R,3300,60,2,1,176,,1190,-230,3,,-1210,-130,3
ZSWX|1|WUX|Sunan Shuofang~3|14970|4304|7|03,3200,50,1,1,20,,-1317,-566,5,,1391,599,5
ZSYN|1|YNZ|Yancheng Nanyang~3|34283|2054|3|04,2800,50,2,1,,,-981,-956,3,,992,920,3
ZSYT|1|YNT|Yantai Penglai~3|76597|9781|47|05,3400,,2,1
ZYTL|1|DLC|Dalian Zhoushuizi~3|89657|15385|33|10,3300,45,2,1,95.6,,140,-1850,32,198,-150,1950,26,98
#CN|M
CN-0003|||Laohutun~d|96700|17660
CN-0004|||Pulandian~d|94509|20180
CN-0092|||Jiaozhou Jiaocheng~d|63312|255|19
CN-0096|||Laiyang~d|69636|5910
CN-0146|||Daishan~d|2876|21444|2
CN-0153|||Hangzhou Jianqiao~1|3353|2410
CN-0154|ZSJX|JNH|Jiaxing Nanhu~1|6981|6631|5|12,3400,50,0,1
CN-0169|||Shanghai Dachang~d|13244|14095
CN-0210|||Tuchengzi~d|89122|12390
CN-0316|||Chenghu General~1|12153|7893|10|10,654,6,2,0,,,46,-235,,,-19,449
CN-JNZ|||Sanshilipu~d|92897|17622
ZSNT|1|NTG|Nantong Xingdong~3|20736|9801|5|18,3400,45,2,1,,,1586,-56,5,,-1479,48,5
ZSRG|1|RUG|Rugao~d|22583|5011
ZSSZ|1|SZV|Suzhou Guangfu~1|12631|4010
ZSWH|1|WEH|Weihai Dashuibo~1|71871|22290|44|02,2600,45,2,1,18.5,,-1110,-500,34,,1120,500,44
#CN|S
CN-0217||PNJ|Penglai Shahekou~1|78047|8095|6
CN-0443|||Yantai Laishan~1|73968|13696|18|04,2600,45,2,1,38,,-580,-860,16,,1280,940,16
DEQ||DEQ|Deqing Moganshan~1|5043|1074
ZYCH|1|CNI|Changhai Dachangshandao~1|92664|26670|24|17,800,24,1,1
#JP|L
RJFU|1|NGS|Nagasaki~1|29169|99140|5|14,2999,61,1,1,138,,1010,-1100,4,,-1000,1000,5;18,1326,30,1,3,174.2,,1710,1900,5,75,520,2001,5,75
#JP|M
RJDB|1|IKI|Iki~1|37490|97850|12|02,1320,30,1,1,9,,-580,0,7,60,600,200,16,60
RJDT|1|TSJ|Tsushima~1|42849|93310|65|14,1900,46,1,1,136,,620,-800,62,,-620,700,55
RJFE|1|FUJ|Fukue~1|26663|88330|83|03,2000,46,1,1,25.8,,-820,-500,68,,810,401,83
#JP|S
RJDK|||Kamigoto~1|30136|91924|80|17,800,,0,0,,,,,77,,,,84
RJDO|||Ojika~1|31908|90900|9|03,800,,0,0,,,,,8,,,,8
RJDU|1|OMJ|JMSDF Omura~d|29280|99342
#KP|L
ZKPY|1|FNJ|Pyongyang Sunan~3|92241|56700|36|01,3802,60,2,3,0.7,,360,600,27,,3780,600,31;17,3502,70,2,1,163,,-370,-600,29,,-3390,600,26
#KP|M
KP-0002|||Haeju~9|80074|57773|40|13,1890,88,4,0
KP-0012|||Kwaksan~d|97312|51102|19|04,713,28,1,0,33
KP-0015|||Koksan~d|86902|66060|256|07,2499,43,2,0,58
KP-0020|||Hwangju Airbase|86535|57889|8|12,2493,47,2,0,116
KP-0022|||Pukchang~d|95050|59640|66|14,2484,50,2,0
KP-0025|||Toksan~d|99963|76117|64|05,2500,50,2,0
KP-0039|||Kwail~d|84255|50191|27|15,2500,43,2,0,144
KP-0041|||Uthachi Highway Strip~1|89139|58213
KP-0068|||Koksan 2 Highway Strip|86635|65866|246|12,1082,10,1,0
ZKSC|||Sunchon~d|94125|58903|43
ZKSD|1|DSO|Sondok~1|97452|74740|4|2,2502,,2,0
ZKWS|1|WOS|Wonsan Kalma~1|91652|74879|2|15L,3500,60,2,0;15R,3125,45,2,0
#KP|S
KP-0005|||T'aet'an-pihaengjang~1|81311|52332|75|10R,2810,24,2,0;10L,2490,40,2,0
KP-0006|||Taechon~1|99026|54895|36|11,1966,59,1,0
KP-0007|||Taebukpo Ri~1|83338|68690|68|10,2018,86,4,0
KP-0010|||Pyong Ni South Highway Strip|93211|58979|32|12,2566,15,1,0
KP-0013|||Kuum-ni~1|88647|79040|20|06,2484,40,2,0
KP-0014|||Koksan Highway~1|87327|66599||01,1917,25,1,0
KP-0018|||Kaechon~1|97537|59021|10|05,2493,58,2,0
KP-0019|||Hyon-ni~1|86135|74524|583|15,1113,77,5,0
KP-0023|||Onchon~d|89094|52326|7|01,2484,52,2,0
KP-0024|||Wong Yo Ri Highway Strip|85940|65266||01,1987,26,1,0
KP-0028|||Sangwon Highway Strip|88447|60668|189|04,2256,81,1,0
KP-0030|||Panghyon South Highway Strip|98829|51586|109|12,1585,23,6,0
KP-0031|||Panghyon~1|99274|52077|89|13,2591,55,2,0
KP-0033|||Kang Da Ri~1|90984|74153|17|04,475,14,1,0
KP-0034|||Ichon~1|84823|68588|131|07,1192,60,4,0
KP-0037|||Ayang Ni Highway Strip|82518|59641|118|10,1951,24,5,0
KP-0040|||Yong Hung Highway~6|94823|73221|16|09,2000,24,2,0,103
KP-0042|||Toha Ri North~1|87027|62847|256|09,732,38,4,0
KP-0043|||Taechon Northwest~1|99934|53655|89|05,792,27,4,0
KP-0045|||Sonchon~1|99185|48405|60|14,488,31,2,0
KP-0046|||Sohung South~1|83564|62192|159|18,853,47,4,0
KP-0047|||Sinanju Highway Strip|96757|56827||058/238,2697,25,2,0
KP-0048|||Pyongsul Li~6|87194|67211|218|15,884,43,4,0
KP-0050|||Ongjin~1|79323|54197|51|11,2027,50,4,0
KP-0051|||Okpyong ni Highway Strip~6|92710|73207|15|06,436,5,4,0
KP-0052|||Nuchon Ni Highway Strip|82320|62642||10,1966,26,1,0
KP-0054|||Maengsan~1|96529|66702|636|11,2911,63,4,0
KP-0057|||Kojo Highway Strip~9|88366|78620|83|06,1024,25,6,0
KP-0058|||Ichon Northeast~1|86739|69237|171|03,1189,63,4,0
KP-0059|||Ihyon~6|81303|58492|183|09,1076,46,4,0,,,-104,-608,,,74,532
KP-0061|||Hoeyang Southeast~9|86580|76500|333|15,1113,77,5,0
KP-0063|||Changyon Highway Strip~6|82277|51363|19|14,869,31,4,0
KP-0064|||Unchon Up~1|85483|53372|147|03,762,39,4,0
KP-0073|||Kumgang~9|85643|80042|404|01,457,19,4,0
KP-0075|||Nuchon Ni~9|82379|61203|89|099/279,2500,40,2,0
KP-0077|||Panghyon Highway Strip 2|98137|51497|184|07,564,16,1,0
KP-0078|||Pyong Ni West Highway Strip~6|94100|56704|29|161/341,2700,20,2,0
KP-0081|||Sunan-Up North Highway Strip~9|92556|57057|63|02,2332,16,1,0
KP-0083|||Yong Hung Highway Reserve Strip~9|95388|72885|16|103/283,2000,25,2,0
KP-0085|||Sangwon 2 Highway Strip~9|87605|60801|189|16,887,10,1,0
KP-0099|||Ch'o do~1|85520|48326||11,920,43,4,0
#KR|H
KR-0018||JCJ|Chuja Port~2|39412|63249
KR-0857|RKBS||Korea Broadcasting System (KBS)~2|75242|69166|15
KR-1123|RKTS||POSCO~2|59998|93849|6
RK9P|RKBN||N 201 Helipad|69910|68082|4
RKBP|1||Everland Speedway~2|72960|72082|126
RKSY|1||H 264~2|75284|69758|20
RKTW|1||Woong Cheon~2|62193|65496|16
RKUY|1||Yongchon Airport (G-801)|60253|88194|118|09,319,30,2,0
#KR|L
RKJB|1|MWX|Muan~3|49914|63828|11|01,2800,,2,1,14,,-1258,11,10,,1261,-9,16
RKNY|1|YNY|Yangyang~3|80605|86698|73|15,2500,45,2,1,141,,960,-980,70,,-790,819,69
RKPC|1|CJU|Jeju~3|35121|64925|36|07,3180,45,1,1,58.5,,-1170,-2350,26,,240,450,23;13,1910,45,1,1,125.6,,340,-550,20,,-660,1150,32,411
RKPK|1|PUS|Gimhae~3|51795|89380|2|18R,3200,60,2,1,173.9,,1440,-300,4,,-1430,100,4;18L,2745,46,1,1,174,,1460,-100,2,,-1000,299,2
RKSI|1|ICN|Incheon~3|74691|64510|7|16L,4000,60,1,1,145,,364,-3537,,,-2567,-930;15L,3750,60,1,1,145,,1480,-1100,7,,-1270,1400,7;15R,3750,60,1,1,145,,1270,-1500,7,,-1490,1000,7;16R,3750,60,1,1,145,,-35,-3755,7,,-2783,-1312,7
RKSS|1|GMP|Seoul Gimpo~3|75583|67910|18|14L,3600,45,1,1,135,,1200,-1300,12,,-1090,1600,13;14R,3200,60,1,1,135,,970,-1500,10,,-1070,1000,12
RKTN|1|TAE|Daegu~3|58944|86570|35|13R,2755,46,2,1,124,,620,-1100,34,,-770,1401,34;13L,2743,46,2,1,124.2,,720,-1000,34,,-680,1500,37
RKTU|1|CJJ|Cheongju International Airport/Cheongju Air Base (K-59/G-513)|67156|75003|58|06L,2743,61,2,1,51.8,,-550,-1330,51,,970,1070,56;06R,2743,46,2,1,52,,-770,-1230,58,,730,1070,58
#KR|M
KR-1109|||Naju Juksanbo~9|49730|66171
RKJJ|1|KWJ|Gwangju~1|51232|68054|12|04L,2835,46,2,1,32,,-750,-540,13,,1410,1160,15;04R,2835,46,2,1,29.9,,-840,-340,13,,1370,1260,14
RKJK|1|KUV|Gunsan Airport / Gunsan~d|59038|66160|9|18,2743,46,2,1,169,,1210,-300,6,,-1220,300,9
RKJY|1|RSU|Yeosu~1|48423|76170|16|17,2100,45,1,1,158,,880,-400,9,,-870,400,9
RKNN|1|KAG|Gangneung Airport (K-18)|77536|89439|11|08,2743,46,2,1,68,,-460,-1490,11,,450,1409,6
RKNW|1|WJU|Wonju Airport / Hoengseong Air Base (K-38/K-46)|74371|79601|100|03,2743,46,2,1,26.1,,-1010,-610,98,,1200,690,100
RKPD|1|JDG|Jeongseok~1|33996|67120|357|01,2313,45,1,1,360,,-1670,0,336,,410,0,355;15,1516,24,1,0,142.2,,430,-400,357,,-650,600,349
RKPS|1|HIN|Sacheon Airport / Sacheon~d|50886|80717|8|06L,2743,46,2,1,55.1,,-640,-1469,5,,760,1030,6;06R,2743,46,2,1,56,,-730,-1170,6,,660,1331,8
RKPU|1|USN|Ulsan~1|55935|93520|14|18,2000,45,1,1,176,,900,-100,14,,-900,1,9
RKSG|1||Camp Humphreys (A-511) Desiderio Army~9|69624|70311|16|14,2505,46,1,1,132,,730,-1010,14,486,-760,1090,11,189
RKSM||SSN|Seoul Air Base (K-16)|74447|71127|28|02,2957,46,2,1,8,,-1220,-170,17,,1410,230,14;01,2743,46,2,1,359.1,,-1080,330,15,,1410,330,14
RKSO|1|OSN|Osan~d|70915|70294|12|09L,2744,46,2,1,84,,-26,-1540,12,,230,1526,12;09R,2744,46,2,1,84,,-217,-1516,10,,39,1551,12
RKSW|1|SWU|Suwon~1|72394|70070|27|15L,2743,46,1,1,142.4,,1020,-900,26,,-930,1000,20;15R,2743,46,1,1,142,,930,-1000,25,,-1020,900,20;16,2297,44,1,0,158,,-230,1300,,,-2150,2200
RKTH|1|KPO|Pohang Airport (G-815/K-3)|59880|94204|21|10,2134,46,2,1,89.3,,-30,-1140,19,,0,1161,19
RKTI|1|JWO|Jungwon Air Base/Chungju~1|70302|78864|86|18R,2844,37,2,1,175.5,,1250,-340,86,44,-1300,-140,86,44;18L,2750,61,2,1,175.5,,1220,-140,86,,-1250,160,86
RKTY|1|YEC|Yecheon Airbase|66304|83497|108|10,2743,46,2,1,88.8,,130,-970,106,,180,2030,108
#KR|S
QJP||QJP|Pocheon (G-217)~1|78646|71766|100|04,1109,24,1,1,35.8,,-210,-560,100,,590,140,100
RK13|||Yanggu (G-404)~1|80866|79868|200|17,1097,30,1,1,173.4,,580,-80,191,,-400,20,200
RK14|||Idong Airport (G-231)|80266|73670|141|18,715,18,1,1,174.6,,320,-100,,,-320,0
RK15|||Ji Po Ri Airfield (G-237)|81550|73141|155|03,1189,61,6,0,20.6,,-530,-410,,,490,90
RK17|||G-406~1|81396|80091|200|04,610,14,1,0,32,,-320,-310,,,100,-10
RK18|||G 233~1|80832|72690|104|17,701,12,5,1,161.2,,-100,200,,,-740,500
RK19|||G-314~1|81399|77401|183|17,579,24,6,0,165.2,,10,90,,,-490,290
RK21|||G-413~1|83825|84581|7|06,703,21,6,0,56,,-160,-411,,,190,290
RK22|||G-313~1|81200|76861|140|01,545,15,1,1,2.9,,-340,-110,,,150,-110
RK27|||G-218~1|78950|69705|116|14,518,21,4,1,122,,170,-150,,,-80,350
RK28|||G-219~1|79094|70085|97|09,518,18,6,1,82,,-30,-350,,,30,250
RK31|||G-307~1|79295|77574|82|08,570,15,1,0,74.7,,-70,-440,,,70,260
RK32|||G-420~1|79562|83165|290|03,834,30,1,1,25.3,,-340,-250,,,340,149
RK36|||G 238~1|81766|71021|80|03,518,21,6,0,12,,-170,90,,,170,190
RK38|||Baekui-ri (G-228)~9|80289|71416|71|18,579,19,1,1,178,,350,-60,,,-180,-60
RK40|||G-240~1|82488|73783|192|07,549,18,6,0,60.2,,-100,-330,,,150,270
RK41|||G-317~1|82163|76566|229|14,568,9,6,0,127.9,,40,-460,,,-270,140
RK42|||G-311~1|80559|77974|180|08,430,13,6,0,71.3,,-480,-140,,,-370,260
RK43|||G-414~1|81062|82010|210|05,518,24,6,1,48,,-170,-199,,,140,200
RK44|||G-412~1|82398|82083|290|04,732,21,6,0,37.9,,-70,-330,,,450,171
RK48|||G-419~1|77032|79046|137|07,701,23,1,1,63,,-150,-360,,,140,340
RK50|||G 526~1|65882|66584|60|03,457,15,6,0,27,,-630,60,,,-250,260
RK51|||G 532~1|65416|72858|28|10,488,20,1,0
RK52|||Yongin (G-501)~1|72867|72254|74|02R,610,23,1,1,15.3,,-430,60,,,70,160;02L,206,23,1,0,15.7,,120,60,,,290,160
RK60|||G 712~1|53066|64950|20|15,518,18,6,0,145,,160,-100,20,,-230,200,20
RK6O|||Jecheon (G-605)~1|71628|82192|282|10,1129,24,1,0,91,,20,-719,290,,0,581,267
RK6X|||Nogok-ri Airfield (G-130)|79936|69192|30|17,488,21,4,0
RKJM|||Mokpo~d|47590|63803|7|06,1600,30,1,1,50.3,,-470,-730,4,,450,670,7
RKJU|1|CHN|Jeonju (G 703)~d|58783|71189|29|07,1463,30,1,0,69,,-230,-690,,,260,810
RKPE|1|CHF|Jinhae~d|51402|86962|2|18,1148,24,1,1,169,,560,-119,,,-410,81
RKRA|||Ganap-ri (G-222)~1|78301|69901|87|18,1193,35,1,0,177,,570,-110,87,,-500,-10,87
RKRB|||Bucheon (G-103)~9|74749|67473|28|17,490,28,1,1,162.9,,200,-130,,,-190,70
RKRG|||Yangpyeong (G-301)~1|75012|76302|70|15,488,30,1,0,146.1,,210,-220,,,-150,80
RKRK|||G-213~1|78128|73571|122|16,462,23,2,1,160,,80,-110,,,-310,90
RKRN|||Icheon (G-510)~9|72007|74692|78|10L,1620,30,2,1,89.6,,-330,-320,,,-320,1480;10R,500,30,2,1,90,,-430,180,,,-430,680
RKRP|||Paju (G-110)~1|77635|67925|20|16,494,17,1,0,155,,110,-50,,,-290,150
RKRS|||Susaek (G 113)~1|76005|68695|20|14,1122,20,1,0
RKST|1||Camp Casey-Dongduchon (Camp Mobile) (H-220)~9|79215|70555|52
RKTA|1||Taean~1|65938|62966|5|16,1180,25,0,0,158
RKTE|1||Seongmu~1|65682|75000|79|16,1219,37,2,1,156.6,,500,-300,,,-510,300,,30
RKTL|1|UJN|Uljin~1|67770|94619|58
RKTP|1|HMY|Seosan~d|67040|64860|12|03L,2743,46,2,1,24.6,,-1000,-700,12,,1230,500,12;03R,2743,46,2,1,24.6,,-1080,-500,12,,1160,800,12
RKUC|1||Jochiwon (G-505)~9|65719|72961|25|14,945,37,1,1,133.2,,260,-410,25,94,-330,290,25,116
RKUL|||G 536~1|62671|71089|32|11L,1200,46,2,1,103.6,,360,-190,,,110,1110;11R,450,32,2,1,110.1,,220,-90,,,80,410
