#CY|H
CY-0003|LCIK||Karter~2|52758|32672|28
CY-0032|LCNC||UNFICYP Nicosia Airport~2|51460|32833|220
#CY|L
LCEN|1|ECN|Ercan~3|51531|35074|123|11R,3200,45,0,0;11L,2755,45,2,1,107,,662,-1990,123,,-255,816,123;16,276,,0,2,163
LCLK|1|LCA|Larnaca~3|48751|36249|2|04,2994,45,1,1,45,,-1092,-1264,3,,810,1060,2,175
LCPH|1|PFO|Paphos~3|47180|24857|12|11,2700,45,1,1,110,,430,-1380,12,,-420,1390,9
#CY|M
LCGK|1|GEC|Geçitkale Airbase|52359|37201|45
LCRA|1|AKT|RAF Akrotiri|45904|29879|23|10,2744,61,1,1,108,,380,-1440,22,,-370,1410,23
#CY|S
CY-0004|LCRE||Kingsfield~d|50143|37159|88
CY-0066|||Mammari Aerial Firefighting Base|51688|32200||12,1201,,1,0
#EG|L
HEAR|1|AAC|El Arish~3|10553|38280|36|16L,3019,45,1,1,157,,3050,170,31,,540,1400,37;16R,3019,45,1,1,157,,,,73,,,,91
HECA|1|CAI|Cairo~3|1115|13967|98|05R,4000,60,1,1,49.2,,-1433,2230,116,,917,5380,114;05C,4000,60,1,1,45,,-1180,150,116,,1180,3290,114;05L,3300,60,1,1,49,,820,-1650,58,,2760,960,61
HEPS|1|PSD|Port Said~3|12793|22406|3|10,2349,45,1,1,105.8,,300,-1240,2,,-280,1130,2
HESX|1|SPX|Sphinx~3|1082|8957|155|16R,3650,60,1,1,165,,1590,-460,141,,-1590,470,152
#EG|M
EG-0003|||Bilbeis 2~9|4206|16789
HE16|||Birma~d|8366|9360
HE28|||Gebel El Basur~d|5405|5602|26|18,3221,40,1,0,186,,1700,900,,,-1190,550;15,3025,40,1,1,152,,960,-1470,,,-1450,10
HE32|||Al Mansurah Airbase|9676|14342|4|14,2769,40,1,1,139,,760,-1220,,,-1110,700;17,2758,40,1,0,165,,1380,-100,,,-1020,660
HE35|||Abu Suwayr~d|5727|20953|15|09,2972,45,1,0,90.1,,-270,-1570,15,,-280,1520,15;11,2960,45,1,0,111.9,,770,-1400,,,-230,1460
HE36||RDL|Bardawil~3|4107|31553|323|15,2512,45,1,0,146,,580,-850,,,-1300,620,,151
HE37|||Bilbeis~d|3949|16014|27|04,3499,46,1,0,45,,-670,-1880,,,1580,670;17L,3036,49,1,0,169,,1730,300,,,-950,920;09R,2499,46,1,0,93,,-640,-1790,,,-750,810;17R,1567,46,1,0,169,,1820,-30,,,430,280;09L,1554,46,1,0,96,,1120,-650,,,990,960
HE42|||Quesna~1|5790|11292|10|16,2760,35,1,0,166,,1210,-340,,,-1210,330,,101
HEAZ|||Almaza Air Force Base|917|13597|75|18,2050,45,1,1,181,,1020,30,68,,-820,40,90,175;05,1194,50,1,0,46.9,,-340,-390,81,,410,500,80
HECP|1|CCE|Capital~3|647|18400|232|01L,3652,60,1,1,15,,-823,-1173,247,,2355,-180,223;02,3329,40,1,1,,,-2935,-488,253,,-112,690,234;01R,3210,40,1,1,20,,-2901,-631,254,,-108,242,235
HECW|1||Cairo West~d|1164|9155|170|16L,3639,60,1,1,165,,1590,-460,151,300,-1050,320,161,300;10,2781,45,1,1,107,,180,-710,151,,-520,2070,170
HEGR|1|EGH|El Jora~1|10781|41531|101|08,2400,30,1,0,75.5,,-760,-1600,94,,-220,840,99,200;17,2400,45,1,2,165.4,,1670,-3210,85,,-420,-2580,92
HEGS|||Jiyanklis~d|8198|1912|15|12,2887,44,1,1,124,,990,-1130,,,-470,1380;11,2883,44,1,1,113,,240,-1510,,,-760,1270
HEIS|||Al Ismailiyya~d|5980|22357|13|13,3217,45,1,0,129,,990,-1410,,,-820,1200
#EG|S
HE12|||Inshas~d|3324|14481|35|09,2635,40,1,0,90,,-210,-1360,,,-200,1380;04,2585,43,1,0,47,,-590,-1120,35,,1000,840,35
HE34|||Kibrit~1|2469|24923|7|14L,2684,45,1,0,136,,920,-920,,,-800,1030;14R,2684,40,1,0,136,,810,-1050,,,-940,890
HE39|||As Salihiyah~1|7952|20441|5|02L,3004,40,1,0,17.4,,-1250,-760,,,1340,180;02C,3004,40,1,0,17.3,,-1290,-600,,,1290,330;02R,2998,45,1,0,17.6,,-1340,100,,,1240,1040
HE46|||El Sharqi~1|261|29715|471|07,799,60,1,0,71.9,,10,30,480,,230,820,493
#IL|L
LLBG|1|TLV|Ben Gurion~3|20114|48867|41|08,4062,45,1,1,80,,160,-2630,30,,750,1190,38,600;12,3112,45,1,1,121.4,,330,-2090,34,,-1150,750,40,75;03,2772,60,1,1,29,,-1518,-62,39,,672,1353,41
#IL|M
LLEK|1||Tel Nof~d|18395|48218|59|18,2402,46,1,1,184,,740,-330,,,-1430,-450;15R,2388,46,1,1,151,,770,-110,52,,-1120,1130,50;15L,2387,46,1,1,151,,810,470,50,,-1080,1710,65
LLHA|1|HFA|Uri Michaeli Haifa~3|28102|50437|9|15,1318,30,1,1,159,,620,-200,8,50,-440,290,5,116
LLIB|1|RPN|Rosh Pina~1|29810|55719|269|15,1105,30,1,1,150,,620,-380,269,27,-260,210,268,98;05,972,30,1,2,54,,-330,-590,,,190,260
LLMZ|1|MTZ|Bar Yehuda~9|13282|53886|-386|01,1200,30,1,0,9.6,,-530,-100,-380,,530,110,-369
LLNV|1|VTM|Nevatim~d|12083|50123|405|08C,3350,45,1,1,77,,-390,-1720,395,,300,1700,415;08L,2600,45,1,1,76.8,,-80,-1810,393,,450,850,402;08R,2559,21,1,0,77,,-830,-1600,402,,-310,1020,435;15,855,21,1,0,146.9,,-40,1920,,,-690,2410
LLRD|1||Ramat David~d|26651|51795|56|09,2606,44,1,1,86,,80,-1580,40,,260,1190,56;11,2431,35,1,1,108,,-220,-1680,39,,-890,790,48;15,2406,46,1,1,145,,1050,-260,50,,-710,1230,50
LLRM|1||Ramon~d|7761|46667|648|07R,3010,45,1,1,66.5,,-690,-1360,650,,390,1520,631;07L,2700,45,1,1,66.8,,-340,-1370,643,,620,1230,634
#IL|S
IL-0007|LLRS||Rishon Lezion~9|19672|47536|18|18,660,9,1,0,180,,,,18,43,,,18,61
LL1A|||Hatzerim Northwest~1|12607|46404|201|10,1891,30,1,0,103,,200,-970,,122,-190,960,,98
LL1B|||Arad~1|12292|51890|595|08,1400,14,1,1,79,,-180,-530,,,60,910
LL59|||Palmahim~d|18979|46908|10|03,2403,30,1,1,25,,-600,-330,,,1360,740;13,803,30,1,0,127,,240,-360,,,-200,310
LL60|||Kzeiot~1|8594|44431|274|15,1495,29,1,0,146.8,,460,-380,,,-670,480
LLBO|1||Habonim~9|26499|49331|5|18,800,18,1,0,188,,350,50,4,,-320,-50,5
LLBS|1|BEV|Beersheba (Teyman)~1|12870|47230|200|14,1031,21,1,0,136.5,,340,-380,,,-340,370
LLES|1||Ein Shemer~9|24408|50077|29|09,1216,30,1,0,97.8,,80,-640,,,-70,640
LLEY|1|EIY|Ein Yahav~9|6217|52033|-50|01,1202,18,1,0,11,,-540,-120,,,530,120
LLFK|1||Fiq~9|27864|57175|371|04,1300,30,1,1,38,,-414,-378,356,,475,534,371
LLHB|1||Hatzerim~d|12334|46626|221|10R,2943,34,1,0,105,,-100,-1360,201,,-800,1620,220;10L,2423,40,1,0,105,,820,-1660,213,,240,800,219;15,1768,23,1,0,143,,760,-1620,201,,-520,-510,210
LLHS|1||Hatzor~d|17625|47272|45|11R,2451,46,1,0,111.6,,150,-650,35,,-680,1780,45;11L,2440,35,1,1,111.6,,300,-570,35,,-510,1840,45;05,2409,46,1,1,53,,-830,-1210,37,,440,860,40
LLHZ|1||Herzliya~1|21806|48347|37|10,903,18,1,0,104,,79,-414,29,,-129,334,36
LLKS|1|KSW|Kiryat Shmona~1|32163|55962|118|03,1348,30,2,0,33,,,,87,60,,,115,142
LLMG|1||Megiddo~1|25973|52288|61|09,2128,24,1,0,85,,3,-915,61,250,-36,1166,54
LLMR|1|MIP|Mitzpe Ramon~9|6506|48069|779
LLTN|1||Tnuvot Ultralight~9|23086|49783|30|11,678,10,1,0,114,,80,-300,,,-110,370,,212
#IQ|M
IQ-0018|||H3~d|29294|97451
IQ-0020|||H3 Northwest AFB|30746|95996
IQ-0021|||H3 Southwest~d|27449|95996
IQ-0040|||Ruwayshid~d|24061|91236
#JO|H
JO-0001|OJKA||King Abdullah II~d|19980|62195
#JO|L
OJAI|1|AMM|Queen Alia~3|17226|59932|730|08L,3660,61,1,1,81.4,,410,-2360,719,,960,1430,730;08R,3660,61,2,1,81.4,,-820,-1260,718,,-270,2530,721
OJAM|1|ADJ|Marka International (Amman Civil)~1|19727|59916|779|06,3275,45,1,1,65,,-640,-1560,779,,640,1560,749
#JO|M
JO-0002|OJKF||King Feisal~d|3435|61477|879
OJMS|1||Muwaffaq Salti~d|18256|67820|520|13,2980,45,1,1,131.1,,1650,-1010,,,-120,1380;08,2748,45,1,0,80,,-990,-1620,,,-560,1230
#JO|S
OJ38|||Zarqa~1|20253|61448|732|10,1264,24,1,0,105.8,,150,-650,,,-160,640
OJHF|OJPH||Prince Hassan~d|21607|71494|677|13,2988,43,1,1,131,,890,-1200,677,,-880,1200,663
OJHR|1||H4~d|25392|81950|686|10,2504,30,1,0,102,,250,-1300,,,-240,1300
OJMF|1|OMF|King Hussein Air College|23564|62592|683|13,2993,45,1,1,130.4,,880,-1200,,,-870,1220
#LB|L
OLBA|1|BEY|Beirut Rafic Hariri~3|38198|54874|27|03,3800,45,2,1,32.9,,-2160,-650,14,575,710,1570,12,995;16,3395,45,2,1,165.8,,2030,-850,4,180,-930,40,15;17,3250,60,1,1,177,,1840,-30,26,,-1050,150,11,850
#LB|M
OLKA|1|KYE|Rene Mouawad~d|45893|60113|23|06,3000,45,2,1,62,,-630,-1440,7,82,650,1460,7,76
OLRA|||Rayak~d|38508|59877|920|04,2969,45,2,1,46.3,,-930,-1150,,,920,1160
Z19O|||Wujah Al Hajar~d|42812|56801|256|05,1829,,2,0
#PS|H
ZDM||ZDM|Ramallah~2|19112|52076|871
#SA|M
OEGT|1|URY|Gurayat Domestic~1|14124|72789|510|10,3050,45,1,1,106,,340,-1480,510,,-430,1600,500
OETR|1|TUI|Turaif Domestic~1|16922|87315|854|10,3000,45,1,1,105,,413,-1550,852,,-303,1500,851
#SY|L
OSAP|1|ALP|Aleppo~3|61813|72269|389|09,2910,45,1,1,97.3,,100,-1850,389,,-230,1340,383
OSDI|1|DAM|Damascus~3|34115|65156|616|05R,3600,45,1,1,48,,-2650,-1950,616,,-520,910,610;05L,3000,45,1,3,48,,710,-680,610,,2480,1710,608
#SY|M
OS57|||Abu ad Duhur~d|57322|71042|258|09,2990,41,1,0,92.6,,60,-1660,,,-70,1660
OS64|||An Nasiriyah~d|39190|68666|831|04,3000,44,1,0,44,,-970,-1120,,,990,1130
OS69|||Khalkhalah~d|30773|65582|704|07,3046,45,1,0,74.9,,-1510,-130,,,-800,3020;15,2801,30,1,0,149.9,,1250,-2480,,,-930,-980
OS70|||Al Qusayr~d|45691|65728|539|10,3048,45,1,0,100.5,,240,-1640,,,-250,1640
OSLK|1|LTK|Latakia~3|54011|59487|48|17,2797,45,1,1,177,,1280,-120,48,,-1240,70,39,180
OSPR|1|PMS|Palmyra~1|45574|83169|403|08,2880,45,1,1,83,,-140,-1560,403,,130,1560,387
#SY|S
OS58|||Hamah~d|51182|67112|309|09,2783,46,2,1,99,,190,-1510,,,-200,1510
OS60|||As Suwayda West~d|27052|64129|750|05L,3008,30,1,0,56,,-640,-1420,,,870,1240;05R,3008,46,1,0,56,,-870,-1240,,,640,1420
OS61|||Dumayr~d|36096|67490|628|06L,3150,45,2,1,64.3,,-610,-1520,,,610,1520;06R,2364,50,6,0,64,,-520,-820,,,390,1480
OS62|||Jirah~d|60967|79365|349|10,3103,40,1,0,100,,250,-1700,,,-240,1690
OS63|||Marj Ruhayyil~d|32865|64574|668|06L,2993,46,1,0,62.8,,-370,-1600,,,860,1260;06R,2801,30,1,0,62.8,,-770,-1150,,,360,1510
OS65|||Shayrat~d|44903|69090|806|11,3002,45,1,0,111,,470,-1530,,,-480,1530
OS66|||Rasm Al-Abboud~d|61871|75832|368|10,2531,46,1,0,100,,200,-1380,,,-200,1380
OS67|||Mezzeh~1|34775|62234|734|06,2780,45,1,1,60,,-630,-1290,734,,630,1290,715
OS68|||Saiqal~d|36824|72139|701|08,2993,45,1,0,89.4,,-270,-1320,,,-240,1910;05,2502,45,1,0,59,,-330,-1450,,,840,860
OS71|||Minaq~d|65216|70415|492|10,1504,40,1,0,101,,130,-830,,,-130,820;04,1225,44,1,2,41,,-260,-850,,,570,50
OS72|||Tiyas~d|45226|76299|550|09,3206,46,1,1,89,,-20,-1740,,94,10,1750;09R,3083,52,6,0,89.5,,-100,-1670,,,-70,1680;17,2691,55,6,0,176.4,,350,-2320,,,-2070,-2140
#TR|L
LTAI|1|AYT|Antalya~3|68987|8005|54|18C,3400,45,2,1,186,,1680,-580,54,,-1360,-990,54;18L,3400,45,2,1,186,,1270,1090,54,,-1780,670,48;18R,2990,45,1,1,186,,1700,-810,52,,-970,-1180,54
LTAJ|1|GZT|Gaziantep Oğuzeli~3|69472|74787|706|10L,3000,48,1,1,105,,390,-1440,706,130,-260,1590,668;10R,3000,30,2,3,105,,290,-1720,704,100,-410,1540,675
LTAN|1|KYA|Konya~1|79790|25619|1034|01L,3350,45,1,1,17,,-1389,-776,1026,,1501,321,1034;01R,3350,45,1,1,17,,-1440,-560,1022,,1440,550,1031
LTAU|1|ASR|Kayseri Erkilet~3|87704|54954|1056|07,3000,44,2,1,76,,-320,-1670,1051,,320,1680,1056
LTAZ|1|NAV|Nevşehir Kapadokya~1|87719|45345|945|11,3000,45,2,1,117,,610,-1520,939,,-620,1530,945
LTBY|1|AOE|Hasan Polatkan~1|98116|5193|789|09,2518,30,1,1,93,,-110,-1460,790,,-220,1480,786
LTCS|1|GNY|Şanlıurfa GAP~1|74457|88956|825|04,4000,45,1,1,36,,-1103,-1227,,,1580,1790
LTDB|1|COV|Çukurova~3|68915|50712|11|03L,3500,60,2,1,,,,,8,,,,11;03R,3500,60,2,1,,,,,8,,,,11
#TR|M
LTAD|1|ANK|Etimesgut~d|99498|26886|809|11L,2757,42,1,1,113,,710,-1740,805,150,-230,1060,809;11R,1509,45,1,2,113,,120,-670,808,,-430,950,809
LTAG|1|UAB|İncirlik~d|70021|54259|73|05,3048,45,2,1,52.9,,-840,-1370,53,,820,1360,73
LTAH|1|AFY|Afyon~d|87264|6011|1009|13L,3660,45,2,1,133,,1090,-1330,1009,,-1190,1730,995;13R,3000,45,2,1,134,,990,-1450,1009,,-880,1050,996
LTAR|1|VAS|Sivas Nuri Demirağ~1|98138|69035|1597|01,3811,45,2,1,18,,-1630,-680,1596,,1640,680,1579
LTAT|1|MLX|Malatya Erhaç~1|84353|80910|862|03,3350,45,1,1,31,,-1280,-1000,862,,1290,1000,840
LTAV|1||Sivrihisar~1|94515|13653|971|11,3400,30,1,1,113,,600,-1840,965,,-610,1790,971
LTBI|1|ESK|Eskişehir~d|97841|5821|787|08,3050,46,1,1,90,,0,-1800,787,,20,1760,783
LTBN|1||Kütahya~1|94267|169|922|16,1509,40,1,1,159,,630,-320,921,,-630,320,922
LTBZ|1|KZR|Zafer~1|91111|1304|1014|13,3000,45,2,0,,,925,-1324,1013,,-854,1287,1013
LTCA|1|EZS|Elazığ~1|85980|92835|892|07,3000,45,2,1,71,,-360,-1874,892,,289,1468,881;13,3000,45,1,2
LTCD|1|ERC|Erzincan~1|97102|95270|1153|10,3000,45,2,1,111,,560,-1640,1153,,-400,1640,1146;13,1768,42,2,2,127.1,,500,-2010,,,-470,-340
LTCN|1|KCM|Kahramanmaraş~1|75388|69535|525|08,2300,30,1,1,76,,-240,-1270,493,,280,1250,525,300
LTCP|1|ADF|Adıyaman~1|77314|84689|675|04,2485,45,2,1,49,,-740,-1070,670,,730,1080,673
LTDA|1|HTY|Hatay~1|63608|62856|82|04,2082,45,2,1,42,,-830,-940,81,,1150,1320,81
LTFC|1|ISE|Süleyman Demirel~3|78554|3684|864|05,3000,45,2,1,49.6,,-880,-1300,862,,880,1300,864
LTFG|1|GZP|Gazipaşa-Alanya~1|62988|22970|28|08,2350,45,2,0,77,,-97,-850,,,170,1350
TR-0004|||Temelli~d|97389|23786|749
#TR|S
LTAB|1||Güvercinlik~1|99350|27408|819|06,2014,30,1,1,60,,-440,-1140,817,,360,980,820;09,870,30,1,2,90,,380,-100,,,380,930
LTAF|1|ADA|Adana Şakirpaşa~1|69822|52804|20|05,2750,45,1,1,54,,-740,-1240,16,,730,1240,20
LTAO|1||Malatya Tulga~1|83537|82539|919|04L,2400,45,1,1,47,,-706,-988,915,,709,961,916;04R,2200,30,1,0,47,127,-784,-780,,,538,1042;H,25,25,1,1,,,354,303
LTBM|1||Isparta~1|77874|5883|991|14,1001,29,1,0,148,,180,-950,,,-580,-350
TR-0295|||Sivrihisar Aviation Center S.H.M.|93025|14983|850|05,1810,32,1,1,51,,-464,-752,,,529,850
