#AF|M
OAJL|1|JAA|Jalalabad~1|43998|4986|553|13,2213,45,1,1,131,,660,-900,553,,-660,900,551
#AF|S
OADZ|1|DAZ|Darwaz~1|84618|8816|1600
OAEM|1||Ishkashim~1|67127|16126|2566|14,896,,1,0
OAFZ|1|FBD|Fayzabad~1|71221|5201|1180|18,1844,,13,0
OAHN|1|KWH|Khwahan~1|78900|2038|1095
OALP|||Little Pamir~1|72444|42519|4066|07,1176,22,6,0
OAQM|1||Koran va Monjan~1|60171|7609|2566
OARZ|1|KUR|Razer~1|60299|7142
OASN|1|SGA|Sheghnan~1|74976|15085|2042
OAYW|1||Yawan~1|75636|4445|1721
#CN|L
ZWSH|1|KHG|Kashgar Laining~3|95423|60202|1380|08,3200,41,2,1,85.9,,-40,-1880,1379,,160,1830,1371
#CN|M
CN-0237|ZWTK|HQL|Tashikuergan Hongqilafu~1|76613|52889|3200|,3800,45,0,0
ZWSC|1|QSZ|Shache~1|82454|70561|1290|15,3000,45,0,0
ZWTN|1|HTN|Hotan~1|70385|98649|1424|11,3200,50,2,1,110,,500,-1670,1406,,-500,1670,1424
#CN|S
TWC|ZWTS|TWC|Tumxuk Tangwangcheng~1|98867|92334|1087|02,2600,45,2,1
#IN|L
VIAR|1|ATQ|Sri Guru Ram Das Ji~3|17096|47973|230|16,3658,45,1,1,158,,1370,-670,231,,-1370,660,229,213
VICG|1|IXC|Shaheed Bhagat Singh~3|6735|67885|308|11,3800,45,1,1,114,,500,-1300,,,-510,1310,,600
VIHX|1|HWR|Halwara~3|7485|56298|241|13,3050,45,1,1,131,,820,-1080,,,-810,1080
VISR|1|SXR|Srinagar~3|39871|47742|1655|13,3685,46,1,1,136,,1190,-1350,1654,,-1180,1360,1675
#IN|M
VIAM|||Ambala Air Force Station|3681|68167|277|12L,2811,46,1,1,122,,1020,-1440,,,-310,1050;12R,2424,46,1,3,122,,230,-890,,90,-920,1260,,230
VIBR|1|KUU|Kullu Manali~1|18767|71544|1089|16,1125,30,1,1,158.8,,470,-220,1089,82,-470,210,1081
VIBT|1|BUP|Bhatinda Air Force Station|2701|47558|202|13,2804,46,1,1,130.7,,830,-1110,,,-820,1100
VIDN|1|DED|Dehradun Jolly Grant~1|1892|81767|558|08,2134,46,1,1,79.7,,-40,-220,540,,140,930,558
VIGG|1|DHM|Kangra~1|21649|62630|770|15,1408,30,1,0,147.5,,560,-360,770,,-510,440,753,451
VIJU|1|IXJ|Jammu~1|26888|48382|304|18,2042,45,1,1,177,,960,-140,291,61,-890,-20,290
VILD|1|LUH|Ludhiana~1|8547|59526|254|12,1463,30,1,0,119,,320,-670,254,56,-320,670,254,69
VILH|1|IXL|Leh Kushok Bakula Rimpochee~1|41359|75465|3256|07L,2755,46,1,1,68.5,,-460,-1390,,,450,1390,,287;06,152,26,1,2,59,,-910,1010,,,-850,1130;07,152,18,1,2,72,,-710,-870,,,-680,-730
VIPK|1|IXP|Pathankot~1|22336|56344|310|01,2734,46,1,1,9.2,,-1210,-210,,,1220,250
VIUX|||Udhampur Air Force Station|29022|51557|630|18,2743,45,1,0,178.8,,1240,20,,,-1240,80
#IN|S
IN-RJI||RJI|Rajouri~1|33779|43152|914
VI57|||Thoise~1|46526|73758|3062|10,3048,44,1,0,107,,400,-1600,,,-400,1590
VI65|||Kargil~1|45243|61559|2927|02,1830,32,1,0,22,,-770,-370,,,760,380
VI66|||Fukche Advanced Landing Ground|29374|92132|4176|13,2744,50,5,0,137,,910,-1000,,,-910,1000
VI71|||Pinjore Airfield and Flying Club|8246|68837|518|16,935,24,0,0,156,,60,610,,,-710,1000
VI82|||Maa Ganga Airport Uttarkashi|5826|83232|909|16,1001,23,1,0,157.8,,450,-180,,,-390,210
VI88|||Beas~1|15600|53413|226|16,1222,32,1,0,160.5,,520,-210,,,-520,220
VIAW|||Awantipura Air Force Station|38766|49757|1644|12,3200,46,1,1,124,,810,-1440,,,-800,1430
VIAX|1|AIP|Adampur~1|14338|57588|236|13,2755,45,1,1,133,,840,-1060,,,-850,1060
VIPL|||Patiala~1|3148|63645|250|15,1167,46,1,0,149,,450,-320,,91,-440,310
VISM|1|SLV|Shimla~1|10818|70680|1546|14,1230,23,1,0,146.1,,460,-360,1546,,-460,360,1546
#PK|L
OPFA|1|LYP|Faisalabad~3|13649|29953|180|03R,2842,46,1,1,36,,-996,-858,179,,1071,908,180;03L,2743,30,2,1,,,-883,-881,180,,1112,823,180
OPIS|1|ISB|Islamabad~3|35490|28257|537|10L,3658,45,1,1,101,,400,-1910,529,,-200,1950,533;10R,3658,60,1,1,100,,217,-1956,528,,-388,1913,532
OPLA|1|LHE|Allama Iqbal~3|15216|44036|217|18L,3360,46,2,1,181,,1500,120,217,,-1510,70,215;18R,2743,46,1,1,181,,1230,-80,216,,-1240,-120,215
OPMT|1|MUX|Multan~3|2032|14191|123|18,3765,45,1,1,183,,1660,110,109,280,-1220,-80,123,285
OPPS|1|PEW|Bacha Khan~3|39939|15146|353|17,2743,46,1,1,175.9,,1210,-110,357,,-1250,110,369
OPSD|1|KDU|Skardu~3|53387|55386|2230|14L,3656,31,1,1,153,,-30,-1180,2227,,-1610,-170,2230;14R,3656,46,1,1,147,,1460,-810,2212,,-1300,1370,2225
OPST|1|SKT|Sialkot~3|25359|43646|255|22L,3600,46,1,1
#PK|M
OPCH|1|CJL|Chitral~1|58862|17999|1500|02,1750,30,1,0,27,,-660,-380,1486,,740,510,1500
OPDI|1|DSK|Dera Ismael Khan Airport [IN-ACTIVE]|19094|8966|181|12,1524,23,1,0,118.8,,330,-700,181,,-330,700,180
OPGT|1|GIL|Gilgit~1|59188|43336|1462|07,1646,30,1,0,72,,-240,-860,1461,,230,870,1462;09,300,15,2,0,90,,-80,920,,,-70,1250,,20
OPMA|1|XJM|Mangla~1|30501|36384|275|14,1524,30,1,0,135.9,,490,-570,290,152,-490,570,288
OPMI|1|MWD|Mianwali~d|25631|15707|210|06L,3154,30,1,0,61.1,,-620,-1500,,,760,1440;06R,3097,48,1,1,61.1,,-740,-1410,,,600,1470
OPMS||ATG|Minhas~d|38691|24009|312|12,3033,50,1,0,121,,710,-1400,,,-710,1400
OPRN|||PAF Base Nur Khan (Benazir Bhutto International Airport)|36167|30992|508|12,3287,46,1,1,118.2,,710,-1600,506,270,-690,1530,505,270
OPRQ|||Rafiqui~d|7581|22825|150|15,3048,49,1,0,150,,1232,-677,,,-1153,884;15R,2932,30,1,0,150,,1097,-878,,,-1236,651
OPRS|||Risalpur~d|40811|19726|320|09R,2769,50,1,1,92,,-80,-1620,320,,-240,1370,320;09L,1780,50,1,0,92,,210,-840,320,,100,1090,320
OPRT|1|RAZ|Rawalakot~1|38497|37981|1670|01,902,23,1,0,13,,-400,-110,1645,,390,120,1670
OPSR|1|SGI|Mushaf~d|20486|26650|187
OPSS|1|SDT|Saidu Sharif~1|48136|23528|970|05,1751,46,1,0,52,,-490,-750,951,,480,750,951
#PK|S
OP11|||Mir Baz~1|11911|1835|716|10,827,30,6,0,100.2,,-90,-780,,,-220,80
OP14|||Belab~1|3400|5567|115|02,1497,15,1,0,23.7,,-620,-320,,,620,310
OP15|||Ouzkani~1|2508|2321|710|16,863,27,6,0,161.7,,300,280,,,-440,560
OP18|||Kot Addu~1|4949|9711|129|17,1038,24,1,0,173,,460,-70,,,-470,70
OP19|||Chashma~1|24245|14585|197|06,1067,15,1,0,60.8,,-240,-490,,,230,500
OP1Y|||Chandhar~1|20778|37902|189|05,2743,23,1,0,50,,-790,-1120,,,800,1110
OP21|||Vehari~1|914|21538|131|17,3134,45,1,0,168,,1380,-350,,,-1380,340
OP23|||Thal~1|33876|5888|808|02,1379,45,1,0,21,,-580,-270,,,580,260
OP24|||Mandi Bahauddin~d|26014|35084|229|02,885,25,6,0,27,,-360,-220,,,350,210
OP25|||Gurha Salim~1|28785|36053|244|12,923,10,5,0,125,,240,-400,,60,-240,400,,67
OP26|||Khewra~1|26291|30226|234|16,1083,12,1,0,163,,470,-170,,,-460,170
OP27|||Rahwali~1|22390|41310|227|05,1907,45,1,0,50.1,,-550,-780,,,550,770;15,708,26,6,2,150.1,,-570,-710,,,-1120,-330
OPBG||BHW|Bhagatanwala~1|20561|29484|183|07,2734,27,1,0,70,,-420,-1360,,,420,1360;16,1530,46,2,2,163,,710,-240,,,-610,240
OPCL|1|CHB|Chilas~1|54267|40817|1264
OPCT|1||Chirat~1|39686|19635|363
OPKT|1|OHT|Kohat~1|35700|14400|503
OPMF|1|MFG|Muzaffarabad~1|43388|35089|820|13,914,23,1,0,132,,290,-390,814,,-250,340,820
OPOK|||Okara Cantonment~6|7410|33577|173|18,3351,24,1,0,180.1,,1520,10,,,-1510,0
OPPC|1|PAJ|Parachinar~1|39021|716|1768|16,1219,,0,0,,,,,1764,,,,1716
OPQS|||Dhamial Army Airbase|35602|30332|482|14,2040,45,1,1,142.7,,730,-660,501,,-730,670,490
OPTA|1|TLB|Tarbela Dam~1|39861|26114|340
PK-BHC||BHC|Bhurban~2|39610|34520|1753
PK-GRT||GRT|Gujrat~1|26283|40673|232
#TJ|S
TJ-UT44|||Murghab~1|81904|40247|3646|07,2502,27,1,0,69.1,,-400,-1330,,,400,1340
UT1C|||Khorog~1|75022|15133|2042|16,1840,49,1,0,157.8,,760,-400,,,-760,380
#UZ|S
UZ-0153|UZSO||Sokh~1|99879|11249|1134
