#JP|L
RJAA|1|NRT|Narita~3|57686|3887|43|16R,4000,60,1,1,150,,580,-2070,40,,-2530,231,42,750;16L,2500,60,1,1,150,,3410,-870,41,58,1720,330,43,58
RJAH|1|IBR|Ibaraki~1|61815|4144|32|03L,2700,46,1,1;03R,2700,46,2,1,20,,-1190,-440,32,,1100,661,32
RJSS|1|SDJ|Sendai~1|81397|9170|5|09,3000,46,1,1,82.5,,-90,-1800,3,,260,1600,5;12,1201,46,1,1,117.7,,-20,-201,2,,-530,1000,2
#JP|M
RJSC|1|GAJ|Yamagata~1|84119|3710|108|01,1999,46,1,1,6.6,,-900,-100,106,,890,200,108
RJSF|1|FKS|Fukushima~1|72274|4310|372|01,2500,60,1,1,2.2,,-1120,-400,366,,1130,-200,369
RJSI|1|HNA|Iwate Hanamaki~1|94286|11350|91|02,2500,45,1,1,11,,-1090,-200,86,,1120,300,91
RJSK|1|AXT|Akita~1|96156|2190|95|10,2499,61,1,1,96.6,,130,-1501,88,,-130,1400,96
RJST|||JASDF Matsushima~d|84049|12200|2|07,2701,46,2,1,57.9,,-970,-2200,2,,320,501,2;15,1500,46,2,0,139.8,,880,-999,2,,-150,99,2
RJTL|||JMSDF Shimofusa~d|57989|110|30|01,2249,46,2,1,359,,-1010,99,30,,1020,99,30
#JP|S
JP-0092|||Otone~9|58594|2412|2|07,600,18,1,0
JP-0093|||Ryugasaki~9|59063|2422||08,800,,1,0
