#KG|L
UAFM|UCFM|BSZ|Manas~3|30613|44776|627|07,4200,55,2,1,80,,-330,-2540,637,,330,2540,626
UAFO|UCFO|OSS|Osh~3|6090|27933|892|12,3212,45,1,1,125,,684,-1265,869,201,-894,1629,892
UCFL|1|IKU|Issyk-Kul~3|25856|67012|1654|07,3800,45,1,1,74,,-60,50,1654,,440,2380,1653
#KG|M
KG-0001|UCFD||Jalal-Abad~1|9444|29778|790|01,1740,35,2,0
UA30|UCFB||Batken~1|429|8378|1098|14,1800,35,1,0,143.8,,650,-610,,,-690,670
UAFP|UCFK|IKG|Karakol~3|25081|84078|1704|10,2500,45,1,1
UAFW|||Kant~d|28532|48465|777|11,2700,50,2,0,114.6,,520,-1540,767,,-480,1450,777
#KG|S
KG-0002|UCFN||Naryn~1|14415|61306|2133|08/00,2145,40,2,0
KG-0004|UAFT||Talas~1|25059|22631|1266|10/26,1700,35,2,0
KG-0006|UAFA||Tamga~1|21531|75639|1724|18,850,175,1,0
KG-0007|UAFF||Tokmok~1|28289|53360|844
KG-0014|UAFE||Kerben~1|14845|17337|1280|04,1740,35,0,0
KG-0018|UAFS||Kyzyl-Kiya~1|2717|20471|892|11,1600,35,2,0
UAFZ|1||Kazarman~1|14103|40444|1310
#KZ|L
UAAA|1|ALA|Almaty~3|33543|70428|681|05L,4500,45,1,1,,,-700,-1760,677,,1580,2830,677;05R,4400,45,1,1,56,,-1306,-2534,678,,918,1955,681
UADD|1|DMB|Taraz~3|28536|13036|666|13,2900,45,1,1,137,,950,-1200,655,,-960,1220,665,220
UAKK|1|KGF|Sary-Arka~1|96708|33344|538|05,3301,60,2,1,58.4,,-780,-1930,538,,780,1960,534
#KZ|M
UAAH|1|BXH|Balkhash~1|68942|50045|441|05,2502,40,2,1,52.5,,-690,-1280,421,,690,1330,440
UAAT|1|TDK|Taldykorgan~1|51225|84428|587|02,3001,50,2,1,,,-1200,-842,590,,1222,839,590
#KZ|S
HRC||HRC|Sary Su~1|83974|1915|398
UA36|||Lugovoy~1|29726|27281|649|08L,3000,45,2,0,88,,140,-2170,,,240,1510;08,2501,48,2,0,88.1,,-20,-1550,,,60,1520
UAAR|1|BXJ|Boralday~1|33521|68830|705
#TJ|S
UT1A|||Isfara~1|1215|6672|858|08,2903,44,1,0,80,,-310,-2470,,,150,890
#UZ|L
UTFN|UZFN|NMA|Namangan~3|9846|15578|474|10,3261,49,1,0,108,,450,-1950,,,-450,1740
#UZ|M
UTKA|UZFA|AZN|Andijan~3|7277|22940|462|04,2978,38,2,0,46,,-930,-1260,,,940,1260
UTKF|UZFF|FEG|Fergana~3|3588|17450|604|18,2860,50,1,0,184,,1310,110,,,-1320,-110
#UZ|S
UTKK|UZKK|OQN|Kokand~1|4478|9911|414
