#AL|L
LATI|1|TIA|Tirana International Airport Mother Teresa|14147|97206|38|17,3000,45,1,1,174,,1230,-170,33,,-1220,160,38
#AL|M
LAKV|1||Kuçovë~d|7719|99019|41|14,2840,67,2,1,137,,950,-1130,,61,-950,1120
#AT|H
AT-0001|LOAL||Pöchlarn-Wörth~2|82144|52556|216
AT-0007|LOLY||Ybbsitz ÖAMTC~2|79691|49394|610
AT-0015|LOJW||Lech / Zürs~2|71842|1572|1634
AT-0035|LOAC||Kittsee~2|80932|70659|136
AT-0036|LOAO||Oberpullendorf~c|75077|65117|277
AT-0038|LOKB||Bad Kleinkircheim~2|68119|37839|1036
AT-0039|LOKD||Föderlach~2|66030|39471|493
AT-0040|LOKI||Wietersdorf~2|68478|45369|631
AT-0041|LOKK||Hallegg Castle HLS|66477|42441|455
AT-0042|LOKP||Friesach Hospital Helistop|69468|44101|644
AT-0043|LOKS||St. Andrä Im Lavanttal~2|67595|48242|431
AT-0044|LOKT||Villach Hospital Helipad|66149|38551|528
AT-0045|LOKU||Carinthia University Hospital Rooftop Helipad 2|66179|42955|459
AT-0046|LOKV||Febau~2|66611|46158|478
AT-0047|LOKZ||Zwatzhof~2|69751|42738|762
AT-0048|LOMP||Patergassen~2|68194|38570|1090
AT-0049|LOMW||Wolfsberg Hospital Helistop|68325|48480|480
AT-0050|LOAE||Eisenstadt~2|78468|65134|228
AT-0051|LOAF||Baden Hospital Helipad|80006|62558|223
AT-0052|LOAH||Horn~c|86692|56607|308
AT-0053|LOAK||Krems University Hospital Helipad|84128|56152|197
AT-0054|LOAQ||Amstetten~c|81267|48809|289
AT-0055|LOAW||Wiener Neustadt ÖAMTC~2|78451|62516|274
AT-0057|LOAY||Kilb~2|80861|54284|423
AT-0058|LOAZ||Zwettl~c|85997|51637|579
AT-0059|LOKO||Goldeck Talstation~2|67930|34832|537
AT-0060|LOSJ||St. Johann Im Pongau~2|73941|32215|550
AT-0061|LOSL||Salzburg Mülln Hospital Helistop|78058|30276|443
AT-0062|LOSS||Kardinal Schwarzenberg Hospital Helipad|73218|31544|624
AT-0064|LOGJ||Judenburg~c|71657|46547|746
AT-0065|LOIL||Zams ÖAMTC~2|71762|6119|766
AT-0066|LOIN||Tyrol State Fire Brigade School~2|73086|10505|739
AT-0067|LOIO||Sölden~2|69466|10185|1520
AT-0068|LOIP||Ischgl Idalp~2|69804|3159|2293
AT-0069|LOIS||Swarovski~2|72946|16001|554
AT-0070|LOIU||Innsbruck University Hospital Helistop|72610|13847|627
AT-0071|LOIV||Sankt Vinzenz Hospital Helistop|71613|5939|800
AT-0072|LOIW||Waidring~2|75853|25926|760
AT-0073|LOIZ||Schwaz Hospital Helistop|73439|17047|557
AT-0074|LOJK||Kaltenbach~2|72849|18801|546
AT-0075|LOJM||Mayrhofen~2|71776|18671|610
AT-0076|LOJO||Innsbruck Air Rescue Center ÖAMTC~2|72550|13455|609
AT-0077|LOJP||Karres~2|72190|7688|772
AT-0078|LOJZ||Zugspitzarena~2|74194|9266|1117
AT-0079|LOKC||Glock~2|65225|42974|469
AT-0080|LOKX||Waiern~c|67341|40871|614
AT-0086|LOAJ||Wien-Aspern ÖAMTC~2|82222|65127|157
AT-0087|LOAM||Wien-Meidling~2|81737|63226|225
AT-0088|LOBA||Vienna University~c|82214|63462|210
LOAI|1||Wiener Neustadt~c|78159|62471
LOAP|1||Waidhofen an der Ybbs Hospital Helipad|79527|47880|390
LOGX|1||Rottenmann Hospital Helistop|75250|43671|699
LOIB|1||Hörlahof~2|74669|23678|833
LOIC|1|ANT|Sankt Anton am Arlberg~2|71196|2405|1442
LOID|1||Kufstein Hospital Helistop|75712|21495|507
LOIE|1||Reutte~2|74730|7117|860
LOII|1||Hall in Tirol Hospital Helistop|72828|15157|575
LOIM|1||Langkampfen - Au~2|75658|21355|495|H1,15,15,1,0,,,4,-2
LOIT|1||Sankt Johann in Tirol~c|75209|24297|661
LOJC|1||Reith bei Kitzbühel ÖAMTC~2|74889|23651|840
LOJI|1||Medalp Imst~2|72134|7002|726
LOJR|1||Mittelberg~2|73579|1755|1113
LOJT|1||Hat Tux~2|71335|17039|1370
LOKA|1||Klagenfurt Clinic~2|66345|43056|444
LOKJ|1||Lienz~c|68350|27647|687
LOKQ|1||Lienz-Nikolsdorf ÖAMTC~2|67997|28768|639
LOLD|1||Suben ÖAMTC~2|84008|34498|338
LOMM|1||Matrei in Osttirol~2|69921|25420|931
LOMN|1||Sonnenalpe Naßfeld~2|65690|32740|1434
LOMR|1||RK-1~2|67409|36648|871
LOMU|1||ÖAMTC / Klagenfurt~2|66457|43337|449
LOSU|1||Salzburg Trauma Hospital Helistop|77996|30565|451
#AT|L
LOWG|1|GRZ|Graz~1|69911|54396|340|16C,3000,45,1,1,164,,1320,-360,340,260,-1330,370,332;16R,760,25,4,0,169,,430,-450,339,150,-240,-270,336,150;16L,640,30,4,0,169,,-50,300,333,,-610,450,337
LOWI|1|INN|Innsbruck~1|72602|13440|581|08,2000,45,1,1,81,,-140,-1310,581,103,140,1300,577;08G/28G,350,47,4,0,,,114,-650,,,163,-195
LOWK|1|KLU|Klagenfurt~1|66425|43377|449|10L,2720,45,2,1,106,,340,-1700,448,200,-340,1710,440;10R,740,27,4,0,106,,160,-1750,448,60,-20,-860,446,60
LOWL|1|LNZ|Linz-Hörsching~1|82354|41881|299|08,3000,60,1,1,87,,-290,-2070,298,250,-150,1960,294,150;08E/26E,660,45,4,0,87,,-10,-430,296,,20,450,295
LOWS|1|SZG|Salzburg~1|77933|30043|430|15,2750,45,2,1,157,,1233,-811,430,298,-1124,679,430,240
LOWW|1|VIE|Vienna~3|81103|65697|183|16,3600,45,1,1,164,,950,850,182,,-2170,2160,179;11,3500,45,1,1,116,,1250,-3630,175,,-130,590,183
#AT|M
LOAN|1||Wiener Neustadt East~1|78433|62601|273|09,1067,23,1,1,97,,60,-700,273,,-50,710,267
LOXN|1||Wiener Neustadt West~1|78369|62218|285|18L,1620,45,4,0,,,820,216,283,,-637,202,283,500;04,1499,45,4,0,40;14L,939,30,4,0,180;14R,939,30,4,0,140;18R,869,30,4,0,180;09,839,30,4,0,90
LOXZ|1||Hinterstoisser~d|72028|47442|690|08R,2750,60,1,1,81,,-210,-1770,677,150,200,1780,677,150;08L,1410,40,4,0,80.9,,100,-390,,,260,1050,,100
#AT|S
AT-0093|||Spannberg~6|84505|67491|208|16,549,14,4,0,160,,-50,-910,204,0,-50,-910,211,30
LOAA|1||Ottenschlag~9|84186|52153|874|03,516,25,4,0,,,-220,-160,,,170,190
LOAB|1||Dobersberg~9|89221|52968|524|12,865,18,2,0;12G/30G,590,30,4,0,,,140,-440,,,-110,270
LOAD|1||Völtendorf~9|81601|55868|324|07,501,25,4,0,,,-40,-240,,,70,410,,65
LOAG|1||Krems/Langenlois~9|84462|56350|310|10,904,18,1,0,,,120,-560,,120,-70,400,,100
LOAR|1||Altlichtenwarth Gliderfield|86661|68250|184|04,500,25,0,0
LOAS|1||Spitzerberg~9|80992|69335|190|15,700,25,4,0,,,210,-220,,115,-320,290,,65
LOAU|1||Stockerau~9|84091|61910|209|07,800,18,1,0,,,-90,-500,209,,100,560,209,180
LOAV|1||Vöslau-Kottingbrunn~9|79650|62600|233|13R,950,23,1,1,,,240,-370,233,,-270,500,233;08,920,30,4,2,,,-430,-840,233,,-340,390,233;31R,650,25,4,0,306
LOGF|1||Fürstenfeld~9|70619|60839|253|13,700,18,1,0,,,190,-340,,45,-170,400;13G/31G,250,30,4,0,,,80,-40,,,-60,230
LOGG|1||Punitz-Güssing~9|71467|63171|290|14,800,18,1,0,,,340,-280,290,,-300,300,290
LOGI|||Trieben~9|74934|44956|696|11,785,18,1,0,,,140,-420,696,150,-150,510,696,150
LOGK|1||Kapfenberg~9|74575|53311|524|07,600,30,4,0,,,-100,-380,,,110,350
LOGL|1||Lanzen-Turnau~9|75562|53203|785|07,700,30,4,0,,,-70,-270,,30,120,620,,30
LOGM|1||Mariazell~9|77897|53003|860|15,500,18,1,0,,,190,-150,,,-230,230
LOGO|1||Niederöblarn~9|74787|40071|653|03,730,30,1,0,,,-250,-240,,,280,320
LOGP|1||Pinkafeld~9|73867|61127|408|15,630,30,4,0,,,260,-220,,,-240,260
LOGT|1||Leoben/Timmersdorf~9|73796|49640|628|11,625,30,4,0,,,130,-350,,,-120,420
LOGW|1||Weiz-Unterfladnitz~9|71703|56645|395|18,440,30,4,0,,,150,10,,,-240,0
LOIJ|1||Sankt Johann~9|75201|24497|670|13,750,18,1,0,,,246,-404,664,,-201,337,670,30;13G/31G,200,30,4,0,,,-67,60,,,-188,262
LOIK|1||Kufstein-Langkampfen~9|75647|21276|484|06,800,30,4,0,,,-217,-470,484,100,198,395,484,346
LOIR|1||Reutte-Höfen~9|74709|6913|855|04,679,18,1,0,45,,-190,-270,856,,200,300,856,58
LOKF|1||Feldkirchen~9|67089|40767|520|02,700,30,4,0,,,-270,-170,,,210,130
LOKG|1||Ferlach-Glainach~9|65328|43308|457|04,618,25,4,0,,,-210,-270,,,200,290
LOKH|1||Friesach/Hirt~9|69275|44318|615|17,707,30,4,0,172,,340,-40,,207,-300,90
LOKL|1||Lienz-Nikolsdorf~9|67981|28783|638|12,500,18,1,0,124,,125,-270,638,,-127,270,638
LOKM|1||Mayerhofen~9|69750|43712|646|08,400,25,4,0,,,-10,-200,,,50,310
LOKN|1||Nötsch im Gailtal~9|65811|36292|549|09,710,25,4,0,,,-70,-410,,,-60,520
LOKR|1||Sankt Donat / Mairist~9|67431|44131|536|06,400,25,4,0,64,,-62,-203,534,,97,270,534
LOKW|1||Wolfsberg~9|68182|48252|445|01,740,30,4,0,,,-370,-50,,,240,30
LOLC|1||Scharnstein~9|78986|39394|531|05,592,30,4,0,,,-260,-400,,,120,230
LOLE|1||Eferding~9|83388|39852|270|15,425,30,4,0,,,190,-110,,,-130,150
LOLF|1||Freistadt~9|85137|44066|682|11,400,25,4,0,,,60,-310,,,-50,380
LOLG|1||Sankt Georgen-Ybbsfeld~9|81033|49511|252|03,480,25,1,0,,,-181,-221,252,,150,191,252
LOLH|1||Hofkirchen~9|81391|43358|358|08,450,25,1,0,,,-10,-280,,,40,320
LOLK|1||Ried-Kirchheim~9|82123|33457|420|12,743,18,1,0,,,150,-390,,,-80,310
LOLM|1||Micheldorf~9|78717|41251|460|13,465,30,4,0,138,,80,-270,460,,-180,230,460
LOLO|1||Linz-East Glider~a|83000|43336|252|15,940,30,4,0,,,290,-150,252,400,-490,320,252,340
LOLS|1||Schärding-Suben~9|84033|34483|326|14,800,23,1,0,,,220,-320,326,,-300,390,326
LOLT|1||Flugplatz Seitenstetten|80506|46619|320|10,830,25,4,0,,,40,-430,320,130,-40,670,320
LOLU|1||Gmunden-Laakirchen~9|79515|38673|509|08,550,18,1,0,,,-60,-330,,,60,400,,50
LOLW|1||Wels~9|81825|40393|318|08L,1390,30,1,1,84,,60,-780,318,99,90,1090,315,71;08C,930,50,4,0,84,,-60,-530,318,,-50,710,318;08R,900,45,4,0,84,269,-200,-460,318,,-190,700,318
LOSM|1||Mauterndorf~9|71320|36959|1110|07,820,25,4,0,,,-130,-480,1110,120,120,540,1110,120
LOWZ|1||Zell am See~9|72915|27906|753|07,780,18,1,0,70,,-80,-471,753,120,92,530,753,120;07R,300,50,4,0,70,,-153,61,753,,-86,444,734
LOXA|1||Fiala-Fernbrugg~d|75357|41415|638|06,925,40,4,0,,,-190,-591,,,174,518,,200
LOXT|1||Brumowski~d|83192|61140|175|08,1400,60,1,0
#BA|L
LQBK|1|BNX|Banja Luka~3|49414|72975|122|16,2500,45,1,1,170,,1100,-290,115,,-1100,290,122
LQMO|1|OMO|Mostar~3|32825|78461|48|15,2400,48,1,1,158,,1040,-580,47,,-950,530,42
LQSA|1|SJJ|Sarajevo~3|38246|83315|521|11,2641,46,1,1,117,,540,-1440,501,101,-540,1440,515,508
LQTZ|1|TZL|Tuzla~3|44599|87236|239|09,2485,45,1,1,96,,-10,-1430,233,,-240,1670,237
#BA|S
BA-0001|LQCG||Ciljuge Sport~9|44361|86865|221
BA-0002|LQBZ||Banja Luka Zalužani~9|48482|72228
BA-0003|||Brčko-Brod~9|48462|87619|103|01,582,10,1,0,10,,-242,-96,103,38,238,88,103,30
LQBI|1||Bihać Golubić~9|47971|59045|232|12,1097,76,4,0,121,,249,-583,227,,-243,569,226
LQJL|1||Tuzla Jegin Lug Sport~9|44578|88081|265|05,1201,90,4,0,,,,,269,,,,269
LQLV|1||Livno Brda Bosni~9|37911|68933|716
LQPD|1||Prijedor Urije~9|49940|67355|180
LQVI|1||Visoko Kenan Jusufbasic~9|40251|80971|448|09,720,30,4,0
#CZ|L
LKCS|1|JCL|České Budějovice South Bohemian~1|89482|44283|432|09,2500,80,2,0,90,,-180,-1790,432,,-180,1620,422,301
LKMT|1|OSR|Leoš Janáček Airport Ostrava|96963|81111|257|04,3500,63,2,1,46.1,,-1100,-1790,257,,1080,1730,246
#CZ|M
LKCV|1||Čáslav~d|99397|53818|242|13,2400,60,2,1,137,,790,-1130,231,,-800,1140,240;12,1309,40,4,0,,,360,-690,237,,-500,550,237
LKKU|1|UHE|Kunovice~1|90294|74397|177|02C,2000,30,2,1,25,,-810,-570,175,,810,600,177;02R,1690,60,4,0,25,,-830,-510,174,,540,480,177;02L,1480,80,4,0,25,,-770,-710,174,,430,160,177
LKLN|1||Plzeň-Líně~1|96752|32746|362|06,1450,60,2,0,56.4,,-340,-860,358,,340,860,362
LKNA|1||Náměšť~d|91663|61240|472|12,2400,45,2,1,129,,675,-1235,472,,-693,1311,456
LKPO|1|PRV|Přerov~d|94258|74047|206|06,2476,60,2,1,66,,-440,-1540,202,,460,1580,205
LKTB|1|BRQ|Brno-Tuřany~1|91513|66940|237|09,2650,60,2,1,94,,160,-1810,233,,-150,1790,235;08,800,30,4,0,94,,0,-831,,,-92,252
#CZ|S
CZ-0058|||Částkovice~9|94093|51437|587|10,500,15,0,0
CZ-0059|||Chabeřice Private ULM~6|97476|50642||11,470,,4,0
CZ-0064|||Kramolín UL|89150|47264|503|09,455,15,0,0
CZ-0065|||Jiřičky UL|95522|51556|513|16,600,35,4,0
CZ-0066|||Kaplice UL|87186|44506|640|09,450,20,4,0
CZ-0067|||Frymburk ULM|86986|41975|798|06,465,35,4,0
CZ-0073|||Bořitov ULM|94355|65930|380|02,850,20,0,0
CZ-0074|||Miroslav Aircon ULM|89317|63397|218|12,705,35,0,0
CZ-0095|||Doudleby~6|88850|44864|470|07,500,25,0,0
CZ-0101|||Dětřichov Oáza ULM|97292|71181|229|14,570,25,0,0
CZ-0102|||Záhoří|94664|76653|317|06,450,25,0,0
CZ-0104|||Plešnice~9|97722|31622|408|09G/27G,800,20,4,0;09,520,15,1,0
CZ-0105|||Rohozec~9|99819|53928|207|05,590,20,0,0
CZ-0156|||Moravský Beroun|97861|74861|676|08,411,,0,0
CZ-0161|LKLU||Luhačovice~9|90882|77188
CZ-0163|||Excalibur City~9|87616|60554|237|12,823,61,0,0
CZ-0192|||Choceň~6|99773|61849|266|15,622,20,0,0,,,230,-203,,,-253,241
CZ-0194|||Písek UL~6|93394|41139|412|16,580,15,1,0
LKBA|1||Břeclav~9|87904|68925|162|08,740,110,0,0,80,,-30,-500,,,90,500
LKBE|1||Benešov~9|97408|46447|402|09R,750,18,4,0,,,-144,-530,397,,-119,513,397;09L,750,40,4,0,87,,-116,-532,397,,-90,512,397;06,720,60,4,1,60,,-53,-450,397,,260,447,397
LKBO|1||Bohuňovice~9|96706|72950|235|07,830,18,0,0,74,,-90,-570,236,,70,570,236
LKBU|1||Bubovice~9|99744|41781|427|10L,730,30,4,0,102,,110,-510,,,-30,470;10R,730,23,4,0,102,,70,-520,422,,-70,470,426
LKCM|1||Medlánky~9|92367|65550|260|16,890,74,0,0,155,,380,-270,282,,-350,310,258
LKCR|1||Chrudim~9|99364|57806|299|06,980,26,0,0,60,,-290,-670,,,110,560
LKCT|1||Chotěboř~9|96858|56761|594|17,1010,50,0,0,165,,440,-160,,,-450,160
LKER|1||Erpužice~9|98028|30381|479|11,860,40,0,0,108,,92,-588,480,,-117,563,476;11R,860,,0,2,,,,,480,,,,476
LKFR|1||Frýdlant~9|95894|83792|439|08,800,65,4,0,84,,-50,-520,416,,90,520,439
LKHB|1||Havlíčkův Brod~9|95972|55492|463|11,1000,50,4,0,111,,194,-638,,,-92,380
LKHN|1||Hranice~9|95461|77044|243|05,735,150,4,0,54,,-201,-417,,,185,427
LKHS|1||Hosín~9|90400|44950|494|06R,999,50,4,0,58,,-286,-441,494,,116,495,484;06L,799,24,1,0,58,,-201,-460,494,,196,456,485;12,518,107,4,2,,,168,-1315,,,-101,-434
LKHV|1||Hořovice~9|98481|38935|370|06,1170,30,1,0,66,,-382,-1285,370,770,352,1252,370,61
LKJH|1||Jindřichův Hradec~9|91507|49724|508|07R,767,22,4,0,69,,-161,-533,,,74,460;07L,686,21,1,0,69,,-103,-526,,6,108,365,,102
LKJI|1||Jihlava~9|94194|56353|555|10,920,160,4,0,102,,87,-619,554,,-98,635,555
LKKA|1||Křižanov~9|93683|61161|558|13,702,100,4,0,134,,228,-341,551,,-201,348,559
LKKM|1||Kroměříž~9|92856|74158|189|02,770,30,0,0,19,,-301,-250,188,125,339,162,188,174
LKKT|1||Klatovy Josef Hubáč~9|94183|33219|396|09L,820,75,0,0,87,,-13,-559,,,20,559;09R,820,25,0,0,87,,-51,-563,,,-26,562
LKKY|1||Kyjov~9|89800|71247|210|15,1006,122,4,0,146,,393,-370,,,-376,363
LKMK|1||Moravská Třebová~9|97983|66878|403|08R,720,60,4,0,78,,-75,-482,,,35,493;08L,714,23,1,0,78,,-23,-498,,,89,478
LKOL|1|OLO|Olomouc~1|95877|72093|265|09L,760,30,4,0,93,,20,-460,,,-60,580;09R,760,30,4,0,93,,-10,-460,,,-90,580;10,420,40,1,0,93,,64,-384,,,20,182
LKOT|LKZL||Zlín Otrokovice~9|91983|75178|183|17L,650,25,1,0,167,,306,-88,,,-270,47;17R,600,40,4,0,167,,276,-167,,,-257,-42
LKPA|1||Polička~9|97394|62589|604|15,1500,35,0,0,155,,-639,322,571,,-14,466,601
LKPI|1||Přibyslav~9|95808|57628|530|08,765,30,4,0,77,,-83,-520,,,49,517
LKPJ|||Prostějov~9|94478|71339|213|12,1000,60,4,0,122,,270,-630,214,,-310,730,214
LKPL|1||Letkov~9|97231|34522|418|08,700,20,0,0,83,,-46,-146,,,-3,489
LKPM|1||Příbram~9|97201|41006|466|06R,1380,30,1,0,56,,-640,-1440,463,,630,1430,450,144;06L,1000,18,4,0,56,,-450,-1140,466,,280,510,445
LKPN|||Podhořany~9|99392|55497|381|07,730,100,4,0,69,,-116,-769,366,,72,203,380;13,640,92,4,0,128,,105,-98,377,,-278,546,381
LKPS|1||Plasy Rybnice~9|99203|33769|436|03,840,100,0,0,34,,-317,-335,,,290,355
LKRY|1||Rokycany~9|97519|35897|405|09,735,28,4,0,85,,0,-570,,,40,610
LKSA|1||Staňkov~9|95665|30487|428|07,660,40,0,0,71,,-90,-456,,,105,428
LKSB|1||Stichovice Pluml~9|94874|70526|256|13,880,30,4,0,135,,257,-466,255,,-249,447,255
LKSK|1||Skuteč~9|98278|60058|488|13,878,200,4,0,124,,354,-598,466,,-102,390,488;03,568,150,4,0,17,,-413,43,,,73,290
LKSO|1||Soběslav~9|92455|47130|409|18,1020,30,4,0,182,,567,34,,110,-361,-18,,174;08,960,24,4,0,84,,-10,-483,,122,23,813,,213
LKSR|1||Prachatice~9|90825|40758|479|15,900,23,4,0,152,,368,-298,,,-370,265
LKST|1||Strakonice~9|92517|38928|421|03,900,100,0,0,30,,-707,-343,,,-204,178;13,780,25,0,0,129,,193,-444,,,-274,370
LKSU|1||Šumperk~9|99606|70178|335|06,700,90,0,0,55,,-270,-484,,,69,334;18,680,18,0,0,180,,281,-59,,,-350,-100
LKTA|1||Tábor~9|93911|47083|439|12,1100,130,4,0,116,,407,-1110,430,,-47,236,424;16,850,100,4,0,160,,294,-166,439,401,-206,107,428,30
LKTC|1||Točná~9|99854|44265|313|09,870,30,4,0,90,,7,-559,314,,7,653,308,80
LKTD|1||Tachov~9|97972|27072|500|09,1100,23,4,0,92,,21,-786,500,,-9,739,483
LKUO|1||Ústí Nad Orlicí~9|99786|64264|409|14,887,100,4,0,143,,327,-354,406,,-331,349,409
LKVL|1||Vlašim~9|97289|48789|433|13,850,40,0,0,132,,102,-388,,,-361,548
LKVM|1||Vysoké Mýto~9|99281|61850|302|12R,1200,40,4,0,120,,266,-577,,,-305,840;14,1000,80,4,0,135,,149,-343,,,-484,586;12L,600,18,1,0,120,,290,-553,,,6,156
LKVY|1||Letiště Vyškov|93003|70253|281|01,1280,60,4,0,15,194,-532,-301,,,563,307
LKZA|1|ZBE|Zábřeh Dolní Benešov~9|99283|80756|241|10L,1950,30,1,2,97,,220,-1810,,,-60,930;10R,900,90,4,0,97,,10,-670,,,-110,590
LKZB|1||Zbraslavice~9|98142|52017|494|15,780,150,4,0,154,,327,-199,,,-310,252
LKZN|1||Znojmo~9|88177|60658|253|08,860,18,4,0,80,,-50,-574,252,,66,564,252
#DE|H
ETEB|1||Ansbach Katterbach Army~2|93082|6387
ETIK|1|ILH|Illesheim Army~2|94739|3881|329|6H/24H,853,30,2,0
#DE|L
EDDM|1|MUC|Munich~1|83538|17861|453|08L,4000,60,2,1,83.4,,900,-1850,447,,1310,3510,442;08R,4000,60,2,1,83.4,,-1310,-3510,453,,-900,1850,448
EDDN|1|NUE|Nuremberg~1|94987|10781|319|10,2700,45,1,1,99,,180,-1890,312,,-180,1790,319
EDJA|1|FMM|Memmingen Allgau~1|79881|2382|633|06,2630,45,1,1,59,,-479,-1256,633,290,726,1779,633,290
#DE|M
EDMA|1|AGB|Augsburg~1|84253|9317|462|07,1594,30,1,1,71,,-190,-820,460,,170,820,462;07R,1013,30,4,0,72,,-350,-140,,,-60,1160
EDML|1||Landshut~9|85120|20349|400|06,900,23,1,0,,,-199,-704,400,,124,409,400
EDMO|1|OBF|Oberpfaffenhofen~1|80814|12831|593|04,2286,45,1,1,42,,-740,-1000,593,,780,1070,576
EDQA|1||Bamberg-Breitenau~9|99204|9142|247|04,1150,15,1,3,36,,-370,-420,246,166,460,530,252,182;03,1104,24,1,1,32,,-430,-480,247,238,490,580,253,241
EDQD|1|BYU|Bayreuth~1|99850|16400|488|06,1034,30,1,1,60,,-250,-610,484,48,240,700,487
ETIC|1||Grafenwöhr Army Air~a|96987|19402|415|14,1006,22,1,1,143,,360,-420,411,,-360,410,415
ETIH|1||Hohenfels Army~9|92165|18361|443|09,667,22,1,1,90,,160,-440,,,160,450
ETSI|1|IGS|Ingolstadt Manching~1|87157|15340|366|06R,2940,60,1,1,68,,-1120,-1530,366,,-140,2180,364;06L,2439,30,2,1,68,,100,-1850,365,,920,1220,363,183
ETSL|1||Lechfeld~d|81855|8612|555|03,2442,30,2,1,29,,-960,-800,554,,960,790,545
ETSN|1||Neuburg~d|87110|12115|381|09,2440,30,1,1,91,,20,-1650,381,,-20,1670,380
#DE|S
DE-0005|||Warngau~9|78240|17040|725|02,556,10,4,0,,,,,724,,,,724
DE-0062|||Antersberg~9|79629|19955|489|13,900,30,4,0,,,285,-408,,,-273,432
DE-0075|||Ohlstadt~9|76587|12351|670|04,880,10,1,0,,,-335,-424,,260,268,338,,165
DE-0081|||Füssen Glider~9|75831|6909|789|08,515,53,4,0,,,-69,-680,,,-11,1
DE-0094|||Agathazell~9|75548|2729|726|18,448,30,1,0,,,224,-23,727,24,-352,31,727,169
DE-0311|||Isny Glider~a|77002|207|689|07L,970,2,5,0,,,-45,-469,,,140,787;07,455,30,4,0,,,-51,-297,685,216,49,291,685;07G/25G,200,46,4,0,,,84,587,,40,122,812
DE-0338|||Günching UL|92678|15726|548|06,470,25,4,0
EDFR|1||Rothenburg ob der Tauber~9|93889|2186|399|03,950,20,1,0,,,,,399,,,,399
EDMD|||Dachau-Gröbenried~9|82287|14221|490|10,625,30,4,0,,,,,490,,,,490,205
EDME|||Eggenfelden~9|83961|27236|409|08,1160,23,1,1,87,,-40,-980,409,40,20,580,406,60
EDMG|||Günzburg-Donauried~9|84867|2833|444|05,574,30,4,0,,,-169,-440,,,77,241
EDMH|||Gunzenhausen-Reutberg~9|91122|7822|485|06,725,15,1,0,55,,-20,-40,485,,120,1190,478
EDMI|||Illertissen~9|82350|1377|512|07,698,30,4,0,,,-70,-379,,,118,521,,50
EDMJ|||Jesenwang~9|81744|11254|567|07,438,12,1,0,,,,,567,30,,,567,30
EDMK|||Kempten-Durach~9|76919|3381|713|17,900,30,4,0,,,282,-88,710,,-468,150,709;07,850,30,4,0,,,-46,-455,703,,133,489,713
EDMN|1||Mindelheim-Mattsies~9|81069|5250|566|15,1149,20,1,0,154,,660,-400,566,216,-270,270,566,210
EDMQ|||Donauwörth-Genderkingen~9|87031|8523|400|08,700,20,1,0,83,,,,400,,,,400
EDMS|1|RBM|Straubing~1|89008|25167|319|09,1350,30,1,1,97,,80,-920,321,100,-70,910,319
EDMT|||Tannheim~9|80100|986|580|09,1022,,4,0,,,,,580,,,,580
EDMU|||Gundelfingen~9|85693|3585|441|10,560,34,4,0,100,,47,-399,440,77,-28,354,439,163
EDMV|||Vilshofen~9|86350|31956|302|12,1138,20,1,1,121,,290,-650,302,198,-250,660,302,60
EDMY|||Mühldorf~9|82796|25005|404|08,850,,2,0,,,,,404,,,,404
EDNA|||Ampfing-Waldkraiburg~9|82636|24117|415|09,890,,4,0,,,,,415,,,,415
EDNG|||Giengen/Brenz~9|86343|2165|517|17,477,14,1,0,,,210,-79,,,-208,73,,70
EDNH|||Bad Wörishofen (Nord)~9|80161|6150|620|08,805,,0,0,,,,,620,,,,620
EDNI|||Berching~9|91310|14432|386|02,850,,0,0,,,,,389,,,,389
EDNJ|||Neuburg-Egweil~9|87819|12153|410|08,640,30,4,0,,,,,410,,,,410,82
EDNL|||Leutkirch-Unterzeil~9|78589|142|640|05,1020,20,1,1,56,,-240,-520,640,210,270,600,640,60
EDNO|||Nördlingen~9|88706|5050|422|04,750,15,1,0,35
EDNP|||Pfarrkirchen~9|84203|28647|386|07,975,30,4,0
EDNR|||Regensburg-Oberhub~9|91419|20819|396|10,645,15,1,0,,,,,396,,,,396
EDNS|||Schwabmünchen~9|81792|7028|550|08,850,,0,0,,,-42,-531,550,,45,606,550
EDNT|||Treuchtlingen-Bubenheim~9|89961|8842|410|14,645,30,4,0,144,,,,410,,,,410
EDNU|||Thannhausen~9|82900|4419|491|08,500,30,4,0
EDNV|||Vogtareuth~9|79461|22047|468|06,597,15,1,0,59,,-118,-308,465,80,163,374,464
EDNW|||Weißenhorn~9|82894|1403|501|08,650,30,4,0
EDNX|||Schleissheim~9|82392|15593|486|07,808,16,1,0,,,-95,-537,486,,91,514,486
EDPA|1||Aalen Heidenheim Elchingen~9|87778|2647|584|09R,950,30,4,0,88,,-60,-640,,,-30,610;09L,950,25,1,0,89,,3,-634,584,54,32,601,584,49
EDPC|||Bad Endorf/Jolling~9|79269|22872|515|16,770,30,4,0,162,,331,-174,513,,-356,176,516,160
EDPF|||Schwandorf~9|93397|21881|387|11,840,,0,0,,,,,387,,,,387
EDPH|1||Schwabach-Heidenberg~9|92680|10126|360|10,480,15,1,0,97,,0,-660,360,49,-100,240,360
EDPT|||Gerstetten~9|86203|583|602|08,750,40,4,0,,,-4,-346,,,41,671
EDPU|||Bartholomä-Amalienhof~9|87467|50|638|16,900,,0,0,,,,,640,,,,635
EDPY|||Ellwangen~9|89615|2345|503|12,785,,0,0,,,,,503,,,,503
EDQE|1|URD|Burg Feuerstein~1|97942|11336|510|08,972,15,1,0,88,,-80,-790,510,90,-50,560,510;08L,706,26,4,0,87,,10,-530,,,40,440
EDQF|||Ansbach-Petersdorf~9|93611|6694|418|09,780,,0,0,,,,,418,,,,418
EDQH|||Herzogenaurach~9|95827|8783|326|07,700,20,1,0
EDQI|||Lauf-Lillinghof~9|96052|12836|545|07L,480,8,1,0,73,,-40,-310,,30,80,290;07R,450,30,4,0,73,,-80,-290,,,40,300
EDQN|||Neustadt/Aisch~9|95875|5775|365|09,600,15,1,0
EDQP|||Rosenthal-Plössen~9|98633|17878|456|09,750,20,0,0
EDQW|1||Weiden in der Oberpfalz~9|96789|21164|405|14,518,11,2,0
EDQX|1||Hetzleser Berg~9|96423|11626|538
EDQZ|1||Pegnitz-Zipser Berg~9|97624|15746|546|08,884,,0,0,,,,,546,,,,529
ETHA|1||Altenstadt Army~9|78355|8712|739|09,700,18,1,0,,,0,-461,738,,4,473,738
ETHR|||Roth~9|92175|11002|386|09,535,30,1,1,84,,-30,-390,387,,20,360,386
ETIN||KZG|Kitzingen~9|97443|2073|210|06,800,30,2,0,65,,-280,-1180,197,,30,-170,210
ETOI|1||Vilseck Army Air~a|96341|17675|412|10,1067,24,1,1,102,,30,-720,412,,-160,690,412
#HR|H
HR-0039|LDSF||Firule~2|35028|64629|23
LDHB|1||Veliki Brijuni~2|48925|37502|10
LDHE|1||Cres~2|49657|43986|40
LDHR|1||Rab~2|47688|47329|5
#HR|L
LDDU|1|DBV|Dubrovnik Ruđer Bošković~1|25622|82655|161|11,3230,45,1,1,118,,737,-1797,158,81,-638,1669,148
LDPL|1|PUY|Pula~1|48935|39222|84|09,2950,45,1,1,88,,-40,-1860,52,,40,1850,84
LDRI|1|RJK|Rijeka~1|52164|45709|85|14,2488,45,1,1,143.7,,930,-950,80,,-880,930,75
LDSP|1|SPU|Split Saint Jerome~1|35389|62980|24|05,2550,45,1,1,53,,-680,-1240,21,,710,1260,15,160
LDZA|1|ZAG|Zagreb Franjo Tuđman~3|57429|60688|108|04,3252,45,1,1,47,,-1102,-1683,108,,901,1363,106
LDZD|1|ZAD|Zadar~1|40970|53536|88|13,2500,45,1,1,136,,1940,-1790,74,,340,380,79;04,2000,45,1,1,42,,-1760,-1240,88,,-420,410,83
#HR|M
HR-0034|||Udbina~9|45576|57744|750|13,2750,30,2,0,126.7,,740,-1390,687,,-740,1380,750
LDOS|1|OSI|Osijek~1|54624|88113|88|11,2500,45,1,1,111,,390,-1490,89,,-400,1500,88
LDSB|1|BWK|Brač~1|32845|66784|541|03,1760,30,1,1,35,,-360,-340,542,60,610,600,518,60
#HR|S
HR-0001|LDVR||Daruvar~9|55851|72114|150
HR-0047|||Airfield Ravnice|59952|72049|111|02,610,24,4,0,18,,-249,-152,112,,247,153,111
LDLO|1|LSZ|Lošinj~1|45670|43939|46|02,900,30,1,0,,,-355,-207,39,,388,204,45
LDOB|1||Vukovar Borovo Recreational~9|53864|89628|88|14,900,,0,0,,,,,88,,,,88
LDOC|1||Osijek-Čepin~9|55428|86319|91|10,1200,30,1,1,103,,110,-720,91,,-130,760,91;10R,1102,45,6,0,102.8,,40,-590,,,-180,790
LDOR|1||Slavonski Jelas~9|51561|79881|84
LDOV|1||Vinkovci Sopot~9|52511|87592|81|04,808,,0,0,,,,,83,,,,83
LDPM|1||Medulin Campanoz~9|48439|39044|52
LDPN|1||Unije~9|46283|42411|12|05,850,,4,0,,,,,6,,,,9
LDPV|1||Vrsar Crljenka~9|51417|36306|37
LDRG|1||Grobničko Polje~9|53795|45038|290|09,1861,23,1,0,91,,-290,-730,,,-310,1650;07,1613,30,1,0,75,,-190,-1000,292,,190,990,308
LDRO|1||Otočac~9|48455|52886|469
LDSH|1||Hvar~9|31817|66333|28|10,748,30,6,0,102,,60,-430,28,,710,450,21
LDSS|1||Sinj Piket~9|37003|66714|299|08,1100,,0,0,,,,,298,,,,297
LDVA|1||Varaždin~9|62947|63832|167|16,1730,30,1,0,160.3,,720,-570,166,210,-720,180,166,260
LDVC|1||Čakovec Pribislavec~9|63919|65003|156|03,1100,,0,0,,,,,156,,,,156
LDVD|1||Daruvar Blagorod~9|55594|70331|125
LDVK|1||Koprivnica Danic~9|62131|68372|134
LDZB|1||Buševec Velika Glider~a|56475|61244|104
LDZE|1||Zvekovac~9|58231|65000|114|04,635,38,4,0
LDZJ|1||Bjelovar Brezovac~9|58608|68358|131
LDZL|1||Lučko~9|57667|58497|122
LDZP|1||Zvonimir Rain Glider~9|46996|57817|603
LDZS|1||Sisak~9|54656|64864|93
#HU|H
LHGU|1||Győrújbarát~2|76051|76602|121|H1/H1,30,30,2,0
LHKC|1||Kecel~2|65364|92415|98
#HU|L
LHBP|1|BUD|Budapest Liszt Ferenc~3|74302|92624|151|13L,3707,45,2,1,132,,1520,-490,151,,-720,3150,127;13R,3010,45,2,1,132,,1850,-4160,137,,30,-1220,137
LHPP|1|PEV|Pécs-Pogány~3|59889|82420|198|15,1500,30,1,1,157,,670,-370,198,,-580,380,195
#HU|M
HU-0002|LHKA||Kalocsa-Foktő~9|65515|89423|91|17,800,25,2,0,,,-63,19,,,-700,83
LHKE|1||Kecskemét~d|69175|97492|115|12,2499,60,2,1,123,,610,-1370,115,,-610,1380,115
LHPR|1||Győr-Pér~1|76284|78047|129|11,2030,30,1,1,120,,450,-1150,127,,-450,1200,130;12L,1134,43,6,0,119.2,,70,520,,,-430,1840
LHSM|1|SOB|Hévíz–Balaton~1|66864|71591|124|16,2500,60,2,1,165,,1090,-420,124,,-1090,410,122;17R,945,65,4,2,167,,790,-440,,,-30,-130
LHTA|||Taszár~d|63931|79175|162|16,2501,,0,0,,,,,160,,,,151
LHTL|1||Tököl~1|73453|89808|97|14,1768,60,2,0,142,,470,-80,101,368,470,-80,101
#HU|S
HU-0014|LHBK||Balatonkeresztúr~9|66930|73978|103
HU-0015|LHDA||Dáka Sport~9|72718|74105|150
HU-0016|LHBL||Ballószög~9|68618|95566|120
HU-0017|LHBY||Gyõrszentiván-Bõny~9|76672|77848|149|13,750,51,4,0
HU-0019|LHBT||Bátonyterenye-Világosipuszta sportreptér|80255|98051|265
HU-0021|||Papkutapuszta~9|68750|80390|140|17,620,18,4,0
HU-0029|||Atkár~9|77209|99047|113|13,802,61,4,0;02,698,40,4,0
HU-0033|LHHK||Hajmáskér~9|71429|79974||16,435,50,4,0
HU-0040|||Kiskunhalas-Füzespuszta~9|63693|94774|130|14,600,30,4,0,,,298,-367,,,-89,142
HU-0080|LHPL||Pilis~9|73036|95289
LH0|||Hertelendy Kastély~a|63732|74280|143|17,800,30,4,0
LHBO|1||Bácsbokod~9|61534|91491|156
LHBS|1||Budaörs~9|74511|89806|126|09,980,60,4,1,94,,-110,-60,129,,-110,-60,129
LHCL|1||Cegléd~9|71626|98774|96
LHDK|1||Dunakeszi~9|76139|91433|121
LHDV|1||Dunaújváros~9|68958|89139|120
LHEM|1||Esztergom Ernő Rubik~9|77568|87305|104|02,1000,,0,0
LHFC|1||Bodmér-Felcsút~9|74446|85571|150
LHFH|1||Farkashegy~9|74862|89153|210
LHFM|1||Fertőszentmiklós~9|75828|68454|134|16,985,23,1,0,158.5,,420,-240,132,,-410,240,134
LHFP|1||Piuszpuszta~9|77444|66142|148
LHGD|1||Gödöllő~9|75717|93368|218|12,1000,58,4,0,128,,,,,119,,,,369
LHGR|1||Gyúró~9|73913|87570|195|15,850,200,4,0
LHGY|1||Gyöngyös Pipishegy~9|78143|99768|351|15,760,120,4,0,,,,,,,,,,10
LHHH|1||Hármashatárhegy Glider~a|75515|89764|293|13,1000,100,4,0
LHJK|1||Jakabszállás~9|67479|96048|106|14R,1000,30,4,0,,,338,-364,,,-355,323;14L,600,18,1,0,,,190,-174,,,-251,262
LHKD|1||Kecskéd~9|75171|83250|174|15,1200,25,4,0,,,501,-368,,,-497,369
LHKH|||Kiskunfélegyháza~9|67331|98933|88|10,750,160,4,0,,,,,97,,,,97;17,536,91,4,2
LHKK|||Kiskunlacháza~9|71745|90775|98|13,795,45,2,0,,,,,98,,,,98
LHKT|||Kadarkút~9|62474|76078||17,800,45,4,0
LHKV|||Kaposvar Kaposújlak~9|63864|77335|152|17R,1200,200,4,0,,,1021,-467,,,-380,-35;17L,620,18,2,0,,,284,-85,,,-285,80
LHNK|||Nagykanizsa~9|64283|69576|142|01,1000,100,4,0
LHOY|||Őcsény~9|63061|87674|90|17,1600,300,4,0,175,,500,90,,,-940,270
LHPA|||Pápa~d|73636|75008|142|16,2398,,2,1
LHSA|||Szentkirályszabadja~9|70779|79684|280|16,2000,60,1,1,159.1,,830,-460,275,,-840,470,276;16R,1635,61,6,2,161.8,,350,-610,,,-1030,140
LHSI|1||Sitke~9|72346|70272
LHSK|1||Siófok-Kiliti~9|68569|80958|127|15,2000,,0,0,,,,,132,,,,123
LHSY|1||Szombathely~9|72800|66264|223
LHTM|1||Tápiószentmárton~9|73139|97739|101
LHUH|1||Úrhida|71282|83130|193|06,700,31,0,0
LHVE|1||Veresegyház~9|76381|92550
LHZA|1||Zalaegerszeg Andráshida~9|68847|67889|188|17,1500,25,0,0,173,,,,196,,-744,159,196
LHZK|1||Zalakaros~9|65539|71512|113|02,800,25,0,0,29,,,,127,,309,259,127
#IT|H
IT-0061|LIAD||Capitalia~2|18247|23817|35
IT-0572|LINA||Alidaunia Foggia~2|14240|55339|85
IT-0574|||Eliporto Peschici|19281|60128
IT-0660|LIQC||Anacapri~2|5586|42014|156
IT-TQR|LINI|TQR|San Domino Island~2|21178|54907|37
LIAG|1||Colacem~2|33415|25769|467
LIAJ|1||Macchiarella~2|17830|23065|1
LIAO|1||Il Ciocco~2|40883|4672|412
LIAY|1||La Bagnara~2|16871|34994|458
LIBH|1||Marina di Ginosa~2|4241|68875|8
LIDI|1||Cortina d'Ampezzo Sant'Anna~2|65741|21155|1284
LIDK|1||Casarsa della Delizia~d|59534|28176|38
LIRD|1||Poggio Ballone Remote Radar Station~2|28290|8808|621
#IT|L
LIBD|1|BRI|Bari Karol Wojtyła~3|11389|67606|59|07,3000,45,1,1,67,,-604,-1997,54,376,343,1348,33;12,156,50,1,2,123,,540,1890,33,,-260,3580,33
LIBP|1|PSR|Abruzzo~1|24311|41830|15|04,2418,45,1,1,37.5,,-830,-1100,14,105,890,690,8,188
LIBR|1|BDS|Brindisi~1|6576|79470|14|13,3048,45,1,1,137,,1460,-1710,9,,-210,330,8;05,1796,45,1,1,53,,-530,-1020,14,,500,730,4,70
LIPE|1|BLQ|Bologna Guglielmo Marconi~1|45354|12887|37|12,2803,45,1,1,117,,570,-1580,37,307,-560,1570,37,362
LIPH|1|TSF|Treviso~1|56484|21944|18|07,2420,44,1,1,69,,-390,-1450,17,77,390,1460,16,119
LIPQ|1|TRS|Trieste~1|58279|34667|12|09,3000,45,1,1,90,,10,-1930,11,200,-10,1930,11
LIPR|1|RMI|Federico Fellini~3|40200|26122|12|12,2996,45,1,1,128,,850,-1520,6,314,-800,1430,12,307
LIPX|1|VRN|Verona Villafranca Valerio Catullo~1|53950|8873|73|04,3068,45,1,1,46,,-770,-1100,67,58,1160,1720,73,410
LIPZ|1|VCE|Venice Marco Polo~1|55053|23519|2|04R,3300,45,1,1,42,,-1120,-1420,2,,1090,1410,2;04L,2780,45,1,1,42,,-1010,-1630,2,94,840,750,2
LIRA|1|CIA|Ciampino–G. B. Pastine~3|17988|25953|130|15,2202,45,1,1,152,,930,-650,104,,-840,570,130
LIRF|1|FCO|Rome–Fiumicino Leonardo da Vinci~3|18045|22520|4|16L,3902,60,1,1,163,,4150,950,4,,790,2350,2;16R,3902,60,1,1,163,,1100,-2560,2,,-2250,-1160,2;16C,3602,45,1,3,163,,,,3,,,,1;07,3300,45,1,1,70,,-517,-1986,2,411,513,1748,2
LIRN|1|NAP|Naples~3|8860|42908|90|06,2628,45,1,1,58.1,,-620,-1330,87,399,630,1320,68,190
LIRP|1|PSA|Pisa~3|36839|3927|2|03R,2993,45,1,1,37,,-1080,-950,1,149,1070,1280,2,257;03L,2792,45,1,1,37,,-1010,-1200,1,298,1010,880,2
LIRQ|1|FLR|Florence Airport, Peretola|38086|12028|43|05,1560,45,1,1,48,,-326,-498,37,150,610,948,40,697
LIRZ|1|PEG|Perugia San Francesco d'Assisi – Umbria~3|30959|25132|212|01,2199,45,1,1,14,,-739,-256,203,100,1179,413,211,62
#IT|M
LIBA|1||Amendola~d|15384|57172|56|11,2660,44,1,1,114,,600,-1790,54,,-370,1130,55
LIBF|1|FOG|Foggia Gino Lisa~1|14336|55346|81|15,1735,47,1,1,156,,772,-444,79,,-660,385,81,117
LIBG|1|TAR|Taranto-Grottaglie Marcello Arlotta~1|5175|74032|66|17,3200,45,1,0,169,,760,-200,66,,-750,200,59
LIBN|1|LCC|Lecce Galatina Air Base / Galatina Fortunato Cesari~1|2392|81333|48|14,1902,58,1,1,146,,,,46,,-693,578,48,71
LIBV|1||Gioia del Colle Antonio Ramirez~d|7678|69333|362|14R,3001,45,1,1,141,,720,-1110,344,206,-1400,1140,361,87;14L,2996,30,1,1,141,,1390,-1110,343,119,-710,1140,352,119
LIDT|1||Trento-Mattarello~1|60233|11250|186|18,1130,30,1,1,181,,397,-10,186,,-622,-10,184
LIMP|1|PMF|Parma~1|48264|2971|49|02,2122,45,1,1,17,,-870,-400,48,214,950,400,45,182
LIPA|1|AVB|Aviano~d|60319|25965|125|05,2606,44,1,0,48,,-860,-1260,98,,700,1240,125
LIPB|1|BZO|Bolzano~1|64592|13261|240|01,1740,45,1,1,10,,-741,-190,235,30,776,206,240,277;01R,709,20,4,0,11,,-470,59,236,55,155,223,238,250
LIPC|1||Cervia~d|42242|23072|5|11,3050,45,1,1,116,,620,-1710,5,119,-600,1710,3,115
LIPI|1||Udine-Rivolto~d|59787|30493|55|06,2550,44,1,1,59,,-520,-1420,50,,660,1400,55
LIPK|1|FRL|Forlì-Luigi Ridolfi~3|41948|20701|30|12,2410,45,1,1,117,,500,-1340,30,,-510,1330,28
LIPL|1||Ghedi~d|54326|2686|101|13,2991,45,1,1,135,,900,-1440,101,247,-990,1250,95,247
LIPO|1|VBS|Brescia Gabriele d'Annunzio~1|54289|3306|108|14,2990,45,1,1,135,,920,-1290,108,300,-980,1420,101,195
LIPS|1||Istrana~d|56844|20866|42|08,2992,32,1,1,82,,-180,-1840,41,291,190,1960,42,290
LIPU|1||Padova Gino Allegri~9|53953|18471|13|04,1122,30,1,1,40,,-280,-340,13,62,490,570,13,224
LIPY|1|AOI|Marche~1|36163|33623|15|04,2962,45,1,1,45,,-940,-1290,14,195,950,1300,9,150
LIQS|1||Siena-Ampugnano~1|32549|12551|193|18,1393,30,1,1,178,,630,-30,193,,-620,20,184
LIRE|1||Pratica di Mare~d|16545|24452|12|13,2541,45,1,3,130.1,,660,-1240,12,162,-810,1100,12;13R,2480,30,1,1,129.9,,790,-1070,,131,-640,1210,,131
LIRG|1||Guidonia~d|19903|27408|88|18,1462,30,1,0,181,,660,20,88,,-660,-10,74;04,1200,60,4,0,34.9,,-360,-860,88,,520,-30,78
LIRI|1|QSR|Salerno Costa d'Amalfi~1|6204|49113|37|05,1962,45,1,1,52,,-637,-882,,,274,667
LIRJ|1|EBA|Marina di Campo~1|27609|2398|9|16,949,23,1,0,160,,510,-240,9,146,-290,160,3,87
LIRL|1||Latina~d|15424|29090|29|12,1700,40,1,1,124.5,,440,-830,28,,-430,840,17
LIRM|1||Grazzanise~d|10608|40819|9|06,2991,30,1,1,59.9,,-660,-1540,5,97,690,1540,9,96
LIRS|1|GRS|Grosseto Corrado Baccarini Air Base / Grosseto~1|27597|10719|5|03,2994,45,1,1,31,,-1030,-1070,5,97,1280,810,5;03R,2354,25,1,0,31,,-920,-590,5,,900,880,5
LIRU|1||Rome Urbe~1|19521|25022|17|16,1084,30,1,0,160,,490,-220,17,110,-430,220,16,250
LIRV|1||Viterbo~1|24353|20614|302|04C,1300,50,1,0,38,,-390,-410,296,,520,560,302;04L,1005,25,1,0,38,,-310,-530,295,,400,230,301;04R,590,34,1,0,39,,-20,80,298,,390,530,301
#IT|S
IT-0003|LIQF||San Sepolcro~9|35592|21559|320
IT-0087|||Guglielmo Zamboni~9|44750|15417|30|03,840,18,1,0
IT-0089|||Trasimeno~9|31364|20304|262|17,800,30,0,0
IT-0090|||Mensanello~9|33736|11231|189|07,701,30,4,0,,,,,195,701,,,195,701
IT-0097|||Campo di Volo "Fly Club"|11046|44570||11,500,30,0,0
IT-0099|||Tuscania~9|24104|18987|180|02,500,,0,0
IT-0102|||Campo di Volo Montefano|34207|33993|76|08,430,30,0,0
IT-0103|||Ali di Classe~9|43234|23076|1|15,660,25,4,0,148
IT-0113|||Litorale di Caorle~9|56119|28147|0|11,800,30,0,0
IT-0117|||Ceraso Airfield/Aero Club I Templari|9377|64970|494|12,762,28,4,0;18,160,25,8,0
IT-0124|||La Quercia~9|9631|66330|360|13,475,20,8,0
IT-0126|||Delta Club Napoli~9|10658|39629|3|06,560,20,4,0
IT-0131|||Chiusdino~9|31898|11469|280|12,701,,4,0
IT-0142|||Il Pioniero~9|50840|16632|11|09,450,20,0,0
IT-0150|||Francesco Baracca~9|58422|21936|82|15,1000,30,0,0
IT-0152|LIRO||Benevento-Olivola~1|11775|47473|207|04,650,,6,0;11,550,,6,0
IT-0156|||Terra del Sole~9|27748|11555|15|07,420,26,0,0
IT-0157|||Ali del Po Private~9|49711|2943|28|02,530,20,0,0
IT-0171|||Piancada~9|57642|30730|0|15,800,22,0,0
IT-0172|||Stella~9|49509|16272|2|10,500,18,0,0
IT-0176|||La Filanda~9|34464|16740||06,650,36,0,0
IT-0177|||Enrico Mattei~9|4319|65538|55|13,1402,30,1,0,128,,380,-590,48,84,-330,590,44,41
IT-0181|||Aliscarlino~9|29122|8167|3|09,650,30,0,0
IT-0189|||Rivoli Avro~9|62338|30724|170|02,600,40,1,0
IT-0203|||Rovigo~9|50312|18237|7|17,650,25,0,0
IT-0211|||Al Casale~9|59848|29235|45|09,500,25,0,0
IT-0214|||Peter Pan~9|29718|23713|175|02,550,30,0,0
IT-0216|||L'Aquila~9|23009|35172|571|11,650,30,4,0,110,,56,-183,174,,-111,506,172
IT-0221|||Montagnana~9|52452|14247|10|11,1000,60,4,0,110,,,,10,,,,10
IT-0222|||Aviosuperficie Divinangelo|14719|30236|3|13,600,30,0,0
IT-0224|||Monticchio~9|3770|73860|38|18,600,20,0,0
IT-0225|||Aviosuperficie Artena|16731|28456|198|18,700,30,0,0
IT-0229|||Natile~9|5906|67690|297|15,450,20,4,0
IT-0230|||Campo di Volo Pietralunga|34505|24014|690|01,460,24,0,0
IT-0231|||Campo di Volo Cavola|43965|5361|539|18,426,25,0,0
IT-0232|||Santa Rita~9|27565|30163|884|16,900,16,2,0
IT-0236|||Policastro~9|1149|54953|29|02,600,40,0,0
IT-0242|LINB||Corte~9|1071|82576|80|15,985,20,9,0
IT-0245|||Val Vibrata Flying~a|28095|38471|82|14,480,30,0,0
IT-0248|||Montecchio Podere Santa Apollonia~9|32971|19069|247|05,820,,0,0
IT-0254|||Cassola~9|57413|18065|98|17,430,30,0,0
IT-0255|||Molinella~9|45982|16563|7|03,900,30,0,0
IT-0256|||Aviosuperficie di Rubbiano|46719|609|158|03,700,30,0,0
IT-0257|||Colli Euganei~9|52026|17937|4|01,550,54,0,0
IT-0258|||Settecrociari~9|41360|21898|45|03,420,30,0,0
IT-0260|||Obiettivo Volare Aeroclub|48893|1602|43|03,500,20,0,0;13,400,,0,0
IT-0265|||Torre Sant'Andrea~9|2477|84363|22|16,600,20,0,0
IT-0266|||Aviosuperficie Valicella|22187|22485|263|08,600,25,0,0
IT-0267|||Aviosuperficie F. Rossi|33400|28269|411|03,560,20,0,0
IT-0268|||Banda Bassotti~9|49264|10515|11|03,500,20,0,0
IT-0274|||Aviosuperficie "Villa Selva Air Park"|27928|37515|168|07,450,,0,0
IT-0278|||Falcone~9|11051|58765|151|05,650,32,0,0
IT-0279|||Celano~9|20517|35572|681|08,830,30,0,0
IT-0280|||Cesare Rossi~9|31029|35578|150|06,560,34,1,0
IT-0281|||Piana Cinque Miglia~9|18792|40111|1258|15,1000,30,0,0
IT-0282|||Campo di Volo Collerotondo|22892|37454|410|15,436,18,0,0
IT-0290|||Aviosuperficie "Il Pratone"|20937|30423|577|17,500,20,0,0
IT-0293|||Le Panizze~9|54194|5573|103|13,770,20,0,0
IT-0301|||Agriturismo Turus~9|59237|35410|54|16,500,30,0,0
IT-0305|||Da Domenico~9|52334|17979|4|01,450,15,0,0
IT-0307|LION||Dominio di Bagnoli~9|51839|18573|1
IT-0309|||Aviosuperficie "Avioclub Alanno"|23146|40009|117|15,460,20,0,0
IT-0310|||Campo di Volo "Avioclub Elice"|24905|39955|80|10,401,20,0,0
IT-0312|||San Terenziano~9|28572|24732|512|06,610,40,0,0
IT-0314|||Campo di Volo Montefalco|28854|26933|212|17,550,25,0,0
IT-0315|||Molinella~9|31225|22069|241|04,500,20,0,0
IT-0320|||AliMatese~9|13236|43639|113|04,470,40,0,0
IT-0322|||Aerlight Faenza~9|43347|19301|16|12,500,25,0,0
IT-0323|||Vallegaffaro~9|48344|22313|0|16,1000,45,0,0
IT-0325|||Curtatone City San Silvestro~9|51015|7492|21|11,750,25,0,0
IT-0333|||AliPuglia~9|4744|76099|105|18,540,30,0,0
IT-0335|||Base Aerea Molise|14745|45375|509|11,495,18,0,0
IT-0339|||Gli Aironi~9|44628|17896|7|13,550,30,0,0
IT-0340|||Delta Club Conselice~9|45419|17922|3|10,700,25,0,0
IT-0352|||Aviosuperficie Aviodelta|47066|2495|160|02,523,25,0,0
IT-0353|||Campo di Volo Campore|48279|108|140|03,431,30,0,0
IT-0355|||Aviosuperficie Vallesanta|24273|28052|380|17,580,25,0,0
IT-0356|||Giardini di Corcolle~9|19005|27419|99|15,535,38,0,0
IT-0366|||Bedizzole~9|55185|4496|190|04,675,30,4,0,,,,,187,,,,187
IT-0368|||Aviosuperficie "Amici del Volo"|16770|37429|371|04,430,21,0,0
IT-0370|||Pica~9|26964|39170|75|18,450,30,0,0
IT-0372|||San Mauro~9|60683|33669|107|09,690,40,0,0
IT-0373|LIQQ||Serristori~9|33326|18579|262|16,500,20,0,0
IT-0387|||Aviosuperficie Delfina|28429|27345|216|01,800,40,0,0
IT-0388|||Panicarola~9|30644|21006|275|17,800,25,0,0
IT-0392|||Montemelino~9|31025|22541|223|12,680,30,0,0
IT-0394|||Punta Ala~9|28419|8235|32|07,870,45,0,0
IT-0395|||Collina~9|39884|13896|290|04,720,35,0,0
IT-0399|||Campo di Volo Aliveneta|52509|10361|23|08,500,19,0,0
IT-0406|||Fly Synthesis~9|59687|32335|51|10,700,12,0,0
IT-0408|||Pranovi~9|53718|20372|0|03,530,20,0,0
IT-0439|||Aviosuperficie Tucano|21324|26263|23|17,700,30,0,0
IT-0476|||Carzago Riviera~9|55168|4648|195|15,633,50,4,0,15,33,,,195,,,,195
IT-0683|||Serra de' Conti~9|35599|30198|117|09,427,,0,0
IT-0709|||Bolgheri~9|32097|5438|3|01,750,20,4,0,1,19
IT-0716|||Aviosuperficie Templare Paestum|4726|49596||4,450,18,4,0
IT-0811|||Campovolo Bellamarinafly|5241|77749|88|17,630,25,4,0
LIAA|1||Aviosuperficie "Alvaro Leonardi"|25733|25844|114|09,870,18,1,0
LIAF|1||Foligno~9|29328|27124|223|17,1400,30,1,0,170,,664,-157,223,,-558,93,212
LIAL|1||Sant'Illuminato~9|33549|22181|300
LIAP|1||L'Aquila–Preturo~1|23799|33092|674|18,1409,26,1,0,178,,630,-20,674,42,-640,30,671,131
LIAQ|1||Aquino~9|14920|37193|110
LIAR|1||Furbara~d|19941|20135|6
LIAT|1||Valdera~9|35922|6963|12|12,675,,6,0
LIAU|1||Capua~1|11160|41780|20
LIDA|1||Asiago Romeo Sartori~9|58862|15159|1039|08L,1120,23,1,0,76,,-40,-590,1018,62,210,800,1038,29;08R,1100,90,4,0,75.2,,-150,-590,1013,,100,770,1039
LIDB|1|BLX|Belluno Arturo dell'Oro~1|61665|22504|378|05,812,,4,0,,,,,378,,,,378
LIDC|1||Cà Negra Private~6|50861|21615|0
LIDE|1||Reggio Emilia~1|46980|6649|46|11,1210,30,1,0,108,,101,-384,45,295,-153,599,45,87
LIDF|1||Fano~9|38240|30259|16|05,1350,50,4,0,,,-408,-637,16,,408,636,16
LIDG|1||Lugo Francesco Baracca~9|43975|18548|19|03,800,23,1,0,3,21,,,19,,,,19;H,15,15,1,1,,,40,-80,16
LIDH|1||Thiene Arturo Ferrarin~9|56778|14963|102|17,1200,30,4,0,,,565,-91,102,,-511,98,102
LIDL|1||Legnago~9|51301|12932|9|16,610,25,4,0,,,300,-100,9,,-270,100,9
LIDP|1||Pavullo~9|43222|8317|684|02,1190,23,1,0,18,,-670,-310,,259,340,150
LIDR|1|RAN|Ravenna~1|43643|22250|0|08,1200,30,1,0,81,,-90,-760,,,80,730;09,800,50,6,2,90
LIDU|1||Carpi-Budrione~9|48332|8712|21|02,850,20,1,0,,,-240,-150,21,,260,160,21
LIDV|1||Prati Vecchi d'Aguscello~9|47909|16719|6|10,1175,81,4,0,109,,80,-330,,308,-150,620,,65
LIDW|1||Luciano Narder~9|56992|25431|2|15,750,50,0,0
LILQ|||Massa Cinquale Municipal~9|39860|1438|4|05,710,20,6,0,51,,-139,-232,4,85,151,263,4,116
LILR|||Cremona-Migliaro~9|51683|19|49|11,650,30,1,0,,,55,-361,49,,-69,385,49
LINF|1||Fermano~9|32268|37433|15|06,550,25,0,0
LINL|1||Lecce-San Cataldo Lepore~9|3589|82980|18|18,614,30,3,0,,,,,16,,,,18
LIPD|1||Udine-Campoformido~9|60308|31822|93|04,730,40,4,0,,,,,82,,,,87
LIPF|1||Ferrara-San Luca~9|48123|16139|6
LIPG|1||Gorizia Duca d'Aosta~9|59069|35993|63|09,1250,30,4,0,85,,10,-710,,,110,590;04,700,,4,2
LIPM|1||Modena-Marzaglia~9|46314|8086|56|11,800,20,3,0
LIPN|1||Verona-Boscomantico~9|54720|9279|87|08,1014,22,1,0,74.7,,-120,-620,87,,120,630,83
LIPV|1||Venice-Lido Giovanni Nicelli~9|54288|23887|5|05,994,45,4,0,,,-250,-474,4,,278,552,4
LIQB|1||Arezzo Molin Blanco~9|34552|18474|248|12,660,23,1,0,,,148,-364,248,,-146,351,248
LIQG|||Cecina~9|32856|5212||15,1039,35,4,0,150,,420,-570,14,,-365,117,14
LIQL|1||Lucca-Tassignano~1|38258|5779|12|10,910,18,1,0,,,,,12,,,,11
LIQN|1||Rieti~9|24272|28517|390
LIRH|1||Frosinone~d|16485|32946||16,1431,,0,0,,,,,192,,,,182
LIVD|1||Dobbiaco-Toblach~6|67270|22307|1240
#ME|H
ME-0004|LYBS||Splendid Hotel Helipad|22823|88655|43
#ME|L
LYPG|1|TGD|Podgorica Airport / Podgorica Golubovci Airbase|23594|92519|43|18,2500,45,1,1,184.3,,1120,110,36,,-1120,-120,25
#ME|M
LYTV|1|TIV|Tivat~1|24047|87233|6|14,2502,45,1,1,139,,840,-1000,2,,-850,1000,5
#ME|S
LYBR|1|IVG|Berane~1|28390|98620|697
LYNK|1||Nikšić~9|27730|89163|612|15,1200,,4,0
LYPO|1||Ćemovsko Polje / Špiro Mugoša~9|24223|92910|60|18L,850,45,4,0;18R,800,27,1,0
#PL|S
EPBA|1||Bielsko-Biała Aleksandrowice~9|98050|90019|402|09,510,100,4,0,93,,,,401,,,,401;07,450,100,4,2,74,,,,401,,,,401
EPKW|||Bielsko-Biała Kaniów~9|99416|90196|256|13,995,30,1,1,,,,,251,,,,255
EPZR|1||Żar~9|97711|92181|384
#RS|M
LYUZ|1|UZC|Ponikve~1|38989|96977|904|11,3088,45,1,0,107,,410,-1840,918,387,-410,1830,896
#RS|S
LYSM|||Sremska Mitrovica / Veliki Radinci~9|50374|96602|94|09,1105,58,4,0,92,,22,-655,96,,-11,746,96
LYSU|||Subotica / Bikovo Sport~e|60228|97065|104|14,1199,100,4,0,,,380,-370,107,200,-380,350,107,200
#SI|L
LJLJ|1|LJU|Ljubljana Jože Pučnik~1|62237|44576|388|12,3300,45,1,1,126.4,,880,-1720,388,,-880,1720,363
#SI|M
LJCE|||Cerklje ob Krki~d|59000|55302|155|09,3000,45,1,0,89,,-32,-1984,154,,15,1881,154
LJMB|1|MBX|Maribor Edvard Rusjan~1|64799|56861|267|14,2500,45,1,1,146,,930,-900,267,,-930,910,261;14L,1200,60,4,0,146,,600,-450,,,-310,410
LJPZ|1|POW|Portorož~1|54720|36160|2|15,1201,30,1,1,151,,520,-400,2,,-430,340,2,229
#SI|S
LJAJ|||Ajdovščina~9|58892|38869|116|08,1080,60,4,0,,,,,115,,,,116
LJBL|||Lesce~9|63572|41739|504|14,1130,23,1,0;14L,600,30,4,2,144,,,,505,,,,503
LJBO|||Bovec~9|63290|35502|432|07,850,40,6,0
LJCL|||Celje~9|62456|52231|244|11,808,101,4,0
LJDI|||Divača~9|56828|40032|433|11,800,20,4,0;13,800,15,1,0
LJMS|||Murska Sobota~9|66294|61750|183|09,1200,30,4,0;01,900,55,4,0
LJNM|||Novo Mesto~9|58017|51045|174|05,1399,50,4,0
LJPO|||Postojna~9|57522|41947||02,750,60,4,0
LJPT|||Ptuj~9|64271|59861|210|11,1103,100,4,0
LJSG|||Slovenj Gradec~9|64720|51170|501|14,1204,21,1,0,142,,430,-490,,98,-430,490
LJVE|||Šoštanj~9|63975|50453|391|15,714,18,2,0,,,,,380,,,,379
SI-0002|||Mostje Lendava~9|65997|64321||15,500,30,4,0
SI-0003|||Krapje Veržej~9|65727|61910||04,792,20,4,0
SI-0005|||Metlika Prilozje~9|55890|52597||04,550,25,4,0
SI-0007|||Cerkvenjak-Čagona~9|65477|59152|229|16,550,25,4,0,,,,,227,,,,227
SI-0009|||Imeno~a|61267|56037||01,600,30,4,0
SI-0010|||Kamnik - Dulnica~9|61970|45810|349|11,425,25,4,0
SI-0011|||Šentvid pri Stični~9|59441|48506|310|14,550,30,4,0
SI-0015|||Radenci~9|66286|60462|217|09,510,20,4,0
#SK|L
LZIB|1|BTS|M. R. Štefánik~1|81702|72127|133|13,3190,45,2,1,134,,550,-870,132,,-1440,2210,132,237;04,2900,60,2,1,44,,-940,-1330,133,,940,1380,131
#SK|M
LZMC|1||Malacky/Kuchyňa~d|84020|71184|207|01,2500,60,2,1,18,,-1070,-513,,,1074,501,205
LZPP|1|PZY|Piešťany~1|86252|78284|166|01,2000,30,1,1,14,,-870,-320,163,,880,330,165
LZSL|1|SLD|Sliač~1|86378|91341|318|18,2400,57,2,1,182,,1107,63,318,,-1051,-48,309
LZZI|1|ILZ|Žilina-Dolný Hričov~1|92333|86134|311|06,1150,30,2,1,65,,-400,-700,310,,40,710,311
#SK|S
LSKV|||Kvetoslavov~9|80451|73496||03,630,30,4,0,,212,-237,227,125,,241,227,125
LZDB|1||Slávnica-Dubnica nad Váhom~9|89969|81922|235|05L,1100,,0,0,,,,,235,,,,235;05R,1100,,0,0,,,,,235,,,,235
LZDV|1||Dubová~6|83470|73566|193
LZHL|1||Holič~9|88103|71338|158|04,1300,131,4,0,,,-403,-637,,,405,650
LZJS|1||Jasná~9|90479|95068|641|08,544,15,1,0
LZLU|1|LUE|Lučenec~9|83394|97358
LZMA|1||Martin~9|90653|89508|421|18L,800,,0,0,,,,,420,,,,420;18R,800,,0,0,,,,,420,,,,420
LZNI|1||Nitra~9|82794|81328|134|15L,1080,,0,0,,,,,135,,,,134;15R,1080,,0,0,,,,,135,,,,134
LZNZ|1||Nové Zámky~9|79619|81844|115|16,1001,69,0,0
LZOC|1||Očová~9|85953|92658|363|08L,776,40,4,0,,,-44,-513,,,78,519;08R,775,30,4,0,80,,-75,-504,360,,51,536,370
LZPE|1||Prievidza~9|87661|85867|259|04L,950,,0,0,,,,,255,,,,260;04R,950,,0,0,,,,,255,,,,260
LZPT|1||Male Bielice-Partizánske~9|86192|83297|183|07L,1100,50,0,0,,,,,184,,,,184;07R,1100,50,0,0,,,,,184,,,,184
LZRU|1||Ružomberok~9|90855|93686|493|06,940,40,0,0
LZSE|1||Senica~9|86579|73295|186
LZSY|1||Šurany~9|80760|81140|120
LZTN|1||Trenčín~9|88652|80001|206|04,2000,30,2,0,42.8,,-680,-1710,201,,640,140,205;03,985,66,4,0,32.8,,160,400,203,,900,1130,202
LZTR|1||Trnava~9|84520|75318|200
SK-0001|LZDN||Dobra Niva airfield|84887|91017|348|17,570,12,1,0,168,,228,-44,348,,-213,59,348,70
SK-0057|||Čerín-Čačín~6|86749|92453|471|05,600,15,1,0,52,,,,469,,,,475
SK-0065|||Dolná Štubňa~6|88348|88436||14,450,12,1,0
SK-0072|LZKA||Komoča~9|79705|80405
#SM|S
LIKD|1||Torraccia~9|39489|25114|240|16,650,30,0,0;H1,20,20,1,0,,,-14,-114,253
