#CA|L
CYWG|1|YWG|Winnipeg / James Armstrong Richardson~3|99100|27601|239|18,3353,61,1,1,189.3,,1530,570,238,,-1440,-180,237;13,2695,61,1,1,137,,280,-1230,239,,-1470,1270,236;07,1372,61,1,2,75.4,,-140,460,,,170,2300,236
#CA|M
CYAG|1|YAG|Fort Frances~5|86557|65565|343|12,1372,30,1,1,126,,230,-460,342,,-490,1050,341;03,792,23,1,1,34.8,,-290,-180,341,,290,430,343
CYBR|1|YBR|Brandon~5|99100|481|409|08,1981,46,1,1,90,,-290,-1400,409,,-250,1360,406;14,914,18,5,0,150,,350,300,408,,-350,970,406;02,852,30,1,2,20.4,,-300,-100,,,400,310
CYHD|1|YHD|Dryden~4|98317|72558|413|12,1827,46,1,1,114,,341,-1095,413,,-364,1196,412,61;05,610,23,8,2,56,,-450,230,412,,-140,920,412
CYIB|1|YIB|Atikokan~5|87739|83614|429|04,1067,30,1,1,39.1,,-360,-470,422,,380,450,429
CYPG|1|YPG|Portage-la-Prairie / Southport~1|99031|17262|270|13R,2134,61,1,1,133,,460,-1070,268,,-870,1050,270;13L,954,46,1,0,134,,770,-540,265,,190,440,265;02,928,46,1,1,19,,80,460,265,,860,880,262;09,814,46,1,0,89,,860,-340,264,,880,740,262
CYQK|1|YQK|Kenora~1|97883|56369|406|08,1768,46,1,1,77,,-170,-1200,404,,180,1180,406
CZUC|1|ZUC|Ignace~5|94282|82796|437|05,1070,23,1,1,49.3,,-180,-320,,,460,820
#CA|S
CA-0238|||Minaki~1|99713|52990|334|15,815,15,1,0,155
CJA3|||Morden~4|92086|19365|290|10,1200,23,1,1,106.4,,310,-340,,,0,1240;17,701,30,4,0,178.3,,810,-150,,,200,-120
CJA5|||Nestor Falls~1|91403|60831|364|03,1117,23,5,0
CJB2|||Friendship~a|94914|19818|269|17,701,40,4,0
CJB3|||Steinbach~1|95494|33206|259|14,914,23,1,1,150,,340,-280,,,-360,330
CJJ2|||Glenboro~1|95500|6667|378|17,808,30,4,0
CJL5|||Winnipeg / Lyncrest~1|98525|30264|236|09,914,55,4,0;17,762,61,4,0
CJL6|||Altona~5|90931|24707|246|17,990,23,1,1,180,,550,-460,,,-340,-460,,42;08,610,24,4,0,90,,220,-1400,,,220,-570
CJS5|||Killarney~5|91517|3097|512|12,975,23,5,0
CJS7|||Carman (South)~1|94803|19850|265|08,597,38,4,0
CJT8|||Homewood~1|95092|21494|248|08,914,21,4,0
CJZ2|||Portage La Prairie (North)~1|99925|16969|262|14,853,27,4,0;18,625,23,4,0;09,594,23,4,0
CKA4|||Zhoda~1|92808|34989|290|12,876,27,4,0
CKA8|||St. François Xavier~1|99244|24511|243|01,914,27,4,0
CKC8|||Somerset~1|94003|13075|476|08,762,30,4,0
CKD7|||Roland (Graham Field)~1|94083|20094|264|17,1067,21,4,0
CKF6|||Macgregor~1|99667|12500|290|17,732,15,4,0;07,716,18,4,0
CKG5|||Manitou~1|92500|14667|485|08,783,30,4,0
CKJ2|||Rosenort~1|94531|25775|237|17,625,12,4,0
CKJ7|||Starbuck~1|97061|23221|239|13,914,84,4,0;17,777,61,4,0;08,579,38,4,0
CKK7|||Steinbach (South)~1|94939|33011|271|18,949,30,1,0,179,,434,102,269,,-418,126,271;07,559,30,4,0,75,,307,-377,268,,433,370,267
CKM2|||Sioux Narrows~1|93900|60047|335|06,1006,35,4,0
CKQ7|||Vermilion Bay~1|98797|65636|391|10,853,23,5,0;18,808,23,4,0
CKU2|||Treherne~1|96311|13336|366|09,792,27,4,0;17,533,20,4,0
CKZ6|||Louise~5|91472|11192|465|08,899,23,4,0
CKZ7|||Winkler~1|91669|20797|259|08,884,23,1,0;17,469,23,4,0
CTN6|||Treherne (South Norfolk Airpark)~1|96597|13347|363|17,945,21,4,0
#US|H
US-8513|||Hutchinson Health~2|48762|56286|328|H1,15,15,3,1
#US|L
KDSM|1|DSM|Des Moines~3|15340|63433|292|5,2744,46,2,1,54,,-1060,-2040,279,,390,610,285;13,2744,46,1,1,132,,1160,-1780,278,,-500,650,292
KMSP|1|MSP|Minneapolis–Saint Paul International Airport / Wold–Chamberlain~a|48801|67783|256|04,3355,46,2,1,45,,-780,-1660,254,472,1350,1340,252,301;12R,3048,61,1,1,121.3,,770,-1240,256,,-660,2050,248;12L,2499,46,1,1,121.3,,1280,70,255,,120,2770,250;17,2438,46,2,1,169.5,,770,-2050,256,,-1390,-1490,254
KOMA|1|OMA|Eppley~9|13032|41059|300|14R,2896,46,1,1,144.4,,1060,-1200,300,,-1060,820,299;14L,2591,46,2,1,144.4,,1030,-630,299,,-860,1170,299;18,2485,46,1,1,180,,1020,-40,299,43,-1220,-50,298
#US|M
KABR|1|ABR|Aberdeen~4|54491|15782|397|13,2103,30,2,1,135.1,,610,-620,397,,-730,1280,397;17,1676,30,1,1,180,,650,-560,397,,-860,-550,396
KALO|1|ALO|Waterloo~4|25571|75997|266|12,2560,46,1,1,128,,890,-1170,266,,-520,1300,264;18,1830,46,1,1,187.8,,880,-120,265,,-750,-420,264;06,1647,39,1,2,68,,-650,-750,265,,-90,1110,264
KATY|1|ATY|Watertown~4|49140|28453|533|12,2103,30,1,1,124.6,,820,-1460,532,,-250,730,528;17,2101,30,1,1,180.3,,660,370,530,,-1230,350,531
KAXN|1|AXN|Chandler~a|58663|46053|434|13,1554,30,1,1,139.3,,530,-740,430,,-530,570,433;04,1249,23,1,1,49.2,,-370,-500,434,,360,720,432
KBDE|1|BDE|Baudette~3|87284|53878|331|13W/31W,1829,37,12,0;12,1676,30,1,1,121,,390,-980,331,,-380,980,330
KBJI|1|BJI|Bemidji~4|75094|50663|424|13,2135,46,1,1,134,,660,-930,424,,-600,990,421;07,1737,46,1,1,74,,-250,-1140,422,213,180,1080,421
KBRD|1|BRD|Brainerd Lakes~4|64029|58703|376|16,2164,46,2,0,163,,1300,-560,374,,-400,210,376;05,1985,46,1,1,53.4,,-830,-1660,372,,230,410,372;12,1244,23,1,1,126,,-390,-1840,373,155,-1040,-520,373,171;01,853,23,1,2,12.7,,-1050,-550,373,,-300,-310,372
KBRL|1|BRL|Southeast Iowa~4|7832|88745|213|18,1860,30,1,1,179.5,,560,160,212,369,-1280,170,206;12,1631,30,2,1,119.6,,820,-1050,211,,100,630,211
KCCY|1|CCY|Northeast Iowa~4|30726|73892|343|12,1219,23,2,1,125.4,,450,-680,340,,-190,540,340;04,773,49,4,0,44.9,,-330,-140,343,,160,530,343;17,543,52,4,0,180,,60,-130,,,-400,-130
KCID|1|CID|The Eastern Iowa~1|18847|82892|265|09,2621,46,3,1,91,,0,-1840,260,,-40,1320,262;13,1890,46,3,1,136,,640,-430,265,,-580,1150,258
KDBQ|1|DBQ|Dubuque~4|24020|92905|328|13,1982,30,2,1,135,,730,-600,328,,-530,1100,324;18,1928,46,2,1,180,,760,-250,327,,-970,-250,315
KDLH|1|DLH|Duluth~3|68419|78013|435|09,3228,46,2,1,92.3,,60,-2160,435,,-50,1890,433;03,1743,46,1,1,31.5,,-610,1050,431,,720,2240,432
KDVL|1|DVL|Devils Lake~4|81155|10912|444|13,1951,30,1,1,138,,490,-600,440,,-630,910,440;03,1315,23,1,1,45,,-590,-790,442,56,250,450,439
KEAR|1|EAR|Kearney~4|7270|9932|650|18,2162,30,1,1,187.4,,940,-30,649,,-990,-360,650;13,1371,23,2,1,141.2,,530,-190,649,,-430,820,649
KEAU|1|EAU|Chippewa Valley~4|48658|85157|278|04,2469,46,2,1,45,,-650,-840,270,244,920,1370,278;14,1524,30,2,1,139,,300,-1050,269,,-730,220,271
KELO|1|LYU|Ely~5|78245|81693|444|12,1706,30,1,1,119.8,,390,-990,439,,-380,990,443
KFAR|1|FAR|Hector~3|69207|31842|275|18,2744,46,2,1,180,,1220,-30,274,,-1250,-60,274;09,1921,30,2,1,90,,640,-1150,273,,630,1370,273;13,1159,23,1,1,137,,-660,-570,275,,-1420,460,274
KFOD|1|FOD|Fort Dodge~4|25526|58088|352|06,1996,46,1,1,65,,-500,-1450,329,,260,750,353;12,1616,30,1,1,127,,270,-490,339,,-600,1080,348
KFSD|1|FSD|Sioux Falls~4|35855|32588|436|03,2743,46,2,1,34.9,,-1290,-1250,434,,740,690,436;15,2438,46,1,1,155,,760,-490,435,,-1230,790,433;09,960,23,2,1,103.2,,-750,-630,433,,-950,520,433
KGFK|1|GFK|Grand Forks~3|79493|28239|258|17R,2241,46,1,1,180,,1000,-510,257,,-1020,-510,258;09L,2042,30,2,0,90,,310,-880,256,,310,830,257;17L,1189,23,2,1,180.1,,210,990,257,,-860,990,257;09R,1006,18,2,1,90,,-1130,650,256,,-1131,1996,257
KGRI|1|GRI|Central Nebraska~4|9675|16904|563|17,2134,46,1,1,180.3,,970,-520,562,,-950,-530,563;13,2014,30,2,1,135.3,,1090,-210,561,,-200,1470,561
KHIB|1|HIB|Range~4|73848|71631|413|13,2060,46,1,1,132,,690,-1090,412,,-560,930,408;04,937,23,1,0,49,,150,-970,411,,700,-30,411
KHON|1|HON|Huron~4|43852|17715|393|12,2195,30,2,1,128.1,,720,-1290,393,,-500,880,391;18,1524,23,2,1,180,,520,280,391,,-850,300,391
KHYR|1|HYR|Sawyer~8|60252|85557|371|03,1525,30,1,1,25,,-560,-410,369,,690,420,371;16,332,37,4,0,160,,20,-90,369,,-300,70,369
KINL|1|INL|Falls~3|85662|65969|361|13,2256,46,1,1,136,,660,-960,361,,-620,910,355;04,914,23,1,0,41.8,,-360,-360,357,,250,470,360
KIRK|1|IRK|Kirksville~4|935|74551|294|18,1830,30,2,1,180,,720,70,294,,-920,50,294;09,418,30,6,0,91,,430,-520,,,430,-20
KJMS|1|JMS|Jamestown~4|69297|13218|457|13,1982,30,1,1,134.8,,600,-890,457,,-660,960,456;04,1753,23,1,1,44.7,,-520,-850,455,,600,770,457
KLNK|1|LNK|Lincoln~1|8449|32382|372|18,3932,61,1,1,180,,1810,10,364,,-1730,-10,358;14,2636,46,1,1,145,,2240,-790,365,111,300,1000,359,143;17,1768,30,1,1,180,,1640,1100,372,,160,1100,358
KLSE|1|LSE|La Crosse~4|38790|87433|200|18,2665,46,2,1,179,,1420,-220,199,,-920,-190,198;13,1844,46,1,1,134,,580,-820,199,,-580,820,198,229;04,1585,46,1,1,36,,-900,-310,197,,270,880,199
KMCW|1|MCW|Mason City~5|31598|66703|370|18,1982,46,1,1,179.9,,880,200,370,,-900,200,364;12,1677,46,1,1,124.9,,0,-1420,369,,-860,270,364
KMLI|1|MLI|Quad City~3|14485|94925|180|09,3049,46,1,1,90.9,,60,-1950,176,,10,1690,175;13,2225,46,1,1,128.2,,650,-790,178,,-550,1230,177;05,1071,46,1,1,49,,-530,-570,176,,300,660,179
KOFF|1|OFF|Offutt Air Force Base|11193|40915|321|12,3566,91,0,3,129,,1020,-1620,316,305,-1010,1680,296,335
KOFK|1|OFK|Karl Stefan~i|19855|25649|479|14,1770,30,1,1,142,,660,-770,470,87,-600,540,475;02,1768,30,1,1,19,,-790,-240,479,,710,470,467
KOLU|1|OLU|Columbus~5|14481|26598|441|14,2073,30,2,1,150,,930,-970,441,,-680,280,440;02,1260,46,4,0,29.8,,-530,-10,439,,460,750,439
KOTM|1|OTM|Ottumwa~4|11064|75502|258|13,1829,30,1,1,135,,460,-600,256,,-690,910,255;04,1402,30,1,1,45,,-330,-440,256,,680,890,255
KRDR|1|RDR|Grand Forks Air Force Base|79611|25988|278|17,3764,46,1,1,180,,1710,40,273,,-1670,40,278
KRNH|1|RNH|New Richmond~4|51483|74619|304|14,1679,23,1,1,143,,440,-460,304,,-440,470,304;04,611,23,4,0,44.7,,-830,-210,,,-420,370
KRST|1|RST|Rochester~3|39083|75000|401|13,2754,46,2,1,132,,1190,-1210,386,,-480,1330,397;03,2225,46,2,1,26,,-1340,-690,401,,450,540,391
KRWF|1|RWF|Redwood Falls~5|45472|49177|312|12,1220,30,1,1,128,,390,-640,310,,-280,570,311;05,634,61,4,0,56,,-260,-250,310,99,60,400,310
KSTC|1|STC|Saint Cloud~4|55466|59401|314|13,2286,46,2,1,136,,730,-940,314,,-650,950,310;05,914,23,1,1,59,,-330,-510,311,,90,500,312
KSTP|1|STP|Saint Paul Downtown Holman~a|49348|69400|215|14,1978,46,1,1,146,,640,-780,215,104,-890,670,214,152;13,1220,46,1,1,127.7,,440,-500,215,,-250,750,213;09,1110,30,1,1,90.7,,10,-740,213,,-10,670,213
KSUX|1|SUX|Sioux Gateway Airport / Brigadier General Bud Day~a|23976|36178|335|13,2744,46,2,1,136,,1160,-1550,333,,-610,780,333;17,2012,46,1,1,181,,1710,30,334,,-100,0,334
KTVF|1|TVF|Thief River Falls~4|80657|38150|341|13,1982,46,1,1,135,,530,-840,339,,-730,1050,339;03,1523,23,1,3,39,,-400,-780,340,,660,510,340
KVOK|1|VOK|Volk~a|39390|97466|278|09,2743,46,2,1,89,,0,-1680,276,,40,1730,278
KYKN|1|YKN|Chan Gurney~5|29167|26141|398|13,1857,30,2,1,140,,760,-850,398,,-520,620,387;01,1030,23,1,1,21,,-660,-40,388,,210,420,391
#US|S
00MN|||Battle Lake~5|63000|42997|416|06,899,61,4,1
00SD|||Homan~a|48092|35011|485|18,732,15,4,0
02WI|||Beer~1|50319|73442|280|18,671,18,4,0,,,,,,244
03MN|||Nauerth Land~b|36252|47753|437|17,591,23,4,0
03ND|||Olafson Brothers~1|86264|21710|319|17,792,15,4,0
03NE|||Hyde~b|15464|6688|741|01,671,61,4,0
04IA|||Middlekoop~1|10883|79454|244|18,704,26,4,0
04MN|||Helblad~1|79858|53131|364|10,762,46,4,0
04W|||Field of Dreams~1|60228|71046|311|06,839,23,1,1,66,,-150,-470,311,58,160,520,308,120
05IA|||Spotts~a|31375|69317|352|09,747,20,4,0
05NE|||Mc Kay~1|17222|16910|613|15,978,24,4,0
05Y|||Henning~5|63038|45605|443|17,975,61,4,1,,,460,-280,439,,-420,-280,443
06IA|||Rich~a|18414|81657|268|09,518,30,4,0
06IS|||Sinele Strip|5464|87257|212|18,792,21,4,0
06Y|||Herman~5|58300|38394|326|14,913,18,1,1,,,320,-300,322,,-380,320,326
07IA|||Hoskins Landing|6479|49787|296|18,488,18,4,0,177,,218,-21,296,,-221,11,295
07K|||Central City Municipal - Larry Reineke~a|11126|19483|523|15,1128,18,2,1,,,380,-160,523,,-590,230,523
07MN|||Dairyview~1|40550|40905|512|E/W,792,15,4,0
07Y|||Hill City-Quadna Mountain~1|69555|64031|393|16,885,46,4,0,,,400,-240,,,-340,130
08NE|||Laurel~5|24305|29213|447|11,914,30,4,1
09IA|||Skydive Iowa~1|17454|75885|250|09,823,24,1,0
09NE|||Summer Hill~h|13333|38064|381|18,762,15,4,0
09WI|||Parkway Farm Strip|40036|86924|215|N/S,762,30,4,0
0E9|||Corydon~1|7547|67576|311|09,997,24,4,0,,,,,,329;11W/29W,914,30,12,0
0H7|||Kahoka~5|4216|82937|213|10,817,35,4,0,,,70,-510,,97,-50,440,,79
0IA4|||Sharar~a|10279|89366|213|09,914,24,4,1
0IA5|||Moore Private~1|8722|67373|323|17,610,18,4,0
0LL2|||Murk's Strip|7389|96193|213|E/W,792,23,4,0
0MN8|||Fagen~a|47647|43746|323|18,779,23,4,0
0MO5|||Joe D Lewis~1|1334|78998|238|N/S,549,18,4,0
0NA1|||Goerger~1|62454|29618|319|08,1036,21,4,0
0NA5|||Sorlie~1|80011|4371|482|17,671,18,4,0
0ND0|||Gilbertson~a|79292|5996|472|17,792,15,4,0
0ND6|||Schumacher Strip|60550|829|616|08,488,8,4,0
0NE6|||Frager~a|4333|19294|538|17,1067,30,1,0,175.9,,510,-50,,61,-500,50
0SD1|||Lodi~1|29720|30201|366|08,526,18,4,0
0WI1|||Mort's Landing~1|55072|78581|383|03W/21W,3048,1219,12,0;04,701,12,1,0,39.3,,-330,-390,,,340,380
0Y6|||Lake Mills~5|34133|64880|384|18,1030,30,4,1,,,500,20,,,-430,30,,58
10D|||Winsted~5|49538|59349|314|09,990,61,4,1,,,0,-660,314,,0,600,314
10IA|||Flyers~1|24167|77498|253|17,733,26,4,1
11IA|||Koch~a|23496|74867|301|18,402,30,4,0,,,223,-9,,,-154,-9
12IA|||Plueger~9|28005|38622|379|09,411,61,4,0
13Y|||Littlefork Muni/Hanover~1|84166|64137|349|09,914,46,4,0,,,-830,70,344,,-830,1310,343
14IA|||East River~1|33603|55576|376|18,847,37,4,0
14WS|||Lakewood Lodge~1|57780|84415|416|15,747,18,4,0,140.3,,260,-310,,,-260,310
15MN|||Tyler Farms~1|52622|54893|361|05,762,37,4,0,49.8,271.9,-220,-370,,,220,380;14,610,27,4,0
15MO|||Applegate~1|3916|74353|304|16,700,23,4,1
15NE|||Sindt~1|2879|11718|607|03,884,18,4,0
16IA|||Stangl~1|18800|52227|375|18,732,18,4,0
16NE|||Korver~1|5600|35083|424|18,1521,21,4,0
18MN|||Hines~h|62372|54069|391|E/W,792,15,4,0
18NE|||Doc's~1|5139|23894|500|04,1128,30,4,0,,,,,,,,,,213
18Y|||Milaca~5|57725|63678|335|16,884,46,4,1,,,350,-220,335,,-410,140,335
19IA|||Ancam Antique~9|8568|87962|210|18,1036,30,4,0
1A2|||Arthur~1|71111|27927|297|17,945,26,4,0,,,540,-110,297,,-310,-110,297
1D6|||Hector~5|47311|52853|328|12,846,15,1,1,,,170,-30,329,,-210,710,328;05,730,56,4,0,,203
1H9|||Nest of Eagles~1|58355|81973|341|01,1097,30,4,0,9,,-480,-140,,,490,140
1MN0|||Wetherbee~h|60436|34538|299|17,792,24,4,0
1MN2|||Hay Acres~1|59382|52393|436|16,503,23,4,0
1MN5|||Molnau~j|48439|62639|305|E/W,823,30,4,0
1MN8|||Sky Harbor Residential~j|45257|66726|339|12,840,42,4,1
1MY1|||Carlson Agricultural~1|59853|38056|315|09,1372,18,1,0,93.9,,40,-890,,,-40,880
1NA5|||Gienger/Box Bar~b|66250|5496|594|08,701,18,4,0
1ND4|||Walkinshaw~1|70583|29830|274|17,762,46,4,0;08,457,18,4,0
1ND7|||Dittmer~1|68291|27330|287|N/S,610,20,4,0
1NE2|||Witthuhn~1|13250|829|823|N/S,762,30,4,0
1NE5|||Sibbernsen~1|14055|37139|390|13,427,23,4,0
1SD1|||Burke~a|31654|22691|412|18,792,27,4,0
1SD3|||Turkey Ridge~1|32333|28497|404|08,1615,46,4,0
1SD5|||Drake~h|37686|12013|506|N/S,1311,27,4,0
1SD8|||Tribitt~1|50477|34474|358|09,671,8,4,0
1WN3|||Danielson~g|52114|74657|305|12,610,18,4,0,124,,200,-490,,,-110,150;03,488,15,4,0,30.7,,-140,-330,,,230,-10
1Y3|||Judge Lewis Field Mount Ayr~5|7060|57797|386|17,792,12,5,1,,216
1Y5|||New Hampton~5|30872|76568|358|17,884,23,1,0,,,490,-160,358,,-290,50,356;04,701,32,4,0
1Y9|||Paullina~5|29883|43355|422|17,853,9,1,1,181,,370,50,,,-400,50
20SD|||Lutgen~1|44489|34942|538|18,433,18,4,0
22IL|||Heller~1|24128|96004|250|15,579,30,4,0
22WN|||Southwind~1|30686|97805|314|11,549,23,4,0
23D|||Karlstad~5|85774|34587|312|17,794,48,4,1,,,530,-160,312,,-180,20,312
23IS|||Clark~1|3257|91724|174|E/W,488,21,4,0
23MN|||High Grove~1|36411|79779|378|09,457,30,4,0
23WN|||Willie's~1|59111|83715|338|18,701,46,4,0
24IA|||Isley~a|25158|74802|299|08,792,58,4,0,,,0,-480,296,,0,480,299
25IA|||Virl B Deal~9|33951|70363|360|15,457,23,4,0,,,180,-141,,,-180,140
25WN|||Little Plum Creek~1|45287|78797|4|09,805,30,4,0,,242.9
26IA|||Midway View Farms~1|23738|42349|413|15,605,20,4,0
26MN|||Christianson~a|73300|32163|266|N/S,792,18,4,0
26WI|||Kitty-Wompus~1|56991|86965|407|16,914,61,4,0
27IA|||Oldfield Aero|7513|79693|229|09,549,18,4,0,90,,0,-340,229,,0,310,224
27MN|||Lake Bronson~1|87375|33455|293|13,764,25,4,0
28NE|||Big Thunder~1|17903|29031|530|18,802,30,4,0
28WI|||Rutherford~1|46041|79534|241|09,914,18,4,0
29IA|||Hilltop~1|7557|43765|341|17,929,24,4,0,173,,471,-57,333,,-358,74,340
29MN|||Wetenkamp~1|60283|36372|302|17,914,18,4,0
2C4|||Flying A~1|38167|76631|396|09,914,46,4,0,,,10,-560,,,0,570
2C6|||Tri-County~1|7740|99256|201|02,856,46,4,1,19,,-370,-160,201,,360,160,199
2E6|||Groton~5|55340|19060|398|15,631,43,4,0
2H3|||Cornell~5|51651|88944|352|09,738,14,1,1
2IA9|||South 80~a|31908|62292|369|08,610,24,4,0
2IL3|||McNeal's~a|15159|96204|175|18,655,61,4,0,,,290,20,175,,-310,30,175
2IS4|||Ritter~a|13378|89865|168|E/W,579,30,4,0
2L1|||Larimore~5|79069|23594|344|12,888,15,1,1,,301,270,-480,344,,-320,390,344
2MN0|||Pribbs~a|80821|29837|249|09,792,18,4,0;18,671,15,4,1
2MN1|||Winter Strip|50461|45355|317|18,792,18,4,0
2MN2|||Dreamcatcher~1|69404|67021|381|09,518,18,4,0
2MN4|||Cornfield Canyon~1|35985|57471|345|9,805,21,4,0
2MN6|||Van Norman's~1|40472|79071|335|17,488,24,4,0
2MN7|||Fussy~1|57916|56592|335|09,701,24,4,0
2MN8|||Trygstad~1|39961|76643|374|09,762,12,1,0,,,,,,113
2MN9|||F. Dillenburg~1|58244|60047|395|09,610,20,4,0
2MY2|||Zarn~1|39074|57253|320|18,402,18,4,0
2MY5|||Sevcik Farms~1|42141|66739|350|18,645,18,4,0
2ND0|||Kraft~1|68132|29492|277|17L,968,37,4,0;17R,823,23,4,1
2ND8|||Fiebiger~1|66714|13419|454|9,1037,9,4,0
2NE0|||Johnson Lake~1|6967|1657|800|15,924,61,4,0
2NE3|||Rusty Crankshaft~1|6063|33786|395|18,610,23,4,0
2SD4|||Nicolaisen~1|36825|17339|439|N/S,853,15,4,0
2SD7|||Dangel~1|33333|29372|391|18,792,23,4,1
2SD9|||TC~a|54517|9898|462|18,762,9,1,0,180,,390,10,,,-290,10
2VA|||Zangger Vintage~j|34514|35941|450|12,1067,30,4,1
2WI5|||Blair Lake~1|60974|98368|495|09,610,18,4,0
2WN5|||Murmuring Springs~1|40064|99808|277|11,762,30,4,0,105.5,,80,-460,,,-90,450
2WN6|||Cunningham~1|45297|95807|332|04,762,18,4,0
2WS2|||Connor's Lake Landing|59128|77068|305|18,538,24,4,0,,342
2Y1|||Drake~1|23167|65831|359|08,756,27,4,1,,,,,,,,,359
30NE|||Nebraskaland Aviation~1|3558|13142|610|17,792,18,4,0,180,,352,0,623,,-362,-4,632
31MO|||Hannah~1|1055|52567|286|E/W,671,15,4,0;N/S,396,15,4,0
32MN|||Don's Landing~a|53675|56006|347|E/W,640,61,4,0
34IA|||Beck~1|9972|68444|312|18,792,18,4,0
34IL|||G. Bray~1|3615|98902|168|16,488,21,4,0,,,279,-107,170,,-142,58,166
34ND|||Plath Farms~1|67057|28430|283|18,792,18,4,0
35IA|||Frazier~1|18483|94044|231|9,855,28,4,0
35MN|||Wipline~1|48155|69865|209|03,701,46,4,0
36IS|||Gillen~1|9264|92688|229|18,701,21,4,0
36NE|||Frevert~6|25141|24189|549|15,792,23,4,0
36WI|||Holland Air Park|40322|87004|223|18,975,18,1,1,180,221.3,450,-10,,91,-440,-10,,91
37IA|||Nemo~a|18497|95226|221|9,887,24,4,0
37NE|||Watermeier~1|6078|36922|335|15,610,18,4,0
38IA|||Garys~1|34257|53413|393|18,1002,24,4,0
38IS|||Winchester~1|5820|86415|209|N/S,530,21,4,0
38ND|||Schroeder Private~1|70980|25988|347|12,549,15,4,0
38NE|||Boardman Aerial~1|7536|21486|524|17,896,7,1,0
39IA|||Husband~a|16794|59798|308|17,732,30,4,0,,234.8,,,,241
39LL|||Sullivan~1|4014|86969|194|09,762,30,4,0,,272
39WI|||S & S~b|34847|93801|366|13,671,9,1,0
3A9|||Arlington~5|43931|28766|554|14,914,76,4,1,,309.3,380,-290,549,,-320,300,552;04,732,76,4,0,,,-170,-180,550,,300,460,554
3G8|||Gen-Airpark|14398|98899|197|09,783,37,4,1,,295.4,10,-460,194,73,-10,470,194,91
3H5|||Erie Air Park|16792|99213|183|18U/36U,610,61,4,0,,,600,10,,,50,10
3IA9|||Rake~1|34758|60928|360|09,732,27,4,1,,316
3IS2|||Earp~1|7406|93304|226|E/W,686,24,4,0
3IS4|||Merkle~1|22889|96546|296|18,884,30,4,1,,198,,,,91
3MN7|||Blue Sky~1|68007|34054|283|18,671,23,4,0
3MN9|||Schumacher~1|49844|60639|311|10,640,30,4,0,,226.8,,,,69,,,,69
3N8|||Mahnomen~8|72614|40699|379|17,978,46,4,1,,267,240,-70,,,-620,190
3NA0|||Erickson~1|74167|24885|334|08,792,15,4,0
3NA6|||Risovi Ranch Strip|77706|5382|475|08,594,30,4,0
3ND5|||Gage Flying Farmer~1|70611|22288|376|12,732,24,4,0
3NE3|||Wells~1|5069|6835|693|N/S,762,30,4,0
3NE5|||MT~9|9476|37974|355|11,762,8,2,0,118,,154,-401,348,,-164,401,355
3NO|||North Omaha~1|13683|39775|403|17,756,12,2,1,,,,,,,,,,183
3SD4|||Chris Hofer~f|34649|31374|454|16,701,37,4,0
3WI9|||Rosenbaum~a|49938|86222|287|18,762,30,4,1,,244
3WN2|||Old Dairy~1|66916|91293|221|17,610,15,4,0,,317.5,,,,122,,,,122
3WN6|||Knutson Farms~1|52390|82881|315|18,610,30,4,0
3WN8|||Blunt~a|49356|85693|283|18,808,23,4,0,,279,,,,,,,,134
3WN9|||Brion~i|45569|86331|274|09,640,30,4,0,,265.7,,,,,,,,91
3WS9|||Woodland Farms~1|36114|96928|399|9,682,18,4,0
3Y4|||Woodbine~5|17361|43164|326|17,623,29,4,1,,273,,,,139,,,,166
40MN|||Turner~a|38666|49858|430|E/W,671,24,4,0
40ND|||Gorder~h|63878|31800|290|18,776,18,4,0
40NE|||Landgren~b|19756|14847|640|13,975,38,4,0
40WI|||Schubert~6|40583|85693|229|09L,762,15,4,0;09R,686,15,4,0
42MN|||Kral's Personal Use Landing~a|50841|64356|302|E/W,518,61,4,0
43IA|||Giggity Acres~1|17708|96000|202|9,508,24,4,0
43MN|||Superior Aero Estates~1|69340|75872|422|15,1067,30,4,0,147,,400,-380,417,,-400,390,422
43NE|||Onion Crest~j|7659|8452|672|17,1036,15,1,1,,,,,,61,,,,61
43Y|||Northome~5|78895|57399|435|12,975,45,4,1,,233,60,-260,433,,-440,820,435;02,625,45,4,0,,340,-350,-240,430,,210,100,433
44WI|||Stoiber~1|47722|96149|396|03,472,18,4,0,,342
45MN|||Kaml~6|79261|33858|274|NW/SE,518,23,4,0
45NE|||Mitchell~a|8315|7375|680|13,488,15,4,0
45WI|||Windsong~h|50000|77165|381|05,610,24,4,0
47MN|||Sons Private-Commercial~1|47053|61450|305|09,640,35,4,0
47Y|||Pelican Rapids Muni-Lyon's~a|66416|38955|423|15,994,43,4,1,,215,420,-190,423,,-440,170,420
48Y|||Piney Pinecreek Border~1|89996|40174|329|15,1005,23,1,1,153,,400,-310,329,,-400,320,325
49MN|||Willow Ridge~1|46714|71728|256|E/W,671,23,4,0
4C7|||Ackley~5|25471|69667|326|15,831,30,4,0,,,350,-290,326,,-270,270
4D8|||Fuller~1|33332|48410|439|09,876,15,1,1,90,,160,-440,438,18,160,650,438,110;18,671,30,4,0,180,234,140,-120,437,,-410,-120,437
4D9|||Alma~5|1121|6536|631|17,975,18,4,0
4IA2|||Walker~a|15856|87801|218|18,701,20,4,0
4IA4|||Mccoy~1|8186|86611|218|18,914,27,4,0
4IA7|||Witcombe~a|24713|74955|305|18,518,30,4,0
4IL5|||Frank's Flying Service~1|17250|99974|183|N/S,622,30,4,0
4MN1|||Hintzman Private~1|66510|46451|447|17,666,18,4,0
4MN5|||Kapaun-Wilson~a|55505|35486|342|17,686,30,4,0,,,340,0,340,,-340,0,342
4MO2|||Newcomb Hereford~b|5584|75581|259|15,610,18,4,0
4MO7|||Crop Care~1|1414|47592|267|15,671,12,5,0
4N4|||Lidgerwood~5|60895|28339|329|17,792,30,4,0,,,300,-70,330,,-410,-70,331
4ND1|||Knutson~1|77928|28463|268|N/S,1049,50,4,0
4ND8|||Sanden~1|63488|28916|325|13,1006,46,4,0
4NE1|||McMillan~b|17523|2445|762|08,1219,18,4,0;12,792,18,4,0
4R6|||Milnor~5|62602|25607|333|08,674,27,4,1,,,30,-630,332,,30,240,332
4S5|||St Thomas~5|86264|25608|255|17,792,15,1,1,180,,1090,4190,255,85,370,4190,255,21
4WI0|||Wissota~1|49333|87276|285|06,853,30,4,1,,301.2,,,,,,,,127
4WI5|||Carlson~1|47236|85401|274|04,549,30,4,0
4WN5|||David Randall~1|54570|76217|352|18,778,20,4,0,,,350,40,,,-340,-20
50K|||Pawnee City~5|1161|38055|384|14,1029,38,4,1
52MN|||Anderson~a|86430|31927|244|N/S,914,30,4,0
52ND|||Richtsmeier~1|71894|27105|319|18,1018,21,4,0
52WI|||John's~a|51596|99426|442|18,762,23,4,0,,346
52Y|||Remer~5|70680|60859|411|13,843,47,4,0,,,250,-280,411,,-250,550,411
53IA|||Tama~1|19500|74234|248|01,762,40,4,0
53ND|||R. Leep Strip|75481|529|577|17,610,23,4,0
53NE|||Starns Brothers~1|10814|35966|332|17,610,18,4,0,,4.6,,,,,,,,46
54MU|||Brown~a|3004|48878|306|17,762,24,4,0,173,,344,-51,307,,-338,55,294
54WI|||Flyplassen~1|49638|77048|396|18,434,23,4,0
56MN|||Lothert's Farm Strip|46455|50386|309|E/W,549,18,4,0
56NE|||Noble~a|10328|11880|600|08,792,46,4,0
57ND|||Odegaard~1|66105|29395|311|12,640,18,4,0
58MN|||Northwest Angle~1|93500|49229|326|08,725,32,4,0
59MN|||Cox-Coyour Memorial~a|85992|48135|397|E/W,777,30,4,0
5D2|||Northwood~5|34483|67981|373|17,1006,30,4,1,,188
5G4|||Eau Claire Lakes~1|63489|85034|370|18,703,21,4,0
5H3|||Clear Lake~5|47714|33119|549|13,914,46,4,1,,244,350,3800,548,,-270,4550,546;02,649,46,4,0,,,-210,3870,546,,340,4160,547
5IA5|||Folkerts~1|31430|71220|351|E/W,792,25,4,0
5IS9|||Mc Pherson~1|3306|89499|195|E/W,549,21,4,0
5K4|||Schuy-Rush~1|1175|94096|203|09,1087,30,4,1,,172,-20,-500,203,93,-20,770,203,141
5K9|||Pruetz~5|62889|10579|604|17,884,34,4,0,,,560,-110,600,,-240,-110,604
5MN0|||Scrabeck~1|38668|74389|390|11,427,15,4,0
5MN2|||Hoiland~a|73958|46325|468|18,610,46,4,0
5MN5|||Barnes~1|54364|71651|288|16,503,15,4,0
5MN7|||Lindey's Landing~1|63872|60681|395|04W/22W,3048,792,12,0;18,732,15,4,0;09,549,15,4,0
5MN9|||Chanlin~a|84236|38711|350|18,732,23,4,0
5MO6|||Vansickle-Davis~1|1279|77089|269|18,549,23,4,0,180,,253,-3,269,,-143,-2,265
5N4|||Sky Haven~1|66263|23793|350|12,872,12,1,1,,,180,120,346,,-410,880,347;03,657,7,1,0,,,-130,400,347,,330,950,343
5NA2|||Largo Base~1|75378|26363|305|17,732,8,4,0,,,,,,30
5ND3|||Craig Private~1|88555|26780|244|15,488,12,6,0;18,488,12,6,0
5ND9|||Deck~1|74847|29252|279|16,1341,18,4,0
5NE2|||Eickhoff Strip|1958|43706|305|17,732,24,4,0
5P3|||Bowdle~5|54394|3249|600|13,1097,46,4,1,143,,400,-430,597,,-390,410,598
5WI1|||Springbrook~1|59022|83228|338|10,732,46,4,0
5WI6|||Independence~1|43670|86039|245|18,671,21,4,0
5WN9|||Ottman Landing~1|45944|77415|351|13,792,30,4,0,,,,,,,,,,91
60MN|||Fuhr Flying Svc~1|44680|47164|326|N/S,792,30,4,0
61ND|||Bakke~1|79475|23380|343|09,610,18,4,0
62IA|||Lerchs~1|20667|86332|287|17,671,30,4,0
62MN|||Taylors Falls~1|53814|73176|280|02,610,61,4,0;18,549,61,4,0;04,396,61,4,0
62ND|||Morten~1|77792|22405|408|17,792,30,4,0;08,518,24,4,0
63MN|||Weideman~3|70944|83998|283|NE/SW,610,23,4,0
63ND|||Moellenkamp~1|63652|22718|378|N/S,762,10,4,0
63Y|||Tyler~5|42890|38484|531|14,767,49,4,1,,254,240,-210,531,,-350,270,531
64G|||Page~4|71697|25196|370|17,792,9,1,1,,338
65MN|||Ricks~a|59641|38502|335|E/W,914,30,4,0
66MN|||Howard's~1|49772|45772|305|09,762,30,4,0
67MN|||Pagel's~a|52019|51989|357|NW/SE,823,27,4,0
67ND|||Waldie Farms~1|65433|16177|444|08,792,20,4,0
67NE|||L J Bose~6|1370|5016|610|17,843,28,4,1
68NE|||Hall-Feld~1|9914|33803|413|02,518,18,4,0
68Y|||Wells~5|37412|62228|341|17,883,50,4,1,,,410,-20,339,,-380,0,341
69LL|||Maas~6|12887|89496|163|09,693,27,4,0,,,,,,,,,,82
69MN|||Yaggie Private~1|62781|35728|299|N/S,762,15,4,0
69MY|||Hall~1|46611|68998|267|09,792,24,4,0
6A6|||Kimball~5|37564|10202|535|13,792,76,4,0,,,260,-330,528,,-380,390,535
6C0|||Eldora~1|23302|68857|298|18,913,30,4,0,180,,386,-5,298,,-436,3,296
6D3|||Maddock~5|79778|4729|488|12,914,15,4,0,130,,550,-520,486,,-20,470,486
6IA7|||R S Auto~1|9904|82558|235|16,457,30,4,0
6K7|||Grundy Center~5|23508|71565|328|17,686,18,4,0,,326,,,,195,,,,151
6K9|||Keosauqua~5|7334|80505|177|06,693,30,4,0,,273,,,,120,,,,305
6LL2|||Young~1|11645|94426|232|09,488,30,4,0
6MN0|||Sky Blue~9|70556|45769|494|18,1128,40,4,0,182.7,254.3,500,40,,,-510,-30
6MN8|||Underland~6|41505|67228|349|N/S,792,46,4,0
6MN9|||Benson~1|51166|70040|287|12,610,23,4,1
6ND2|||Larson~1|62602|16125|440|N/S,1067,18,4,0
6ND3|||Lisburg~1|70697|30594|270|N/S,762,23,4,0;NW/SE,762,23,4,0
6ND6|||Fugleberg~h|75167|24496|332|08,671,12,4,0
6NE3|||Beaver Landing~1|18449|38760|314|18,1219,12,1,0,,,,,313,,,,313
6WI0|||Cub Acres~1|51805|80123|305|18,914,34,4,0
6WI2|||St Croix Riviera~1|48439|72442|273|NW/SE,518,30,4,1,,340,,,,,,,,198
6WI4|||Saxon~1|65146|95510|290|03,792,18,4,0
6WN5|||Airwolfe~1|44998|78012|344|17,914,30,4,0
72ND|||Berg~a|76611|24080|339|N/S,792,23,4,0
73IA|||Harris~a|32356|67917|360|18,991,18,4,0
73WI|||Vetterkind Strip|52397|84927|329|E/W,975,30,4,0;N/S,823,30,4,0
74ND|||Metz~a|77477|24983|336|18,646,30,4,0
75K|||Bethany~i|2769|59923|315|03,687,15,1,1,,,-270,-190,,,260,240,,44
75MN|||Galler's~1|41866|62859|326|E/W,610,24,4,0
75NE|||Heaton~1|14458|40433|305|17,762,20,4,0
76MN|||Hemmingsen Private~1|75964|39783|380|17,671,12,4,0
77MN|||Klamar~a|83671|42118|354|09,1097,15,4,0;18,792,15,4,0
78MN|||Hagens Private~1|83789|41883|352|N/S,914,30,4,0
78NE|||Stava~1|11661|29686|504|17,792,18,4,0
79MN|||Paul~a|83777|42456|355|N/S,805,30,4,0
7C3|||Monona~5|30329|86534|350|18,808,37,4,1,179,,350,10,350,,-380,10,310
7C5|||Sig~a|15483|74654|283|18,792,32,4,0,,308.8,,,,122
7IA1|||White Pigeon~1|14935|78518|267|09,732,21,4,0
7IA3|||Mc Bride~a|20639|83657|269|12,646,46,4,1
7IA7|||Mitchell~a|30834|76890|354|06,457,5,2,0
7K7|||Graham~a|25403|35150|337|15,985,12,2,0
7MN3|||Caldbeck~a|37052|75393|408|N/S,914,30,4,0
7MN4|||Mille Lacs Lake Resort~1|63194|61692|384|03,762,15,4,0;09,381,15,4,0
7MN6|||Johnson~1|83439|31181|250|17,762,24,1,0
7MN8|||Willis~1|80695|37206|346|18,1067,30,4,0,183.6,,530,90,,,-430,0
7MO|||Princeton-Kauffman~i|4208|64012|262|18,754,30,4,0,,,370,-70,,,-310,-70,,61
7MY9|||Petes~1|37467|72755|408|9,792,29,4,0
7NA4|||Ingebretson Airspray~1|75172|26663|299|15,610,18,1,0
7ND5|||Buchmiller~1|73597|3774|564|04,1097,18,4,1
7ND8|||Forest~1|88522|12518|479|17,1036,15,1,0
7WI0|||Turkey Bluff~1|33730|88901|338|NE/SW,640,15,4,0
7WI4|||Lewis~1|43005|90121|317|10,732,30,4,0
7Y3|||Backus~5|68269|54928|413|15,1093,41,4,1,,323.7,470,-200,412,,-470,190,410
7Y9|||Big Falls~5|81958|62332|376|3,869,30,4,0,,,300,410,,,930,1080,239,239;11,793,61,4,1,,199,460,-290,,,70,580
80SD|||Comstock~a|57727|16471|406|18,814,15,4,0
81MN|||Ewen Landing~a|40305|48045|452|17,701,24,4,0
81NE|||Bunger~a|2736|9921|661|N/S,665,46,4,0
83WI|||Jones~1|49705|96538|430|18,792,15,4,0
84MN|||Nielsville~1|75333|31691|265|17,899,15,2,0
84ND|||Kyllo~1|80008|22430|351|17L,564,15,4,0;17R,472,15,4,0
84Y|||Bloomfield~5|25788|23273|510|14,823,15,1,1,,228,,,,61,,,,305
85NE|||Meyers Freedom Flight Hardy~1|208|20580|495|17,732,21,4,1,,320,,,,,,,,94
85WI|||Cub Bear~1|50444|77072|378|09,805,30,4,0,,322,,,,91
86NE|||Orum~e|15417|37261|402|17,671,18,4,0
87MN|||Erickson~1|88103|47984|352|16,701,23,4,0
87NE|||Knox Landing~1|8092|24122|499|17,610,7,2,0,,360,,,,152
88IS|||Blickhan Lndg Area~1|84|86179|194|E/W,671,46,4,0
88ND|||Goodman Strip|87092|20044|475|17,610,15,4,0
88NE|||Ensor~a|4039|39828|357|16,427,15,4,0
89NE|||McCardles~1|14765|38720|388|18,549,20,4,0
89WI|||Tuschen~1|29069|99679|323|14,483,15,4,0
8C2|||Sully~5|15741|71534|281|08,649,37,4,0,,229.8,,,,59,,,,279
8C5|||Toledo~5|19886|74520|293|17,564,30,4,0,,358,,,,,,,,120
8C6|||Traer~5|21992|75420|272|17,779,30,4,1,,9
8D8|||Lake Andes~5|31480|14596|450|12,792,76,4,0,,,310,-360,450,,-180,350,448
8D9|||Howard~5|40291|24622|482|13,810,46,4,1,,5.7,710,-50,476,,150,610,482;18,595,46,4,0,,,670,630,482,,80,550,482
8IA2|||Port Paradise Farms~1|11739|86382|213|09,747,21,4,1,,355
8M6|||McVille~5|77705|18151|449|18,762,27,4,0,,,310,170,449,,-370,170,449;13,694,30,4,1,145,,240,-460,445,,-260,60,446
8MN2|||Aslesen~1|73356|32511|268|18,764,7,1,0
8MN3|||Breezy Point~1|65958|57800|383|17,785,15,1,0,,232
8MN6|||Minske~a|55836|62587|307|9,535,15,4,0
8MY9|||Minglewood~1|60510|43969|422|13,471,23,4,0
8NA0|||Tappen~6|68811|3691|543|10,640,15,4,0
8NA5|||Liechty~h|66630|13696|459|12,853,18,4,0
8NA9|||Hashbarger Farm~6|73280|23210|364|17,762,24,4,1,,246;08,610,12,4,0
8ND0|||Amble-Tiger North Farms~1|89014|9832|485|17,777,18,4,0
8ND4|||Heyde~1|80736|28138|250|17,762,61,4,0
8ND5|||Ausk Strip|67639|25946|311|18,762,20,4,0
8ND6|||J Vining~1|67127|26091|312|17,792,18,4,0
8NE2|||P & R~1|10417|39664|335|02,524,27,4,0
8NE4|||Bornemeier~6|8708|37080|394|12,549,23,4,0
8NE5|||X1~b|17906|12721|631|11,914,52,4,0
8NE6|||Franklin's Plainview~1|1208|10746|610|16,610,38,4,0
8NE9|||C A M P~1|13903|20355|511|17,1021,23,4,0
8WI8|||Stupek Farms~1|29767|93518|369|18,671,30,4,0
8Y5|||Clarissa~5|61130|50933|399|10,792,61,4,0,,,80,-500,398,,-80,500,398
90IA|||Missouri Valley~1|15403|41122|305|16,732,8,1,0
91WI|||Gottschalk~a|42939|99679|297|18,792,61,4,0
92MN|||Brutlag Farms~1|60144|38983|344|17,945,18,4,0
93IA|||Lund~1|22603|63503|324|09,792,18,4,0
93MN|||Hoppe Sky~b|40321|60516|308|18,671,26,4,0
94MN|||Ag Spray Inc~1|65766|34880|293|17,914,15,4,0
95IS|||Jan Knipe~1|3694|86114|197|12,536,21,4,0,,205,,,,70
97IA|||Volkens~a|12558|45233|389|18,610,23,4,1,,200.8,,,,,,,,137
97ND|||Walser Strip|84308|22919|293|17,805,30,4,1,,343.2
97WI|||North Fork~1|49633|91397|349|09,530,46,4,1,,194.3,,,,,,,,82
97Y|||Genoa~5|14042|22913|479|11,767,30,4,0
98MN|||Up Yonder~1|72948|51261|441|18,427,30,4,0
98ND|||Sobolik~1|82633|23777|280|17,610,23,4,0
99IA|||Courtney's Landing~1|12166|72220|255|18,518,18,4,0
99Y|||Greeley~5|15574|14538|620|13,853,30,4,0
9G9|||Gackle~5|66166|8329|580|08,494,12,4,0,,,580,-280,580,,580,520,577;17,351,12,4,0,,,800,520,575,,250,520,579
9I0|||Havana~4|2227|99772|152|09,681,30,4,1,,225.9,-70,-410,,,-70,390,152
9IL7|||Black~1|15098|98179|177|01,686,23,4,0
9IS0|||Cedar Ridge~1|5431|86693|207|09,1039,21,1,1,90.7,208.4,10,-610,,,-10,610,,61
9MN1|||Troll~h|56116|68026|293|09,640,23,4,0
9MN3|||Barnesville~5|66652|35588|299|17,847,23,4,0
9MN5|||Janssen~1|67097|36475|335|N/S,610,18,4,0
9MN6|||Merill L Harris~a|46442|62992|244|09,609,23,4,0
9MY7|||Mikes~e|55964|54575|364|6,728,46,4,0
9ND1|||Elliott Farms~1|86480|27316|246|17,805,15,4,0
9ND8|||Hinkle~1|87855|23277|277|07,640,12,4,0
9NE2|||Folkerts~1|2917|22775|491|17,713,24,4,0
9NE4|||Johnston~a|17033|22555|549|17,792,18,4,0,,224.6,,,,,,,,183
9SD8|||Oakleaf~1|35824|30550|495|12,792,30,4,0
9SD9|||Weelborg~1|38066|32911|473|17,1067,21,1,0,170,267.8,480,-120,,,-470,110
9WI9|||Carlson~1|66208|79181|207|09,762,23,4,0
9WN2|||Voyager Village~6|59666|78540|311|04,1067,15,1,1,40.5,272.5,-350,-460,,134,370,430,,235
9Y0|||Bowstring~1|75499|61331|418|07,782,46,4,1,,202,760,-870,,,890,200
9Y2|||East Gull Lake~1|63838|56256|377|13,798,49,4,0,,,270,-270,375,,-260,430,375
9Y7|||Barron~5|54075|81657|339|09,613,79,4,0
C00|||Mercer~8|12486|92629|226|17,756,14,1,1,,305,350,-50,226,,-330,30,219
C11|||Amana~1|17940|81352|217|08,792,29,4,0
C25|||Waverly~5|27420|74921|302|11,975,18,1,1,107,,110,-500,302,,-120,500,300
C66|||Monmouth~5|9297|93689|230|02,884,18,1,1,23,,-360,-210,230,,370,210,228
CJJ|||Ellen Church~a|33653|78669|390|15,899,15,2,1,154,,360,-240,390,,-360,240,386
D03|||Kulm~5|63068|10612|597|12,853,37,4,1,,,220,-460,597,,-220,450,596
D06|||Minto~5|82925|26060|250|17,730,6,2,0,,,370,-10,251,,-340,-10,249
D24|||Fessenden~5|76597|3390|493|08,896,37,4,1,,319.3,-30,-910,491,,-30,280,491,34
D29|||Drayton~5|86186|28241|243|17,791,18,1,1,,360,350,-110,243,,-360,-110,243
D32|||Starbuck~5|55989|44640|348|15,766,60,4,1,173,,330,-210,348,,-360,-90,348
D41|||Stephen~5|84612|31342|253|17,823,18,1,1,,270,340,-40,253,,-390,50,253,43
D65|||Corsica~5|34334|16012|481|17,1036,46,4,1,,269.9,590,-70,482,,-450,70,477
D81|||Red Lake Falls~5|78250|37422|323|15,762,18,1,1,,268,610,-430,323,,-340,180,323
I27|||Elkader~1|28469|86193|284|17,520,23,4,0,,,260,-210,,,-200,-90
IA00|||Jukam's Landing~1|15200|56373|375|05,579,23,4,0,,225,,,,46
IA01|||Ridge~1|13514|45336|396|14,792,23,4,0
IA08|||Riedesel Private~1|22781|54483|351|17,799,20,4,0
IA16|||Picayune~1|17083|84998|244|06,549,23,4,0,,288.6,,,,30,,,,30
IA17|||Bluebird~1|26221|74990|282|13,610,21,4,0
IA23|||GAA Private (Abels Island)~1|28089|89018|189|16,774,49,4,1,,339.2
IA24|||Green Castle~1|17550|82723|229|SE/NW,1219,18,1,1,136,,390,-510,,,-390,490
IA27|||Antique~9|9778|74123|271|18,716,53,4,0
IA30|||Kleis~1|23000|92499|320|08,457,20,4,0
IA31|||Beeds Lake~1|27666|67540|350|11,728,35,4,0
IA32|||Pierson~a|13250|72829|258|18,549,23,4,0
IA35|||Ruckl~1|11872|40958|296|E/W,732,37,4,0
IA41|||Laverty~a|14153|64387|290|NW/SE,716,15,4,0
IA48|||Kern~a|17417|62748|274|N/S,640,30,4,0
IA54|||Anderson~1|25018|91578|346|10,610,30,4,0
IA56|||Farrar~1|17805|66203|279|18,762,24,4,0
IA58|||B-8 Farms~1|21150|38280|324|N/S,732,23,4,1,,2
IA63|||Edgren~1|12583|74484|256|18,689,21,4,0
IA66|||Nash Field Indianola~1|13039|64323|302|18,675,30,4,1,,328,,,,274
IA69|||Sand~g|28736|41969|463|18,1524,20,4,0
IA70|||Friesenborg & Larson~1|34258|61642|372|17,884,30,4,0
IA8|||Dyersville Area~1|24961|88201|299|11,823,37,4,1
IA80|||Dyersville Area~1|24961|88201|299|13,732,37,4,1,,359
IA83|||Kohlhaas~1|29549|58324|351|17,777,24,4,1,,356
IA84|||Lawton~1|24791|37928|376|17,707,27,4,0
IA86|||Hedgewood Landing~1|12667|64906|302|10,610,18,4,0
IL01|||Wolford's~1|7925|95618|219|06,792,30,4,0
IL15|||Runyan Aviation~1|5694|94513|201|09,800,46,4,0,,304.9
IL52|||Williams~1|4392|88560|207|09,655,21,4,0,,255,,,,,,,,91
IL65|||M.A.M Trail~1|9990|92820|184|18,591,44,4,0
IS08|||Curless~1|2639|97655|189|05,1036,34,4,0
IS51|||Schilson~a|4514|87962|215|05,945,24,4,0
IS55|||Morton~1|5909|90576|215|18,770,30,4,0
IS56|||Herren~1|881|91146|199|17,457,21,4,0
IS66|||Rhea Restricted Landing Area|5923|87985|208|09,610,21,4,0
K01|||Farington~a|3875|42108|284|16,1143,18,4,1,,1;02,488,24,4,0,,271,,,,,,,,61
K03D|||Memphis~i|4473|77730|248|12,1006,18,2,1,122,318.6,230,-500,,,-250,510
K04Y|||Hawley~5|68838|36497|368|16,1038,23,1,1,161,,440,-210,368,,-440,220,365
K06D|||Rolla~5|88843|3791|556|14,1311,23,1,1,150,,560,-570,556,,-460,400,554;07,671,23,4,0,82,,-100,-360,555,,0,620,552
K08K|||Harvard State~1|6514|19202|553|14,1189,46,4,0,148.2,240.6,530,-130,551,,-380,650,550;17,1141,18,1,1,180,,430,-270,553,,-600,-260,550
K09K|||Sargent~5|16349|6578|705|16,914,15,1,1,167,333.7,610,60,,,-200,300
K0B4|||Hartington Municipal Airport / Bud Becker~a|26036|27474|423|13,1204,18,2,1,141,,420,-460,417,,-430,460,421,122;03,655,38,4,0,41,,-370,-510,423,,80,10,419
K0C4|||Pender~5|21139|32719|410|15,1097,18,2,1,155,,440,-250,410,,-450,310,406
K0D8|||Gettysburg~5|49867|472|628|13,1341,23,1,1,143,,420,-390,628,,-550,630,626;04,757,47,4,0,53,,-120,-620,625,,330,210,628
K0F4|||Loup City~5|12864|10103|631|16,1189,18,2,1,166,,508,-171,632,,-529,177,630;04,616,30,4,0,50,,-170,-380,630,,200,200,631
K0G3|||Tecumseh~5|4008|38296|398|15,1067,23,2,1,159,320.6,460,-230,398,,-430,220,397
K0J9|||Flying V~1|8678|26460|483|17,914,15,2,0,170,286.2,410,-120,,61,-400,70
K0K7||HUD|Humboldt~5|27348|57547|333|12,1042,18,1,1,116,,210,-590,333,,-200,560,330
K0V3|||Pioneer Village~a|5155|10538|658|16,1189,18,2,1,166,,410,-130,657,,-630,200,656;05,389,91,4,0,59,,-10,-90,657,,170,310,657,244
K12D|||Tower~5|78182|77139|417|08,1036,23,1,1,84,307.2,-90,-690,416,,10,690,418
K12K|||Superior~5|464|19399|515|14,1311,23,3,1,145,,410,-380,515,,-420,380,503;18,914,61,4,0,190,,460,-270,513,,-350,-470,515
K12Y|||Le Sueur~5|44411|60837|265|13,914,23,1,1,134,187,280,-370,255,,-310,440,264
K14Y|||Todd~a|58986|51261|406|16,1067,23,1,1,166,,400,-130,406,,-400,130,405
K16D|||Perham~5|66108|43941|418|12,1250,23,1,1,130,,380,-640,419,,-350,600,418
K1D1|||Milbank~5|52305|34340|341|13,1219,18,2,1,137,,550,-420,340,,-250,630,340;07,1093,47,4,0,72,,-320,-790,339,,-10,540,339
K1D3|||Platte~5|34047|11695|493|14,945,18,1,1,144,1.3,200,-360,488,,-360,290,493
K1D7|||The Sigurd Anderson~1|52926|24886|565|12,1129,18,1,1,123,,300,-640,566,,-250,570,562;01,677,38,4,0,6.1,324,-500,-640,563,,430,-530,565
K1D8|||Redfield~5|48562|14687|398|13,1006,18,1,1,143,304.2,710,-200,397,,0,570,397;01,792,76,4,0,23,304.2,60,-200,398,,710,190,397
K21D|||Lake Elmo~1|49975|71443|284|14,1068,23,1,1,137,,210,-520,281,,-370,230,282;04,761,23,1,0,39,,-180,-140,282,,350,470,284
K25D|||Forest Lake~1|52477|70056|282|13,823,23,4,1,136,288,290,-390,284,,-230,330,284
K2C8|||Cavalier~5|87838|23681|272|16,1006,18,1,1,166,,440,-170,272,,-430,170,272
K2D5|||Oakes~5|61738|19205|407|12,1068,18,1,1,131,,370,-600,405,,-270,440,407;17,610,37,4,0,180,330.4,-20,30,,,-550,30
K2H9|||Rolette~1|86653|1468|494|15,1128,12,1,1,156.2,245,440,-150,494,,-340,290,494,91
K2Y4|||Rockwell City~5|23876|53816|371|12,1068,18,2,1,117.3,360,260,-590,,366,-220,530
K37V||AHF|Arapahoe~5|3416|922|692|15,914,15,1,1,157.2,,160,-80,,,-590,340
K3CU|||Cable Union~1|61942|87536|415|16,1131,23,1,1,164.9,,500,-190,410,,-490,190,414;08,669,46,4,0,77.8,,130,-970,,,300,120
K3FU|||Faulkton~5|50303|8874|478|13,990,18,1,1,136,,300,-400,478,69,-290,400,479
K3G2|||Grygla Municipal Airport - Mel Wilkens~a|82934|43739|359|17,1048,28,6,1,163.7,,770,-310,,,-120,80
K3H4|||Hillsboro~5|73594|29396|276|16,1006,18,1,1,170.7,,450,-100,276,,-440,100,276
K3T3|||Boyceville~5|50440|79796|295|08,1006,18,1,1,84,,-60,-730,290,,50,540,295
K3W8|||Eureka~5|58005|3560|590|12,945,18,1,1,136.4,,260,-210,586,,-360,620,589;07,555,46,4,0,82,,-200,-110,588,,-120,710,586
K3Y2|||George L Scott~5|29851|82094|376|17,1265,18,2,1,172.7,,580,-100,376,,-580,100,364
K3Y3|||Winterset Madison~8|13628|59789|338|14,915,15,1,1,141.8,,360,-330,338,53,-290,340,333
K43|||Unionville~5|5402|69745|319|17,855,15,1,0,,,380,-60,,,-380,60
K46D|||Carrington~5|74511|8489|490|13,1280,23,1,1,140,,450,-560,489,,-440,550,489;03,687,13,1,2,37,,-280,-420,,,220,140
K4C8|||Albia~5|9961|72344|294|13,1036,18,1,1,129,,310,-490,292,,-280,470,294
K4E7|||Ellendale~5|60160|14847|443|13,1066,18,1,1,142.3,,10,-160,443,,-740,670;17,743,38,4,0,180,,-160,0,,,-880,0
K4F9|||Lamoure Rott~5|63473|17185|399|16,1036,15,1,1,166,,580,-190,399,,-420,160,398
K4K6|||Bloomfield~5|7321|75717|271|18,1037,18,2,1,179.5,,470,0,269,,-470,10,271
K4P3|||Flandreau~5|40039|34069|501|10,945,18,1,1,108,,130,-560,,,-140,560;18,594,38,4,0
K4R5|||Major Gilbert~g|67887|92413|198|04,914,23,1,1,39,,-320,-390,190,,310,380,198
K4V4|||Northwood Municipal Airpiort - Vince~a|77249|24099|340|08,963,18,1,1,89,,-70,-670,,,-60,610,340
K4V9|||Antelope~8|21122|19613|541|1,1128,18,2,1,,,-700,-210,,541,290,90,,528;13,1009,15,1,1,,,560,-590,529,123,-80,280,527,123
K4X4|||Wessington Springs~1|40619|14678|471|12,1097,18,1,1,120,,160,-460,,,-330,720
K51D|||Edgeley~5|63512|12628|488|14,1097,18,1,1,147,,150,-220,488,,-680,550,483
K55Y|||Rushford Municipal Airport - Robert W Bunke~a|38158|81699|369|16,975,18,1,1,161.7,,420,-190,369,,-410,190,361
K5B5|||Napoleon~5|64944|2399|604|12,975,18,1,1,129,,280,-240,597,,-270,750,605;08,762,24,4,0,90,,-50,-650,597,,-50,340,600
K5C3|||Nary National Shefland~a|73736|52012|423|17,1173,18,1,1,180,,780,70,,,-280,70
K5H4|||Harvey~5|77912|683|490|11,1097,18,1,1,120,,250,-640,489,,-240,630,489
K5L0|||Lakota~5|80294|16747|461|15,1067,18,1,1,165,,460,-180,461,,-460,190,460
K5N2||PRW|Prentice~1|55383|97240|481|09,991,18,1,1,93.6,,500,-960,,107,450,320,,37
K5N8|||Casselton Robert Miller~4|68540|27913|284|13,1189,23,2,1,136,,430,-550,284,,-370,560,282
K60C|||Elroy~5|37064|97424|288|06,944,12,4,1,60,,-220,-500,288,,220,490,288
K6D1|||Brooten~5|55000|48872|398|15,1067,18,1,1,150,,120,520,395,,-710,1200,397
K6D8|||Barnes County~5|69410|19824|427|13,1280,23,1,1,134,,640,-490,427,,-160,720,421;17,1079,30,4,0,180,,470,-350,,,-450,-350;05,770,37,4,0,57,,-420,-390,,,-20,510;08,768,37,4,0,90,,-160,-360,,,-160,710
K6E5|||Wilder~1|44330|24418|527|15,1128,18,1,1,159.3,,260,-540,,,-690,-40,527
K6K3|||Creighton~5|24713|21157|504|13,1128,18,2,1,,,370,-580,500,,-320,510,501;18,640,61,6,0,190.4,,150,120,,,-410,-10
K6L3|||Lisbon~5|64466|22727|376|14,930,15,1,1,146.1,,350,-340,373,,-340,330,372;03,555,30,6,0,36.1,,-460,-370,378,,-60,60,372
K6L5|||Wishek~5|62464|4621|620|14,1055,18,1,1,148,,740,-520,621,,-60,210,618
K6M6|||Lewis County~4|1292|83217|206|18,1067,18,2,1,181,,480,20,202,,-480,-10,205
K73C|||Lancaster~5|27805|93190|307|18,1006,18,1,1,177.8,,530,-10,,47,-520,40
K78Y|||Rankin~1|3307|51652|297|17,930,8,3,1,175.7,,680,60,,224,-150,150
K7A4|||Foster~a|24664|98306|302|18,913,9,1,1,180.4,,410,10,299,57,-410,0,292,17
K7G9||CTK|Canton~5|33088|34288|393|18,1097,18,1,1,180,,500,20,393,,-490,20,387
K7K8|||Martin~a|24560|35271|335|14,1013,15,1,1,145,,180,-380,,,-570,350,,198
K7V7|||Red Cloud~5|821|14586|532|15,1128,18,2,1,160.2,,730,-140,,,-210,310
K7Y4|||Bagley~5|75250|46392|457|14,1158,23,1,1,146,,390,-420,,,-470,440
K82C|||Mauston New Lisbon Union~1|38387|98623|276|14,1124,23,1,1,139,,380,-460,273,,-380,460,273
K8C4|||Mathews~i|17634|88471|256|11,914,18,2,1,110,,140,-520,256,,-150,510,256
K8D3|||Sisseton~5|56699|30058|354|16,1036,18,1,1,167,,340,-120,353,,-570,180,353;04,583,46,4,0,45,,-110,-160,,,270,370,349
K8D7|||Clark~8|48955|22877|546|13,1127,18,1,1,131.9,,240,-300,546,,-440,760,544;03,383,30,4,0,43.1,,-130,-320,545,,420,410,544
K8J7|||Tomlinson~a|76964|8688|467|13,1097,18,1,1,144.2,,390,-410,467,,-390,430,465
K8V2|||Stuart Atkinson~5|25617|9616|649|11,1189,18,1,1,120,,250,-580,649,,-300,730,647;05,905,30,6,0,60,,-120,-240,646,,300,720,648
K8V3|||Parkston~5|33776|20102|431|15,1097,18,1,1,153,,520,1620,431,,-350,2220,432
K8Y6|||Leaders Clear Lake~1|54437|60297|302|18,914,46,0,0,180,,450,-80,300,,-370,-80,300
K93C|||Richland~1|32834|97017|226|17,975,18,1,1,162.5,,470,50,,,-370,410;09,457,30,4,0,91,,-150,140,,,-150,400,222
K93Y|||David City~5|12309|28771|493|14,1120,18,1,1,145.3,,590,270,,,-100,910;01,644,37,4,0,15.3,,-30,490,,,520,690
K96D|||Walhalla~5|89406|20972|290|15,1036,18,1,1,171,,460,-110,290,,-460,110,290
K98|||Allison~5|27639|71956|321|18,546,53,4,0
K9D0|||Highmore~5|45406|5492|565|12,1128,18,1,1,135,,370,-520,561,,-350,490,565
K9D1|||Gregory Municipal Airport - Flynn~a|32217|5967|661|13,1158,18,1,1,134,,360,-500,,,-360,520
K9D7|||Cando~5|84800|7641|451|16,1067,18,1,1,166,,460,-180,450,,-470,170,450
K9F8|||Hoven~5|52576|2022|574|13,1128,18,1,1,141.5,,390,-450,,,-400,440
K9V9|||Chamberlain~5|37661|6787|517|13,1310,23,1,1,141,,420,-510,514,,-500,510,511;18,1037,46,4,0,187,,520,60,,,-410,-90
K9W7|||Hird~1|29040|96361|341|18,792,18,4,0
KACQ|||Waseca~5|40735|64471|343|15,1036,23,1,1,154,,420,-290,343,,-420,280,341
KADC|||Wadena~5|64503|47890|417|16,1221,23,1,1,163.8,,520,-230,417,,-530,240,414
KADU|||Audubon~8|17014|50795|392|14,1110,18,2,1,148,,400,-330,392,40,-420,360,392
KAEL|1|AEL|Albert Lea~5|36815|66328|384|17,1524,30,1,1,168,,590,-170,384,,-620,180,383;05,883,23,1,0,47,,-240,-420,382,,300,380,383
KAFK|||Nebraska City~5|6069|41343|355|15,1372,23,2,1,151.5,,540,-390,352,,-540,390,353;05,777,46,4,0,47.7,,-360,-580,354,,110,100,354
KAGZ|||Wagner~5|30649|17033|450|09,1067,18,1,1,93,,-130,-690,,,-180,610;14,686,46,4,0,145.4,,-100,-20,,,-600,450;17,583,30,4,2,180,,-70,140,,,-600,140
KAHH|1|AHH|Amery~5|52811|76246|332|18,1220,23,1,1,178,,550,-20,329,,-540,20,332
KAHQ|||Wahoo~5|12413|34060|373|02,1250,23,2,1,24,,-510,-300,372,61,520,300,373;13,1000,46,4,1,142,,150,-510,372,,-570,230,371
KAIO|1|AIO|Atlantic~5|14073|49531|355|02,1524,23,2,0,22,,-1210,-720,349,,60,-40,350;12,955,23,1,1,123,,370,-590,354,261,-210,600,349;17,578,56,4,2,179.6,,250,-170,,,-270,-170
KAIT|||Aitkin Municipal Airport Steve Kurtz~a|65484|63232|367|16,1219,23,1,1,164,,760,30,367,,-300,460,367;08,952,43,4,0,88,,-320,-1080,367,,-290,270,367
KAMW|1|AMW|Ames~5|19920|63782|291|01,1738,30,1,1,16.6,,-930,-300,291,,570,300,280;13,1064,23,1,1,136.2,,650,-460,282,,-40,430,280
KANE|||Anoka County-Blaine (Janes Field)~1|51450|67886|278|09,1524,30,1,1,92,,-20,-870,276,,-30,680,277;18,1480,30,1,1,182,,670,150,278,,-660,130,277
KANW|1|ANW|Ainsworth~4|25792|70|789|17,2080,34,1,1,179.3,,690,-370,789,,-1180,-340,789;13,1677,23,1,0,134,,830,-290,789,,-220,1170,787
KAQP|||Appleton~5|52282|39941|311|13,1067,23,1,1,136,,210,-270,311,311,-480,690,311;04,844,48,4,0,44,,-290,-300,311,,240,430,311
KASX|1|ASX|John F Kennedy~i|65485|90810|252|02,1584,30,1,1,20.7,,-790,-570,249,,540,170,251;13,1066,23,1,1,130.6,,510,-230,251,,-110,830,247
KASY|1|ASY|Ashley~5|60239|6474|619|15,1330,18,1,1,151,,450,-440,614,,-580,390,619;08,861,46,4,2,90,,280,-260,614,,280,850,618
KAUH|||Aurora Municipal Al Potter~a|8941|20054|550|16,1311,23,1,1,168.8,,580,-150,550,,-580,160,547
KAUM|1|AUM|Austin~5|36650|70666|376|17,1768,30,2,0,172,,550,-100,375,,-1020,200,375
KAWG|||Washington~5|12761|83266|230|18,1219,23,2,1,183,,350,-290,229,,-750,-370,229;13,1037,18,2,1,135,,330,-440,229,,-320,430,230
KAXA|1|AXG|Algona~5|30781|57282|372|12,1207,23,2,1,131.6,,340,-660,370,,-380,450,367;18,882,49,4,0,187.5,,410,180,,,-370,40
KBBB|1|BBB|Benson~5|53319|43494|317|14,1219,23,1,1,144,,440,-460,316,,-440,470,316
KBBW|1|BBW|Broken Bow~5|14365|3578|776|14,1281,23,2,1,149,,490,-400,776,,-500,400,769
KBCK|||Black River Falls Area~1|42507|91447|255|08,1402,23,1,1,80,,-100,-860,251,,110,870,255
KBDH|1|ILL|Willmar Municipal Airport John L Rice Field (2006)|51176|48677|343|13,1676,30,1,1,130,,490,-820,342,,-470,820,343;03,908,76,4,0,35,,-520,510,343,,150,1180,342
KBIE|1|BIE|Beatrice~5|3013|32459|404|18,1707,30,1,1,180,,850,50,404,,-690,60,397;14,1341,23,1,1,143,,370,-540,402,,-590,400,400
KBKX|1|BKX|Brookings~4|43048|31831|502|12,1829,30,1,1,129,,490,-480,490,,-410,1070,497;17,1097,18,1,1,176.9,,440,-480,490,,-550,-400,502
KBNW|1|BNW|Boone~5|20496|61524|354|15,1465,23,1,1,149.3,,470,-320,347,43,-660,580,347;02,990,45,6,0,25,,-280,-450,354,,540,70,354
KBTA|||Blair Executive~1|14149|38909|404|13,1280,30,2,1,137.2,,410,-510,402,244,-430,530,396
KBTN|1|TTO|Britton~5|58152|22569|402|13,1283,23,1,1,134.9,,340,-510,401,,-470,660,402;01,620,37,4,0,25.8,,-160,-350,,,400,40
KBUB|1|BUB|Cram~a|17767|8503|665|15,1189,18,1,1,159.1,,410,-210,662,,-410,210,665
KBVN|||Albion Municipal Airport/Ron Levander~a|17286|19442|550|15,1128,18,2,1,153.7,,450,-300,551,,-460,300,542
KBWP|1|WAH|Harry Stern~1|62441|33926|295|15,1554,23,1,1,157,,650,-340,295,,-630,440,294;03,992,46,4,0,38,,-370,-440,294,,340,350,294
KC17|||Marion~1|20311|84707|263|17,1151,18,0,1,174,,380,-60,,79,-650,90
KC27|||Manchester~5|24905|85021|301|18,1056,15,1,1,180,,780,-60,,,-170,-60,,93
KC74|||Cassville~5|27042|90354|191|11,914,15,1,1,118,,190,-490,191,,-200,500,191,183
KCAV|||Clarion~5|27419|62411|354|14,1053,18,2,1,145.7,,260,-390,351,,-530,350,352;08,421,34,4,2,90,,250,-120,,,250,400
KCBF|1|CBF|Council Bluffs~5|12592|42394|382|18,1676,30,2,1,182,,940,320,,,-160,280,,183;14,1113,18,2,1,141,,430,-470,376,,-440,470,382
KCBG|||Cambridge~5|55575|67358|288|16,1220,23,1,1,163,,520,-230,287,,-520,240,286
KCEK|||Crete~5|6179|30751|457|17,1280,23,2,1,180.3,,580,10,457,,-580,0,451;13,1027,46,4,0,133.8,,490,-600,,,-150,280
KCFE|||Buffalo~5|51590|61567|295|18,975,23,1,1,181,,360,10,295,,-350,-10,291
KCHU|||Houston~8|35964|84961|359|13,1066,23,1,1,135,,340,-470,358,,-340,460,359
KCIN|1|CIN|Arthur N Neu~1|20462|52110|367|13,1678,30,2,1,136.6,,550,-660,367,154,-550,730,367;03,1006,18,4,0,35.4,,-290,-350,367,,300,210,367
KCKC|1|GRM|Grand Marais Cook~8|78383|96171|548|10,1525,30,1,1,95,,69,-1183,550,,-43,847,547
KCKN|1|CKN|Crookston Municipal Kirkwood~a|78417|33784|274|13,1311,23,1,1,133.2,,240,-710,272,,-560,570,272;17,907,61,4,0,181.3,,420,-40,274,,-400,-70,274;06,637,62,4,2,71,,180,-150,273,,370,650,274
KCKP|||Cherokee County~4|27317|44441|374|18,1220,23,2,1,183,,460,60,369,61,-630,-10,374;01,592,37,4,0,11,,-100,-130,370,,440,10,369
KCMY|1|CMY|Sparta Fort McCoy~1|39580|92621|255|11,1432,30,1,1,112,,400,-720,253,,-70,850,254;01,924,29,1,1,15,,-690,-230,255,419,450,200,255
KCNB|||Myers~g|47295|37340|364|12,1417,23,1,1,121.3,,330,-760,364,,-330,760,361
KCNC|||Chariton~5|10196|66403|320|10,1219,23,2,1,101.7,,120,-380,319,,-110,1040,315;17,853,23,2,1,180.1,,380,-470,316,,-390,-470,320
KCOQ|||Cloquet Carlton~8|67011|74964|390|17,1220,23,1,1,179.2,,460,-200,390,,-640,-180,388;07,945,23,1,1,73,,0,-340,389,,250,840,386
KCQM|||Cook~5|78219|73106|404|13,1219,23,1,1,137,,320,-450,404,,-320,440,401;07,479,37,4,2,67,,-110,-670,,,50,-80
KCRZ|||Corning~5|9941|52450|388|18,818,15,2,1,181,,370,10,388,,-370,-10,380
KCSQ|1|CSQ|Creston~5|10214|56367|396|16,1494,23,1,1,165,,620,-280,393,,-680,180,394,30;04,516,30,4,0,45,,-70,-70,,,260,360,396
KCTK|||Ingersoll~1|5691|99252|208|18,1188,23,1,1,181.2,,400,90,208,,-670,60,205;09,1004,18,1,1,89.6,,160,-690,208,,160,490,208
KCWI|1|CWI|Clinton~5|18311|96709|216|03,1586,30,1,1,30,,-480,-390,211,,760,550,215;14,1280,23,1,1,144,,210,-510,213,52,-620,270,211
KD00|||Norman County Ada/Twin Valley~1|72605|35997|291|15,946,18,1,1,154,,380,-270,286,,-390,280,291
KD02|||Osage~5|32924|72044|356|17,1036,15,1,1,180,,480,-50,,,-460,-50
KD14|||Fertile~5|75519|37081|346|14,914,18,1,1,144,,330,-370,344,,-330,350,346
KD31|||Leeds~5|82850|5965|460|09,914,15,1,1,102,,110,-480,457,,-60,730,457
KD37|||Warren~5|81915|32881|270|12,975,23,1,1,131,,220,-380,270,,-350,620,270;04,786,61,4,0,51,,-240,-400,270,,210,440,269
KD39|||Sauk Centre~5|57066|50666|379|14,1005,23,1,1,150,,240,-300,376,,-550,330,376;08,733,37,4,0,91,,220,-460,379,,210,400,379
KD42|||Springfield~5|42311|50011|327|13,1037,23,1,1,132,,310,-490,326,,-320,480,325
KD54|||West Fargo~5|69008|30813|273|18,1006,15,1,1,180,,340,10,,,-580,10
KD55|||Robertson~a|87530|16067|490|14,1097,18,1,1,140.1,,590,-420,488,,-160,520,490;08,588,30,4,0,90,,340,-90,488,,340,890,486
KD56|||Mayville~5|74763|26719|297|17,975,17,1,1,180,,620,-20,297,,-260,-20,297
KDAF|||Necedah~1|40334|99149|280|18,829,18,1,0,179,,370,-10,278,,-370,0,280
KDEH|1|DEH|Decorah~5|32755|82606|353|11,1220,23,2,1,114.7,,230,-680,349,,-230,690,353
KDNS|1|DNS|Denison~5|19864|46193|388|12,1524,23,2,1,124.3,,320,-640,388,,-450,880,383;18,975,18,4,0,179,,360,-10,,,-220,0;06,543,53,4,2,62,,0,-650,,,250,-10
KDTL|1|DTL|Detroit Lakes~1|68243|41167|426|14,1585,30,1,1,140,,530,-630,426,,-420,520,415;17,573,76,4,0,180,,420,-650,,,-90,-650
KDVN|1|DVN|Davenport~5|16104|94103|229|15,1680,30,2,1,149.6,,500,-370,229,,-810,650,226;03,1220,30,2,1,29.6,,-290,-230,228,,660,500,228
KDVP|1|NSL|Slayton~5|39868|42174|495|17,916,18,1,1,183,,350,70,492,,-410,10,495
KDXX|||Lac Qui Parle~8|49862|38223|330|14,1006,23,1,1,140,,380,-540,330,,-320,280,328;09,915,41,4,0,90,,-30,-460,330,,-30,710,330
KDYT|||Sky Harbor~1|67219|79566|186|13W/31W,3048,610,12,0;09W/27W,1524,457,12,0;14,793,23,1,1,138.3,,310,-410,184,,-320,400,185
KEAG|||Eagle Grove~5|27098|60839|345|13,1067,18,2,1,136.4,,380,-500,345,39,-320,400,344;01,728,37,4,0,18.1,,-360,-80,,,270,200
KEBS|1|EBS|Webster City~5|24368|61301|342|14,1174,23,2,1,144.1,,370,-340,336,,-520,540,342;05,812,27,4,0,47.6,,-180,-230,,,320,510
KEFW|1|EFW|Jefferson~5|20099|56583|318|14,1250,23,2,1,142.8,,390,-520,318,,-310,190,318;18,517,46,4,0,191,,280,180,,,-190,60,318
KEGQ|||Emmetsburg~5|31020|52953|367|13,1037,18,2,1,136.7,,510,-700,367,,-160,180,367;04,773,37,4,0,44.7,,-410,-250,,,70,400;17,657,46,4,0,180,,200,280,,,-400,280
KEOK|1|EOK|Keokuk~5|4599|85715|205|08,1676,30,2,1,85.7,,-30,-760,204,,80,1210,204;14,1090,30,2,1,142,,340,-750,204,,-430,40,203
KEST|1|EST|Estherville~5|34074|52536|402|16,1462,23,2,1,169.6,,730,-190,401,,-560,140,401;06,911,27,6,0,72.8,,-260,-530,401,,-20,540,401
KETH|||Wheaton~5|57821|34564|312|16,1005,23,1,1,164,,220,-90,310,,-650,260,312;04,585,53,4,0,60,,-210,-450,,,50,200
KEVM|1|EVM|Eveleth–Virginia~5|74246|75008|420|09,1219,23,1,1,94,,-60,-520,419,,-150,1170,417;05,818,34,4,0,51,,-270,-270,,,210,590,,270;14,625,30,1,1,139,,390,-330,420,,-130,330,417
KEVU|||Northwest Missouri~4|3525|50850|349|14,1402,23,2,1,148.3,,620,-600,347,,-320,160,349
KFBL|1|FBL|Faribault Municipal Airport-Liz Wall Strohfus~a|43284|66875|323|12,1298,23,1,1,127,,310,-560,322,,-400,740,319
KFBY|1|FBY|Fairbury~5|1830|28307|451|17,1128,23,2,1,180.4,,500,10,451,,-510,0,446;11,758,46,6,0,119.7,,-80,0,447,,-410,760,442
KFCM|1|FCM|Flying Cloud~1|48272|65429|276|10R,1524,30,1,1,101,,120,-900,276,,-80,580,274;10L,1189,23,1,1,101,,230,-680,276,,40,680,274;18,820,23,1,1,186,,170,270,274,,-560,170,276
KFET|1|FET|Fremont~5|14502|34771|367|14,1936,30,3,0,141,,560,-580,367,,-610,680,367;01,745,15,1,2,11,,-610,670,366,,50,840,366
KFFL|1|FFL|Fairfield~5|10530|80199|244|18,1677,30,1,1,179.6,,600,-150,244,,-500,-140,241;08,764,43,6,0,86,,30,-680,241,,80,210,241
KFFM|1|FFM|Fergus Falls Municipal Airport - Einar Mickelson~a|62844|38433|361|13,1719,30,1,1,133.3,,490,-560,360,,-570,1070,358;17,1006,23,1,1,179.2,,520,-440,360,,-390,-430,353
KFKA|||Fillmore~8|36768|78203|389|11,1220,23,1,1,108,,150,-740,389,,-180,700,389
KFMZ|||Fairmont State~1|5861|24269|499|17,1316,23,1,1,179.8,,840,200,498,,-340,200,498;12,921,18,2,0,135,,-70,-680,499,,-650,90,498
KFNB|||Brenner~a|788|44080|300|15,1219,23,2,1,149,,470,-370,300,,-470,370,298
KFOZ|||Bigfork~5|77839|63490|411|15,1219,23,1,1,151,,270,-230,411,,-480,390,411
KFRM|1|FRM|Fairmont~5|36439|55844|354|13,1678,30,1,1,134.2,,540,-950,353,,-510,540,354;02,1006,23,1,1,28,,-420,50,353,,380,630,353
KFSE|||Fosston Municipal Airport-Anderson~a|75928|42265|389|16,1067,23,1,1,168,,470,-150,386,,-470,160,389
KFSW|1|FMS|Fort Madison~5|6591|86722|221|17,1219,23,2,1,167,,540,-160,217,,-530,170,218
KFXY|1|FXY|Forest City~5|32347|63759|375|15,1767,30,1,1,154.8,,590,-280,368,,-850,640,367;09,825,18,1,1,94.7,,320,-890,375,,260,120,367
KGAF|||Hutson~a|84047|26291|251|08,1242,35,4,0,90,,110,-1270,,,110,510;17,1188,23,1,1,180,,610,530,250,,-470,530,250
KGBG|1|GBG|Galesburg Regional HW Timmons~1|9380|95689|233|03,1765,46,1,1,28.1,,-710,-540,230,,690,450,233;10,1097,30,1,1,101,,110,-580,231,,-80,700,231
KGCT|||Guthrie County~4|16878|55648|375|18,1036,18,2,1,180,,390,10,372,,-550,10,372
KGDB|||Granite Falls Municipal Airport / Lenzen-Roe Memorial~a|47533|44440|319|15,1328,23,1,1,157.1,,470,-280,319,,-470,280,316
KGFZ|||Greenfield~5|13270|55543|416|07,1036,18,2,1,74.1,,-30,-2040,415,,220,-870,415;14,762,15,2,1,142,,270,-490,413,,-280,70,415
KGGI|1||Grinnell~4|17099|72639|307|13,1585,23,2,1,135,,510,-640,302,61,-500,710,307,61
KGHW|||Glenwood~5|56439|46796|425|15,1372,23,1,1,161,,420,-250,424,,-750,280,425;05,847,60,4,0,58,,50,-490,421,,470,430,425
KGPZ|1|GPZ|Grand Rapids Itasca Co-Gordon Newstrom field|72111|64902|413|16,1754,30,1,1,165.7,,360,-340,396,129,-1170,240,413;05,914,18,1,1,47,,-10,-390,397,,530,500,394;10,442,46,4,2,104,,510,-250,,,410,320
KGTG|1|GTG|Grantsburg~5|57981|73356|283|05,1000,37,4,0,55.9,,-130,-390,283,,370,690,283;12,914,18,1,1,120.8,,210,-500,282,,-210,510,282
KGWR|||Gwinner Roger Melroe~a|62187|23568|386|16,1524,23,1,1,164,,570,-220,382,,-760,340,382;06,912,30,4,0,62,,20,-690,386,,410,370,381
KGYL|||Glencoe~5|47560|59188|302|13,1006,23,1,1,131,,300,-480,302,,-290,480,302
KHCD|||Hutchinson Municipal Butler~a|48599|56175|324|15,1219,23,1,1,152,,480,-360,322,,-490,360,323
KHCO|||Hallock~5|87527|30570|250|13,1221,23,1,1,140,,420,-540,249,,-420,530,250
KHDE|1|HDE|Brewster~a|4521|6635|705|18,1433,23,1,1,189.6,,690,60,703,,-580,-220,703;11,740,91,6,0,126,,-20,-30,703,,-300,490,704
KHJH|||Hebron~5|1519|24160|447|12,1097,18,2,1,128.5,,340,-800,446,,-270,210,447;03,766,46,6,0,41.6,,-300,0,447,,220,600,443
KHNR|||Harlan~5|15844|46604|375|15,1250,23,1,1,156.3,,560,-320,375,,-470,280,364;03,516,37,4,0,37.4,,-260,-80,,,110,290
KHPT|1|HPT|Hampton~5|27237|67737|358|17,1225,23,2,1,180.4,,550,0,358,,-550,-10,353
KHSI|1|HSI|Hastings~5|6053|15721|598|14,1966,30,2,1,150.4,,910,-580,598,,-630,580,591,290;04,1372,23,2,1,46.6,,-640,-590,591,,210,590,594
KHZX|||Isedor Iverson~1|66188|66902|374|14,1036,23,1,1,140,,360,-440,374,,-360,430,374
KI75|||Osceola~5|10522|63103|338|18,1220,23,2,1,179,,560,0,338,,-530,30,338
KICL|1|ICL|Schenck~a|7218|49736|304|02,1525,23,2,1,24.4,,-670,-420,303,,580,320,302;13,832,85,4,0,141.4,,340,-180,,,-180,360,299
KICR|||Winner~4|33902|1579|620|13,1676,23,2,1,135,,390,-520,612,,-480,680;03,839,46,4,0,38,,-230,-460,,,390,220
KIDG|1|IDG|Ida Grove~5|23326|45551|379|12,967,15,1,1,121.7,,230,-500,377,107,-230,500,379,88
KIFA|1|IFA|Iowa Falls~5|24708|67300|347|13,1403,23,1,1,135,,390,-520,344,,-390,530,347
KIIB|||Independence~5|24568|80523|298|18,1676,30,2,1,179,,230,0,294,,-870,20,298
KIKV|||Ankeny~4|16914|64336|277|18,1676,30,2,1,180,,630,60,275,,-880,60,271;04,1280,23,2,1,45,,-250,-610,277,,560,480,274,105
KIOW|1|IOW|Iowa City~5|16392|84535|204|07,1525,30,2,1,71,,-30,-850,204,,370,650,198,46;12,1280,23,2,1,125,,270,-620,202,,-340,550,198
KISB|||Sibley~5|33695|42402|469|17,914,15,2,1,180,,410,0,468,,-410,0,468
KIWD|1|IWD|Gogebic Iron~8|65253|98684|375|09,1982,30,1,1,90.2,,230,-1270,373,,220,1320,375
KJKJ|||Moorhead~5|68392|33363|280|12,1311,23,1,1,116,,270,-770,279,,-250,760,280
KJMR|||Mora~5|58861|67282|308|17,1461,23,1,1,172,,740,-30,305,,-340,200,308;11,961,24,6,0,117,,-180,-560,308,,-480,300,307
KJYG|||St James~5|39863|54421|325|15,1219,23,1,1,150,,470,-390,323,,-470,390,325
KJYR|||York~5|8968|23772|509|17,1798,30,2,1,174.3,,800,-100,507,243,-810,100,508,122;05,1366,46,4,0,53.8,,-460,-980,507,,300,390,507
KK19|||Albany~5|2622|56610|270|01,1006,15,2,1,12.2,,-470,-210,,,420,40
KK57|||Gould Peterson~5|4458|46372|278|18,1097,23,2,1,181,,560,-440,278,165,-480,-460,277
KK74|||Hamry~a|66486|30013|289|12,1006,18,2,1,118,,230,-570,288,,-200,590,287
KLCG|1||Wayne Municipal Airport / Stan Morris~a|22419|30186|436|18,1280,23,1,1,181,,710,130,435,,-440,90,436;05,1038,18,1,1,54,,-440,-650,436,,110,370,435;13,631,37,4,0,136,,0,-580,435,,-400,-60,435
KLJF|||Litchfield~5|50971|54927|347|13,1220,30,1,1,138.6,,410,-510,347,,-410,520,347
KLNR|1|LNR|Tri-County~4|32099|98187|219|09,1524,23,1,1,90,,270,-590,218,,280,1290,219;18,564,18,1,1,180,,270,-420,,42,-240,-410
KLRJ|1|LRJ|Le Mars~5|27780|38063|365|18,1541,23,2,1,188,,540,100,364,,-530,-100,365,88
KLUM|||Menomonie Municipal Score~a|48923|81321|273|09,1547,23,1,1,91,,-150,-920,272,,-160,1040,272;18,1058,23,1,1,183.1,,740,-210,273,,-210,-280,272
KLVN|||Airlake~1|46279|67719|293|12,1249,23,1,1,118,,250,-700,293,,-260,700,290
KLXL|||Little Falls-Morrison County-Lindbergh field|59497|56526|342|13,1222,23,1,1,131,,290,-370,341,,-420,830,342;18,871,18,4,0,181.3,,390,50,340,62,-440,20,338
KLXN|1|LXN|Jim Kelly~a|7910|2227|735|14,1673,30,2,1,143.1,,600,-590,735,,-600,600,732;01,975,76,4,0,18.2,,-570,190,732,,260,550,733
KLYV|||Quentin Aanenson Airfield - Luverne~5|36162|37821|436|18,1280,23,1,0,,,640,0,436,,-510,40,434
KMDS|1|XMD|Madison~5|40160|29141|524|15,1524,23,1,1,153.7,,690,-500,523,,-540,340,521;03,725,61,4,0,33.9,,-450,-140,521,,150,420,519
KMDZ|1|MDF|Taylor~8|51010|96967|450|09,1829,30,1,1,89,,210,-690,443,,230,1250,448;16,1352,23,1,1,156,,240,-680,443,,-790,-30,442
KMEY|||James G. Whiting Memorial~a|21783|42064|340|02,854,18,2,1,24.1,,-350,-220,340,,350,210,340
KMFI|1|MFI|Marshfield~5|46369|98107|389|16,1525,30,1,1,158.6,,740,-480,389,,-530,220,382;04,1097,30,1,1,46.9,,-490,-320,382,,190,690,380
KMGG|||Maple Lake~5|52360|60144|313|04W/22W,2438,610,12,0;10,852,18,1,0,102,,80,-530,313,,-80,530,313
KMHE|1|MHE|Mitchell~5|37748|19614|397|13,2042,30,1,1,134,,610,-1290,395,,-670,520,397;18,1680,30,1,1,180,,800,460,391,,-720,470,397
KMIC|1|MIC|Crystal~1|50620|66461|265|14,1143,23,1,1,141,,300,-300,265,73,-400,490,264,73;14R,995,23,1,2,142,,250,-390,265,,-450,400,264;06L,762,23,1,1,53,,-70,-490,265,119,340,290,264;06R,509,42,4,0,53,,,,265,,,,265
KMIW|1|MIW|Marshalltown~5|21127|70822|297|13,1526,30,1,1,127,,430,-620,297,,-400,850,296;18,841,15,1,1,183.5,,360,-170,296,,-410,-230,295
KMJQ|1|MJQ|Jackson~5|36500|50135|441|13,1095,23,1,1,139,,420,-510,436,,-310,390,440;04,696,91,4,0,48,,-280,-230,,,130,400
KMKA|||Miller~5|45252|10419|478|15,1098,18,1,1,158,,460,-260,475,,-450,260,478
KMKT|1|MKT|Mankato~4|42248|60809|311|15,2012,30,1,1,154.6,,540,-360,311,,-790,520,311;04,1219,23,1,1,47.2,,-940,-590,307,,-200,530,311
KMLE|1|MIQ|Millard~1|11959|38879|320|12,1159,23,2,1,128.9,,340,-550,320,65,-320,520,319
KMML|1|MML|Southwest Minnesota Regional Airport - Marshall/Ryan~a|44505|41781|361|12,2201,30,1,1,130,,420,-970,360,,-460,500,359;02,1219,23,1,1,28,,-450,-60,359,,520,660,360
KMOX|1|MOX|Morris Municipal Airport Charlie Schmidt~a|55660|40328|347|14,1493,23,1,1,144,,300,-340,344,,-590,570,343;04,805,46,4,0,49,,-30,-560,342,,450,210,347
KMPZ|1|MPZ|Mount Pleasant~5|9466|84889|223|15,1220,23,1,1,152.5,,440,-300,221,,-530,370,223;03,600,37,4,0,31,,-140,-240,,,330,130
KMQB|1|MQB|Macomb~5|5201|93476|215|09,1554,30,1,1,90.1,,-40,-860,215,,-40,970,207;18,1134,58,4,2,180.1,,560,-70,211,,-460,-70,208
KMRJ|||Iowa~8|28868|97638|357|11,1524,23,1,1,110.7,,350,-1200,344,,-130,550,354;04,1097,18,1,1,41,,-520,10,355,,230,880,357
KMUT|1|MUT|Muscatine~5|13678|88518|167|06,1676,30,2,1,58,,-550,-620,166,,240,1080,165;12,1219,23,2,1,125,,550,-920,163,,-80,270,166
KMVE|1|MVE|Montevideo Chippewa~8|49691|42897|315|14,1219,23,1,1,142.8,,350,-410,315,,-520,520,311;03,720,50,4,0,40,,-130,-370,314,,380,220,311
KMWM|1|MWM|Windom~5|39134|48906|430|17,1097,23,1,1,180,,490,0,429,,-490,0,428
KMXO|1|MXO|Monticello~4|22204|88367|254|15,1341,23,2,1,153.8,,610,-440,251,,-470,270,253;09,701,27,4,0,90,,-150,-260,251,,-150,580,254
KMZH|||Moose Lake Carlton~8|64188|71953|328|04,975,23,1,1,39,,-350,-420,327,,310,400,326
KODX|||Evelyn Sharp~a|16242|10476|631|13,1439,23,2,1,136.1,,450,-570,631,,-440,580,628;17,613,66,6,0,179.1,,50,230,628,,-530,240,627
KOEO|1|OEO|L O Simenstad~5|53100|73081|275|10,1526,23,1,1,103.8,,-20,-550,269,,-260,890,275;04,629,46,4,1,45.1,,20,-590,,116,460,30
KOLG|||Solon Springs~5|63148|81836|336|01,945,18,1,1,7.7,,-430,-80,336,,420,80,335
KOLZ|||Oelwein~5|26809|80263|328|13,1219,23,2,1,135,,320,-630,328,,-450,430,323;18,555,26,4,0,182.5,,350,-10,,,-120,-40
KONA|1|ONA|Winona Municipal Airport Max Conrad~a|40772|82917|200|12,1731,30,1,1,120,,560,-1110,200,,-140,610,200;17,778,23,1,2,176,,-70,470,200,,-770,540,200,46
KONL|1|ONL|O'Neill Municipal Airport–John L Baker~a|24689|13130|619|13,1344,23,1,1,138.9,,560,-640,619,,-360,430,619;04,975,18,6,0,42.8,,-310,-310,619,,300,460,618
KOOA|1|OOA|Oskaloosa~5|12262|75061|256|13,1223,23,2,1,135,,250,-510,255,,-520,530,255;04,587,23,2,0,44,,60,-250,255,,440,240,256
KOQW|||Maquoketa~5|20507|92608|234|15,1007,18,1,1,154.7,,350,-220,234,,-470,300,225
KORB|||Orr~4|80159|71439|400|13,1219,23,1,1,138,,410,-540,399,,-410,550,399
KOTG|1|OTG|Worthington~5|36548|44226|480|11,1676,30,1,1,115,,280,-800,480,,-350,1090,477;17,1280,30,1,1,180,,680,-610,478,,-470,-610,480
KOVL|||Olivia~4|47786|49672|328|11,1067,23,1,1,118,,220,-590,326,,-230,600,328
KOVS|||Boscobel~1|31602|93245|205|07,1524,23,1,1,67.1,,20,-350,205,,550,1370,205;02,1115,18,1,1,17,,-730,-540,205,,230,-140,205
KOWA|1|OWA|Owatonna Degner~4|41234|67394|349|12,1676,30,2,1,124,,420,-870,337,,-420,870,349,305
KOXV|||Knoxville~5|12989|68862|283|15,1219,23,2,1,156,,520,-290,282,,-480,300,283
KPBH|||Price~8|57090|95975|456|01,1591,23,1,1,8,,-410,-90,447,,950,150,456;06,1204,23,1,1,59,,-630,-700,447,,-70,620,448
KPDC|1|PCD|Prairie Du Chien~5|30193|88763|201|14,1524,23,1,1,139,,320,-530,198,,-730,670,198;11,1219,23,1,1,110,,440,-790,198,,60,610,201
KPEA|||Pella~5|14001|70541|270|16,1647,23,2,1,167,,840,-210,269,61,-610,220,265
KPEX|||Paynesville~5|53721|52553|360|11,1006,23,1,1,110
KPKD|1|PKD|Park Rapids Municipal Airport Konshok~a|69006|49269|440|13,1675,30,1,1,135,,610,-800,440,,-460,750,440;18,1067,23,1,1,180,,280,40,439,,-550,40,440
KPKF|1|PKF|Park Falls~5|59550|95756|457|18,975,18,1,1,180,,440,0,455,,-440,20,457
KPMB|1|PMB|Pembina~5|89425|27592|242|15,1158,23,1,1,161.1,,500,-250,241,,-490,260,242
KPMV|||Plattsmouth~5|9479|40827|367|16,1676,30,2,1,167,,780,-220,362,,-310,100,366
KPNM|||Princeton~5|55599|63918|299|16,1189,23,1,1,158,,490,-290,298,,-500,290,298
KPOH|1|POH|Pocahontas~5|27428|53527|374|12,1250,18,2,1,121,,290,-730,373,,-300,580,372;18,609,41,4,0,185,,220,150,,,-310,90
KPQN|||Pipestone~5|39833|36997|529|18,1312,23,1,1,184,,360,70,529,,-820,-30,527;09,774,60,4,0,97,,130,-540,525,,40,420,529
KPRO|1|PRO|Perry~5|18280|58401|309|14,1676,30,2,1,140.7,,450,-540,308,,-400,390,306;04,707,73,4,0,52,,-220,-170,,,140,440
KPVB|||Platteville~5|26894|95556|312|15,1219,23,1,1,144.9,,600,-380,310,,-300,480,311;07,1097,23,1,1,68.1,,-360,-680,304,,10,570,312
KPWC|||Pine River~4|67248|56183|395|16,914,23,1,1,164,,390,-180,395,,-390,180,395
KRBE|||Rock~8|25697|4316|716|13,1432,23,2,1,140.9,,500,-550,714,,-500,550,716;02,671,37,6,0,35.1,,200,-600,714,,700,-120,714
KRCX|||Rusk~8|54968|89995|377|14,1220,23,1,1,140.6,,-1100,-640,376,,-1940,370,373;01,975,23,1,1,7,,-520,-20,372,,350,120,377
KRDK|||Red Oak~5|10105|47401|319|05,1554,23,2,1,57.9,,-350,-680,318,,250,580,318;17,884,18,2,1,174.4,,380,-70,318,,-410,40,316;14,625,64,4,0,142,,340,50,318,,-100,520,317
KRGK|||Red Wing~4|45894|75150|237|09,1527,30,1,1,93,,30,-960,237,,-40,960,237
KROS|||Rush City~4|56980|70470|282|16,1341,23,1,1,160,,610,-320,282,,-520,270,280
KROX|1|ROX|Roseau Municipal Rudy Billberg~a|88560|43030|323|16,1341,23,1,1,167,,750,-300,323,,-430,100,322;06,639,76,4,0,69,,-410,-300,323,,-160,670,323
KRPD|1|RIE|Rice Lake Regional Airport - Carl's~a|54230|82269|338|01,2042,30,1,1,10.7,,-900,-260,334,61,630,180,337;13,1067,23,1,1,130.7,,-540,-590,333,,-1160,450,335
KRRQ|||Rock Rapids~5|34522|38202|415|16,944,15,1,1,172,,420,-80,414,91,-420,90,414,91
KRRT|1|RRT|Warroad International~i|89414|46516|328|13,1646,30,1,1,139,,460,-580,327,,-650,910,327;04,910,46,4,0,43.8,,-300,-430,,,300,430
KRYM|||Ray S Miller Army Air~a|60912|56395|351|13,1859,30,1,1,136,,590,-850,351,,-590,840,349;132/312,1219,27,5,0
KRZN|||Burnett~8|58227|76275|301|04,1189,23,1,1,44,,-280,-560,301,,470,530,300;13,1067,23,1,1,137,,250,-450,301,,-450,490,301
KS32|||Cooperstown~5|74228|18941|434|13,1067,18,1,1,134.7,,330,-500,433,,-340,510,433
KSAZ|||Staples~5|63809|51934|392|14,1007,23,1,1,145,,370,-380,392,,-370,380,391
KSBU|||Blue Earth~5|35953|59072|337|16,1036,23,1,1,161,,300,-180,333,,-580,240,337;03,684,61,4,0,34,,-250,-250,,,260,240
KSCB|1|SCB|Scribner State~1|16103|33701|404|17,1280,23,2,1,180,,900,400,402,,-250,410,402;12,860,18,2,0,134.4,,-110,-940,403,,-730,-100,402
KSDA|||Shenandoah~5|7516|45863|296|04,1524,23,2,1,43,,-620,-470,293,,380,760,295;12,1048,23,2,1,125,,440,-700,290,,-80,280,295
KSFY|||Tri Township~1|20458|98921|188|13,1220,23,1,0,135,,400,-520,187,,-390,510,187
KSGS|||South St Paul Municipal Airport/Richard E Fleming~a|48571|69671|250|16,1220,30,1,1,163,,530,-230,250,,-520,240,249
KSHL|||Sheldon~4|32084|41666|433|15,1280,23,2,1,155.5,,520,-330,433,,-520,320,430
KSKI|||Sac City~5|23791|50203|381|18,1250,23,2,1,180.3,,460,30,379,,-670,30,376;14,716,18,2,1,147.4,,440,-250,381,,-100,220,377
KSLB|1|SLB|Storm Lake~5|25973|47593|454|17,1525,23,2,1,175,,380,-150,451,,-990,20,451;13,925,15,2,1,134,,620,-300,450,52,40,510,447;06,598,29,4,0,67,,110,-320,454,,310,320,454
KSPW|1|SPW|Spencer~5|31655|47972|408|12,1829,30,2,1,126.2,,520,-940,408,,-450,880,408;18,1554,23,2,1,185.6,,660,120,408,,-730,-60,407
KSSQ|||Shell Lake~5|57314|80793|376|14,1131,23,1,1,137,,370,-490,376,187,-380,500,374
KSUW|1|SUW|Richard I Bong~i|66886|79050|205|04,1554,23,1,1,36.7,,-490,-480,205,,720,540,205;14,1220,23,1,1,139.3,,-120,-530,205,,-960,490,205
KSWT|||Seward~5|8647|28908|459|16,1280,23,2,1,174,,460,-40,455,,-690,110,459;04,1036,46,6,0,46.9,,-170,-470,457,,470,430,455
KSXK|||Sioux County~4|29858|38386|429|17,1676,30,2,1,,,753,-93,429,,-750,100,429
KSYN|1|SYN|Stanton~9|44756|69832|280|18,787,61,4,0;09,608,55,4,0
KTKC|||Tracy~5|42491|43927|408|11,944,23,1,1,120,,170,-400,406,,-240,640,407;06,789,61,4,2,51,,-130,-410,408,,300,340,405;17,542,61,4,0,179,,200,-100,404,,-320,-100,407
KTNU|1|TNU|Newton~5|16744|69783|290|14,1707,30,1,1,141.2,,600,-640,290,,-600,640,288
KTOB|||Dodge Center~1|40180|71685|398|16,1372,23,2,1,166,,520,-90,395,,-680,330,398;04,726,61,4,0,44.7,,-130,-680,,,310,-70
KTQE|||Tekamah~5|17635|38221|313|15,1219,23,2,1,154,,500,-330,313,,-490,320,312
KTRX|1|TRX|Trenton~5|835|64094|231|18,1313,23,1,1,179,,590,-10,231,81,-590,10,230
KTVK|||Centerville~5|6839|70990|312|16,1249,23,2,1,158,,680,-320,311,,-370,230,311
KTWM|||Richard B Helgeson~1|70492|82549|327|06,1341,23,1,1,63,,-190,-800,327,,370,760,326;15,787,46,4,0,143,,150,-300,328,,-410,310,317
KTZT|||Belle Plaine~5|18788|77154|235|18,1220,23,2,1,171.5,,430,-210,235,,-690,20,235
KUBE|||Cumberland~5|55060|80199|378|09,1232,23,1,1,90,271,0,-890,378,,-10,690,376;18,608,37,4,0,186,,310,80,378,,-240,-10,375
KULM|1|ULM|New Ulm~5|43196|54977|308|15,1646,30,1,1,151,,500,-450,306,,-550,370,308;04,755,49,4,0,50,,-210,-350,308,,290,480,308
KVIQ|||Neillsville~5|45581|94878|377|09,1036,18,1,1,95.7,,50,-650,368,,-40,640,377
KVMR|||Harold Davidson~a|27653|30657|349|12,1251,23,1,1,126,,330,-610,349,,-330,620,349
KVTI|||Vinton Veterans Memorial~j|22182|79741|257|09,1219,18,2,1,92,,130,-950,251,,80,530,255;16,762,15,1,0,161,,470,-20,255,,-170,280,256,61
KVVV|||Ortonville Municipal Airport/Martinson~a|53057|35756|335|16,1042,23,1,1,168.6,,460,-130,335,,-460,130,333;04,663,84,4,0,46.9,,-600,-370,333,,-200,240,333
KVWU|||Waskish~5|81541|54831|360|02,912,43,4,0,,,-770,-280,,,140,390
KXVG|||Longville~5|69902|57960|407|13,1082,23,1,1,130,,330,-580,406,134,-330,580,406
KY03|||Springfield~5|28814|20990|404|15,1067,18,1,1,157.1,,300,-270,,,-580,240;01,579,30,4,0,23,,-1530,210,,,-1060,490
KY14|||Marv Skie / Lincoln~8|34552|31986|462|16,1113,18,1,1,163.3,,700,-250,,,-240,140,459
KY23|||Chetek Municipal Southworth~1|53062|83638|322|17,1037,18,1,1,175,,400,20,321,183,-530,140,322;07,454,37,4,0,76,,180,-450,319,,260,-40,321
KY37|||Park River W C Skjerven~a|83940|22192|336|12,945,18,1,1,134,,250,-480,336,,-340,430,331;03,762,30,4,0,43,,-200,-310,336,,300,390,331
KY43|||Anita Municipal Airport Kevin Burke Memorial~a|14400|52300|381|05,861,29,4,1,54.7,,-190,-390,,,250,440
KY51|||Viroqua~5|35801|90998|394|11,1219,18,1,1,114,,190,-590,387,,-190,560,394;02,739,27,4,1,22,,-500,710,391,,150,1060,383
KY72|||Bloyer~a|39750|95165|294|07,1189,23,1,1,67,,-120,-470,296,,300,890,296;18,674,61,4,2,180,,560,-260,,,-50,-260
LL27|||Smith~1|4542|93765|214|09,777,46,4,0
LWD|||Lamoni~5|6333|60978|345|18,1036,18,2,0
MN00|||Webb Lake~1|69598|55753|414|14,610,12,1,0
MN01|||Hammars~h|72778|33860|270|N/S,762,23,4,0
MN06|||Pulkrabek Landing~a|80538|32118|259|N/S,792,46,4,0
MN08|||Eagles Nest~e|41265|61282|305|16,610,30,4,0
MN11|||Lorenz~1|53000|44550|320|17,792,27,4,0
MN12|||Robco~1|71996|52501|421|15,914,24,4,0;07,792,24,4,0
MN13|||Moberg~d|74961|50472|418|NW/SE,690,46,4,0
MN17|||Jackson~a|62722|57606|373|09,610,61,4,0
MN18|||Barrett~1|61782|59114|389|09,792,30,4,0
MN19|||Brandt~1|50473|61636|283|15,457,46,4,0,152.6,,200,-140,,,-190,150
MN24|||Surfside~1|51500|68831|271|02,579,38,4,0
MN28|||Lux Strip|49830|52519|341|18,777,27,4,0
MN31|||L & M~e|50622|54208|367|18,756,15,4,0
MN32|||Nietz~6|41914|75473|344|10,579,46,4,0
MN40|||Meadowvale~1|53625|64114|290|03,457,15,4,0
MN41|||Timmers Landing~a|49734|57858|326|01,488,30,4,0
MN42|||Oak Lake Air Strip|76612|40545|367|16,701,15,4,0
MN44|||Angen~a|59364|44738|442|11,853,23,4,0,,,110,-460,442,,-120,470,442
MN45|||Jennrich~a|45661|68678|290|09,762,23,4,0
MN47|||Cameron's~1|55497|65302|283|09,732,18,4,0,74.2,,90,450,,,280,1350
MN49|||Tuma Private~1|44239|65156|335|18,671,20,4,0
MN50|||Arthur~a|83702|41931|351|09,805,30,4,0
MN52|||Gospel~b|72285|69080|415|9,853,15,4,0
MN57|||Bush~a|60361|70120|320|18,789,24,4,0
MN58|||Sky Meadow~1|46981|71349|250|18,701,38,4,0
MN62|||Quast~1|48500|56497|320|E/W,701,30,4,0
MN63|||Stocker Private~1|46846|63625|261|NE/SW,610,30,4,0;E/W,427,30,4,0;N/S,427,30,4,0
MN66|||Ingleside~1|50631|63477|311|08,518,15,4,0
MN67|||Sky Park~1|46597|64817|287|18,1036,46,4,0
MN69|||Maple~1|50027|63281|313|11,1036,30,4,0
MN74|||B & D Flyers~3|38305|61595|322|E/W,701,23,4,0
MN77|||Jerger's~a|69235|32839|274|18,671,15,4,0
MN81|||J J and T~1|79889|29688|252|17,792,24,4,0
MN85|||Swiderski~a|60333|63386|381|18,762,15,4,0
MN86|||Sky Manor Aero Estates~1|70430|48842|455|01,846,46,4,0;13,609,24,4,0
MN88|||Empire Valley~1|52869|53247|354|N/S,701,46,4,0;E/W,610,46,4,0
MN89|||Aerovilla~1|66242|43560|419|E/W,914,46,4,0
MN91|||Reynolds~a|55375|64859|300|09,402,41,4,0
MN92|||Lennartson~1|67499|76998|381|N/S,610,23,4,0
MN99|||Serenity~1|49156|59111|320|09,624,23,6,0,95,,20,-390,,,-30,390
MO09|||Sharpe Farms~1|228|81290|214|13,1329,20,1,1,131.4,,360,-710,,,-220,160
MO17|||Garst~1|4804|43515|276|18,652,15,4,0
MO24|||Lonesome Sky~1|1428|46117|265|18,914,18,4,0
MO82|||Howard~1|4066|79441|226|09,625,17,4,0
MO83|||Widmark~1|2531|70451|319|NE/SW,610,26,4,0
MU09|||Hester~1|4668|49766|305|02,792,30,4,0
MU33|||Harrison~1|763|76806|262|03,610,30,4,0
MU35|||Tallen~1|2675|52134|342|17,610,30,4,0
MU38|||Bogard-Cowgill~1|1789|68683|290|09,792,15,4,0
MY00|||Sieg's~h|38941|55061|323|N/S,671,46,4,0;E/W,640,46,4,0
MY01|||Roan~1|81458|32474|262|09,762,23,4,0
MY07|||Nord~a|65833|33935|289|N/S,792,30,4,0
MY10|||Deters Farms~1|35611|83185|372|13,549,30,4,0
MY12|||Dykstra Acreage~1|38808|37469|515|18,671,30,4,0
MY15|||Kastanek~1|59558|60106|402|09,762,23,4,0
MY18|||Lino Air Park|51872|68695|276|09,726,37,4,0
MY24|||Falk Private~1|68622|49478|440|09,701,46,4,0
MY28|||Pinetree~j|55798|70369|283|16,671,23,4,0
MY29|||Kaiser's~6|67969|39004|427|13,610,24,4,0
MY35|||Walker~a|49335|71823|275|11,671,37,4,0
MY37|||Eyota~1|39818|77541|392|18,610,24,4,0
MY46|||Hay Shakers~1|42792|57867|303|18,732,18,4,0
MY47|||Guggenberger~1|56047|57892|320|09,640,12,5,0
MY50|||Frontenac~1|45034|76356|242|13,610,18,4,0
MY54|||Cloverleaf-East Bemidji~1|74383|51878|440|09,1280,30,4,0
MY56|||Robertson~a|72524|71406|393|09,914,61,4,0
MY57|||Fedor~1|57633|55425|358|N/S,558,20,4,0
MY58|||Home-Base~1|52388|40747|311|09,805,46,4,0
MY59|||Gasper~1|79016|33877|277|17,792,18,2,0
MY60|||Hagen~1|65027|43802|418|11,402,30,4,0
MY62|||Ultraflyte, Inc Ultralightport|66652|56567|387|NE/SW,427,15,4,0
MY68|||Johnsons Aero Repair~1|57772|36086|313|18,671,24,4,0
MY72|||Isle Private~1|61597|65387|387|16,750,49,4,0
MY80|||Rosenberg~1|35222|54175|383|10,762,27,4,0
MY90|||Al's Due North~1|54818|70115|279|10,945,23,4,0
MY95|||Swanson~a|54464|66172|285|18,792,30,4,0
MY97|||Nielsen's~1|45991|68724|302|18,610,18,4,0
MY99|||Johnston~1|68575|37648|415|11,1097,23,4,0
NA01|||Jenson~1|76683|29946|264|17,762,15,4,0
NA02|||Saure~1|77047|29453|265|08,539,18,4,0
NA05|||Kraig Farms~1|66122|25644|323|17,762,21,4,0
NA06|||Bouret~b|78628|10274|459|12,488,15,4,0
NA10|||Anderson Private~1|83806|9663|445|13,610,37,4,0
NA17|||Jacob Gust~1|69427|30710|273|N/S,914,30,4,0
NA21|||Thompson Private~1|62281|27632|328|18,792,18,1,0
NA32|||Johnson~6|68986|11413|472|17,732,12,4,0;08,701,12,4,0
NA33|||Ripplinger Strip|80011|740|488|08,808,18,4,0
NA38|||Sabbe Brothers~f|79506|5704|479|08,805,24,4,0
NA55|||Hager Strip|62659|29842|316|09,792,30,4,0
NA56|||Moffet~6|63025|30091|313|17,850,18,4,0
NA60|||Dakota~1|72350|29616|275|17,792,18,2,0
NA65|||Anderson Strip|85314|23719|271|17,652,18,4,0
NA67|||Horsley~6|89839|25355|248|17,610,18,4,0
NA70|||Smith~6|77739|10116|468|09,610,30,4,0
NA71|||M. Bodvig~6|69958|3288|533|08,805,12,4,0;12,640,12,4,0;17,610,12,4,0
NA75|||Lill Strip|76764|6096|475|E/W,805,6,4,0
NA81|||Central Valley Aviation~1|76283|29135|280|09,610,5,1,0
NA84|||L. Seckerson~6|68005|9949|530|16,750,20,4,0
NA86|||Johnson Private~6|73333|20991|455|17,1250,15,4,0
NA99|||Bakko~6|65515|29678|317|17,762,12,4,0
ND01|||Nelson~1|70458|28135|290|17,744,15,4,0
ND02|||Ricketyback~a|78111|20399|460|17,792,30,4,0,,,330,-170,460,,-330,170,460
ND07|||Punton Private~1|70028|25928|337|17,792,21,4,0
ND09|||Bryn~1|71911|18310|436|E/W,762,30,4,0
ND14|||Fordville~1|82347|21982|352|17,772,30,4,0,,,330,480,352,,-360,480,352;08,681,30,4,0,,,330,-440,352,,330,480,352
ND19|||Stokka~1|74336|15821|442|18,1235,18,4,0,,,,,442,,,,442
ND20|||Gensrich~1|77042|26499|311|17,792,18,4,0;08,610,18,4,0
ND24|||Inkster~1|81403|23274|333|08,732,18,4,0,,,360,-270,333,,360,720,331;17,671,46,4,0,,,330,-270,333,,-270,-270,333
ND35|||Lindemann~1|67000|22996|365|NW/SE,549,30,4,0
ND40|||Rau~a|68167|7496|565|09,762,23,1,0
ND47|||Geske~9|66408|24489|336|18,747,23,4,0
ND49|||Krause Private~1|62244|28695|323|08,704,18,4,0
ND52|||True North~j|68028|29878|278|09,684,15,4,0
ND53|||Pueppke~1|70464|26119|335|18,803,30,4,0
ND54|||Whitman~a|71292|2696|543|14,762,12,1,0,,,300,-140,543,,-280,390,541
ND59|||Grieve~1|69875|24705|368|17,792,15,4,0
ND60|||Douglas Portage~1|79566|25183|290|14,610,24,4,0
ND64|||Rue Ranch~9|78182|7841|458|9,610,27,4,0
ND68|||Vining~1|69558|26988|299|17,975,23,4,0
ND73|||Peterson~1|70483|27444|304|NW/SE,701,24,4,0
ND74|||Smith Private~1|70166|28371|287|17,701,18,4,0
ND78|||Wilcox~h|70400|24630|369|N/S,792,15,4,0
ND83|||Allmaras Aviation~1|77428|6067|480|9,611,27,4,0
ND84|||Skaar Farm~9|77493|7776|477|18,747,24,4,0
ND89|||Mutschler~a|70558|14930|454|N/S,610,23,4,0
ND90|||Dahl Private~1|59666|22663|392|E/W,762,23,4,0
ND99|||Ellig~a|67202|31905|277|18,805,20,4,0
NE01|||Schutte~1|1947|16480|572|NW/SE,762,38,4,0
NE04|||Ely~1|923|16523|531|N/S,853,30,4,0
NE06|||Woolf Brothers~1|28266|15777|425|NW/SE,792,46,4,0;E/W,762,46,4,0;N/S,762,46,4,0
NE09|||Simpson~1|19633|25327|503|N/S,762,30,4,0
NE18|||Krutz~1|9142|29194|442|14,488,24,4,0
NE20|||Bernadt~1|1861|37886|393|17,701,21,4,0
NE29|||Cavanaugh~1|5139|9880|663|08,1219,30,4,0;17,792,30,4,0
NE30|||Olson~a|5736|5796|710|17,914,6,1,0,177,,420,-20,,,-420,40
NE35|||Sutton~1|583|24588|482|N/S,427,30,4,0
NE38|||Aknux~1|7095|14405|617|18,1081,9,1,0
NE40|||Denton~9|7164|31309|387|01,762,9,1,0
NE44|||Koinzan~1|19908|19200|585|08,792,30,4,0;10,396,30,4,0
NE49|||Koke~1|10702|37543|386|N/S,695,20,4,0
NE56|||Werner~1|13414|36050|353|14,817,15,2,0
NE57|||Thomas~1|937|35204|411|NE/SW,1036,15,4,0
NE59|||Pester~1|8333|34330|351|NW/SE,512,21,4,0
NE65|||Roth~1|7670|29222|453|18,805,15,1,0
NE69||EPG|Browns~1|8675|38900|361|17,671,18,4,0;11,366,15,4,0
NE75|||Kristijanto~6|24003|35687|334|9,488,7,2,0
NE79|||Mueller~a|6528|33789|428|15,506,12,4,0
NE81|||Huffy's~1|28815|13442|515|16,797,18,4,0,158,,1290,-200,515,,-210,160,512
NE82|||Nolte Farms~1|9325|40005|379|03,701,20,4,0
NE86|||Traudt~1|6656|21302|526|14,975,15,4,0
NE87|||Rempe Private~1|972|19352|536|17,1609,34,4,0
NE88|||Novotny/Tonar Farms~1|10208|31358|435|N/S,610,30,4,0
NE92|||Thomsen~1|553|33387|428|17,805,23,4,0
SD00|||MJ Aviation II~1|26799|33008|340|18,914,30,4,0
SD01|||MJ Aviation Airport I|38997|18890|398|18,914,30,4,0;09,610,6,1,0
SD03|||Calico~a|40502|26643|533|09,427,30,4,0;18,320,30,4,0
SD05|||Thorson~9|53685|15281|396|17,869,30,4,0
SD13|||Hofer Private~1|48671|19260|417|12,771,30,4,0
SD15|||Fleurish~h|27581|33307|345|9,732,27,4,0
SD19|||Andersen Farms~1|44662|27772|533|18,945,23,4,0
SD43|||Ingle~1|42397|19503|398|12,610,30,4,0;07,549,30,4,0;17,549,30,4,0
SD44|||Cook~a|37836|7447|511|NW/SE,805,37,4,0;E/W,396,27,4,0
SD46|||Jensen~1|38333|31497|463|N/S,732,24,4,0
SD49|||Hite Private~1|52822|19524|402|17,640,18,4,0
SD50|||Harrold~5|45309|2525|545|15,686,61,1,0,159,,330,-170,541,,-250,140,545
SD53|||Howard~a|29044|31892|381|18,581,23,4,0
SD55|||Winter~9|43159|17208|403|12,823,9,4,0
SD61|||Plihal Farms~1|30102|21338|437|09,776,23,4,0
SD65|||Whipple~b|54377|30002|446|01,701,20,4,0
SD78|||Anderson Aerial Spraying~1|39015|1211|533|12,884,12,4,0
SD83|||Lee~1|42156|23925|474|17,1036,18,4,0
SD93|||Gary Myers~1|48640|3951|588|13,1219,15,5,0;09,457,14,5,0
SD94|||Lundin~1|49930|35187|361|09,792,15,4,0
US-0395|||West Wind~1|84537|64019|335|10,610,18,4,0
US-0509|||Pfau~6|56568|65177|304|10,621,21,5,0
US-0587|||Lone Tree~1|50223|21551|548|9,591,30,4,0
US-0637|||Peltz~a|32660|54375|390|18,622,24,4,0
US-0657|||Erickson Intergalactic~1|35849|34824|439|17,530,35,4,0
US-0784|||Glenwood~a|30009|31234|386|18,929,18,4,0,,,417,-3,388,,-765,2,383,104
US-0873|||Rolling Hills~1|39508|46147|450|9,686,18,4,0
US-0F3||RTL|Spirit Lake~5|33875|48608|437|16,919,15,1,1,167,,400,-130,437,,-410,140,433
US-1113|||Besch~1|29737|59641|355|9,668,37,4,0,90,,-1,-410,354,,-1,409,355
US-1114|||Stagecoach~1|16052|53838|425|4,518,17,4,0,34,,-192,-173,425,,192,177,420
US-11825|||Gudgel~1|65488|32129|283|13,635,18,4,0
US-1192|||Knight~a|19567|59131|301|18,610,15,4,0,,,274,-6,300,,-275,-2,299
US-1201|||Michels Farms~1|42186|58628|305|09,912,23,4,0
US-12404|||Pickel Point~1|28003|94268|307|13,472,30,4,0
US-12655|||Tonner~a|22570|71645|328|18,762,37,4,0
US-12810|||North Lake Landing~1|54014|71428|285|4,457,23,4,0
US-12811|||Jims Agri-Air~1|5903|21393|530|17,1036,30,4,0
US-12855|||Flying M~b|76465|27169|304|18,777,21,4,0
US-12971|||Clair RLA|1681|87638|193|9,610,21,4,0
US-3389|||Mggenas~1|14769|76204|280|10,810,30,4,0,,,88,-457,280,,-79,487,274
US-4328|||Plain Ol'~a|31392|65664|378|6,823,21,4,0,59,,-240,-420,378,,140,450,377
US-4488|||Sodbuster Strip|44009|73125|366|18,476,15,4,0
US-4574|||Workman~9|16099|91410|218|18,1067,26,4,0,180,,480,10,218,,-480,10,215
US-4766|||Ritel Copter~6|23138|75882|299|9,857,15,4,0,,,-10,-510,299,,0,530,299
US-4921|||Drew 9~1|57432|83473|402|18,643,15,4,0
US-5168|||Gregory~1|56297|68250|290|4,654,23,4,0,42,,-216,-276,290,,223,282,290
US-5477|||Bascom~a|17873|64876|295|18,701,18,4,0,180,,311,10002,293,,-320,10002,295
US-6668|||Bakko Aviation~1|54799|46623|403|14,973,18,2,0
US-6782|||Kingfield~1|9273|97349|229|6,710,21,4,0,,,-202,-319,223,,217,319,221
US-6887|||SJ~9|28806|66848|369|18,785,15,4,0,,,,,358,,,,369
US-6891|||Creekview~1|21850|15809|593|16,792,22,4,0,161,,334,-153,591,,-343,154,593
US-7432|||Wells~a|7568|65985|333|1,732,23,4,0
US-7574|||Agrivation~a|13384|63463|296|18,521,18,4,0
US-7753|||Pietenpol~a|35821|76985|416|14,529,27,4,0
US-8317|||Strouckel~h|53361|4713|568|18/32,413,23,4,0
US-8414|||Ries Farms Runway|46121|72331|299|9,610,18,5,0
US-8516|||Moyer~1|52782|41226|319|18,641,21,4,0
US-8950|||Wings on the Prairie~1|35083|31377|460|15,1250,23,4,0
US-8994|||Marine Farms~a|15564|90196|229|9,488,18,4,0
WI10|||Cedar Island~1|64482|83869|375|NE/SW,1158,46,4,0;NW/SE,427,46,4,0
WI12|||Lilac Time~1|57066|83751|396|18,518,30,6,0,178.5,,280,0,,,-270,10
WI14|||Baldwin~1|49666|76123|336|18,594,37,4,0
WI16|||Jim Benson~a|28531|98703|335|03,549,23,4,0
WI18|||Gateway~1|51333|85498|311|18,640,30,4,0
WI21|||Crane~a|49097|87582|285|08,799,29,4,0
WI23|||Cornucopia~a|68662|89163|232|05,613,24,4,0
WI25|||Durand~5|45389|79859|238|18,850,15,1,0
WI27|||Skyport~1|49202|80251|268|15,579,20,4,0
WI29|||Rush River~1|49055|75165|329|18,792,23,4,0
WI31|||Minnesuing~1|64108|83462|368|18,1615,23,1,0,178.5,,1310,50,368,93,-140,100,366,93
WI32|||T-Bo~g|49873|86696|287|01,610,30,4,0,9.8,,-270,-70,,,270,70
WI33|||Ben Sutherland~1|61036|80976|322|18,633,30,4,0,,,300,0,322,,-310,0,322
WI37|||Rainbow~1|58083|89037|403|07,1006,27,4,0
WI49|||Blair~1|42868|87735|263|09,579,23,4,0
WI56|||C Jeidy Farms~1|28817|91393|308|18,610,23,4,0
WI79|||Town Line~1|48527|94435|387|18,671,18,4,0
WN86|||St Croix Valley~1|52639|73784|331|18,1158,18,4,0
WN90|||Taylorport~1|53731|87053|381|06W/24W,1372,46,12,0;06,549,76,4,0
WN98|||Florida North~1|56594|84775|388|09,853,18,4,0
WS06|||Springstead~1|59877|98365|488|01,610,18,4,0
WS13|||Cloud Dancer Private~1|53119|84103|320|05W/23W,3048,61,12,0;14,914,61,4,0;05,640,61,4,0,,,,,,,,,,152;09,305,46,4,0
WS19|||Petit Cache~1|68935|91793|232|18,610,27,4,0,,,,,,107,,,,91
WS20|||Young Tactical Landing Site~1|39530|93374|278|11,1745,27,5,0,108.8,,480,-1160,276,,170,90,280
WS41|||Rusmar Farms~1|50122|74487|320|18,457,9,4,0
WS42|||Owen-Withee~1|49500|93999|392|E/W,792,30,4,0
WS51|||Leeward~h|33528|93190|322|11,1155,30,1,1,109,,160,-650,326,,-170,680,326
WS67|||Vietmeier~1|67999|87915|242|16,610,24,4,0,,,,,,213,,,,213
WS69|||Log Cabin~1|45723|84525|259|18,762,18,4,0;09,396,23,4,0
WS71|||Flying J~1|54305|73845|367|09,792,21,4,0
WS81|||Alpha Hotel~1|59480|78915|305|18,457,30,4,0
WS84|||Cran Bog N~1|42735|95177|302|9,671,17,4,0
WS91|||Sky Hollow~1|32086|93363|215|11,914,18,4,0
Y01||UKN|Waukon~5|32805|85305|390|07,735,18,1,1
Y16|||Dale Delight~1|30789|83848|366|11,709,21,4,0
Y46|||Bedford~5|6378|52706|366|18,826,30,4,0
Y48|||Belmond~5|28527|64053|366|17,989,29,4,1
Y49|||Walker~5|71583|53539|416|15,981,23,1,1,148
Y58|||Sleepy Eye~5|42500|52831|306|14,785,91,4,1;04,782,91,4,0,,,-340,440,302,,230,1010
Y63|||Elbow Lake Municipal - Pride of the Prairie~1|59847|40083|367|14,1037,18,1,1,,,370,-440,367,,-340,410,367
Y76|||Morningstar~a|16555|63559|245|17,629,55,4,1
Y77|||Bayfield~8|65773|85444|348|08,917,40,4,1,,,-50,-640,347,,40,540,347
#US|W
01MN|||Barnes~7|78996|74426|414|E/W,3048,183,12,0;NW/SE,3048,183,12,0
08MN|||Christenson Point~7|76694|69456|418|18,3380,1829,12,0
09I|||International Falls~7|86058|66292|338|05,1524,305,12,0;08,1524,305,12,0
09Y|||Wipline~7|48166|69845|209|17,2438,152,12,0
0G5|||Grand Marais/Cook County~7|78263|96165|498|09,4572,457,12,0;03,914,610,12,0
0MN0|||Winner's Landing~7|47969|70159|210|09,1676,213,12,0
0MN2|||Grindstone Lake~7|61333|69970|312|01,3353,914,12,0
0MN3|||Lower Hay Lake~7|66778|57075|375|06,1524,30,12,0;15,1524,30,12,0
0MN4|||Paul's~7|64772|56969|366|12W/30W,1524,91,12,0
25MN|||Shirt Lake~7|64306|61669|388|05W/23W,1890,174,12,0
28MN|||Vasa Park~7|49636|63775|283|NW/SE,2134,610,12,0
28MY|||Sunrise Bay~7|79118|76473|414|08W/26W,914,152,12,0
32WS|||Lisas Landing~7|52968|74622|299|17W/35W,1068,46,12,0
34MN|||Peil/Juliar~7|49597|63506|191|E/W,1524,610,12,0
38MN|||Root Beers Float~7|50400|61140|289|1W/19W,1177,152,12,0
3MN0|||Shadduck~7|52922|59053|302|13W/31W,2438,610,12,0
49MY|||Delong Seaplane/Skiplane Base|52841|70373|274|18W/36W,1524,305,12,0
4P5|||Franks~7|58833|99998|503|N/S,2743,305,12,0;E/W,805,305,12,0
4WI2|||Loons Landing~7|59320|85784|399|6W/24W,3048,61,12,0
51MY|||AB Squared~7|78952|77217|414|9W/27W,1606,152,12,0
57MN|||Namakan~7|84068|73332|341|E/W,4267,30,12,0;NW/SE,4267,30,12,0;NE/SW,1585,30,12,0
5G3|||East Dakota Flying Club~7|39652|29702|488|SE/NW,4572,305,12,0
5MN6|||Northbound~7|71564|64761|388|13W/31W,1524,152,12,0
6MN4|||North Center Lake~7|53972|71684|274|14,1829,91,12,0;02,1219,91,12,0
6MN5|||Gale's~7|52077|58375|308|16W/34W,1219,610,12,0
6MN6|||Goose Lake~7|48875|61579|295|01W/19W,1524,61,12,0;12W/30W,1524,61,12,0
70MY|||Loon Lane~7|46033|64778|288|18W/36W,3048,305,12,0;11W/29W,1372,305,12,0
76MY|||Seclusion Point~7|67459|39521|413|10W/28W,1740,76,12,0
7MN2|||Eagles Nest~7|78285|79003|454|17W/35W,1524,183,12,0;08W/26W,914,122,12,0
7MY4|||Beavers Lair~7|70130|49736|440|12W/30W,975,61,12,0
7WI1|||Little Clam Lake~7|61586|91157|444|03W/21W,1067,46,12,0
83MN|||Ponderosa~7|68631|60106|401|12W/30W,2286,152,12,0;03W/21W,1524,152,12,0
83MY|||Leos Landing~7|51821|66195|252|13W/31W,1219,30,12,0
8Y4|||Surfside~7|51500|68831|268|NE/SW,1981,305,12,0;N/S,762,152,12,0
96M|||Moberg Air Base~7|74983|50526|418|09W/27W,1609,805,12,0
9MN0|||Carey Lake~7|74183|71723|412|03W/21W,762,61,12,0
9MN2|||Wabana~7|74186|64812|402|16,3658,152,12,0;10,1829,152,12,0
9Y5|||Sky Harbor~7|74596|75234|419|03,1981,305,12,0;07,1981,305,12,0;14,1372,305,12,0
CDD|||Scotts~7|82666|75165|341|07W/25W,2438,305,12,0;16W/34W,2134,305,12,0
H63|||Harlan County Lake~7|431|7491|593|E/W,1829,61,12,0
I04|||Quad-City~7|14600|95071|171|E/W,3048,91,12,0,,309
KM56|||Gunflint Lodge~7|80854|92496|471|8W/26W,1829,30,12,0,80,,686,-195,471,,982,2220,471
KM96|||US Forest Service~7|79043|81163|408|18W/36W,762,61,12,0;9W/27W,762,61,12,0;18,488,18,10,0
M14|||Mal's Serpent Lake~7|64741|60814|380|06W/24W,3048,152,12,0;18W/36W,1829,152,12,0
M49|||Jolly Fisherman~7|71430|44711|457|08,1524,549,12,0
M69|||Birch Lake~7|63697|61861|390|13,1829,610,12,0
MN02|||Lake Minnewashta~7|48805|63909|288|16W/34W,1524,610,12,0;09W/27W,1219,610,12,0
MN05|||Jordan~7|75972|51531|410|15,1829,305,12,0
MN09|||Crystal Lake~7|47222|67331|285|09,3658,305,12,0;02,1829,152,12,0
MN35|||Wild Rice Lake~7|68999|78379|421|ALL/WAY,1829,1829,12,0
MN76|||Marty's Tranquility Base|47000|65281|278|08W/26W,2469,91,12,0
MN80|||The Pass~7|49144|63115|283|16,2134,229,12,0;06,1676,229,12,0
MY21|||Kollar's Shoreview Marine~7|50333|68748|270|NE/SW,2134,30,12,0;NNE/SSW,1981,30,12,0
MY22|||Hazelglade Resort~7|61416|64789|381|E/W,762,762,12,0;N/S,762,762,12,0;NW/SE,640,610,12,0
MY23|||Andings Landing~7|48805|63914|287|ENE/WSW,1524,305,12,0;NNW/SSE,1524,305,12,0;NW/SE,914,305,12,0
MY32|||Rosacker's Nr 2~7|63644|61400|384|18,3048,61,12,0
MY33|||Rosacker's Nr 1~7|50769|67956|264|14,1067,61,12,0;17,1067,61,12,0
MY34|||Jorgensen's Landing~7|47394|66042|274|NE/SW,914,61,12,0;NNE/SSW,853,61,12,0;NW/SE,762,61,12,0
MY38|||Irons Point~7|78433|76493|414|NW/SE,1433,305,12,0;N/S,1219,305,12,0
MY76|||Johnson's Sea Landing~7|78561|76083|396|04W/22W,1707,305,12,0
MY83|||Safe Air~7|69866|58756|398|17,2134,274,12,0;09,1067,274,12,0
MY86|||Johnson~7|51508|62600|296|18W/36W,1219,488,12,0
MY93|||Johnston~7|66108|42956|418|09W/27W,1524,91,12,0
MY96|||Bahnsen~7|44167|66692|306|N/S,1219,914,12,0
SS1|||North Country~7|63698|82020|305|04W/22W,1829,152,12,0;09W/27W,1067,152,12,0
US-0634|||Emma's Bay~7|66319|57991|368|8,1618,30,12,0
US-0663|||Hurley Memorial Seaport|35667|45597|464|NW/SE,1219,152,12,0
US-0668|||Wildhurst Pines~7|49175|63918|283|W/E,1402,61,12,0
US-0843|||Eagles Nest 4~7|78309|79389|456|5W/23W,762,30,12,0
US-0984|||McKeen~7|50729|59303|311|14W/32W,1676,122,12,0
US-12723|||Bobs~7|66251|91824|183|6W/24W,2134,6,12,0
US-12732|||Gillespie~7|66653|58750|375|18W/36W,1544,61,12,0
US-12923|||Webb Lake Lodge~7|60298|78730|287|14W/32W,1219,46,12,0
US-12939|||BK's Landing~7|59317|85281|394|06W/24W,1524,152,12,0
US-12992|||LBT~7|69356|51067|435|08W/26W,2167,61,12,0
US-6773|||Salisbury~7|50766|70140|282|3W/21W,1544,76,12,0,31,,-243,-344,282,,951,656,282;12W/30W,1538,76,12,0,120,,7,-983,282,,-716,783,282
US-7147|||Luckys~7|69915|49515|454|16W/34W,1615,152,12,0,,,,,454,,,,454
US-7500|||Lake Pierson~7|48346|62998|294|14W/32W,610,76,12,0
US-8371|||Turtle Bay~7|72451|63868|389|12W/30W,1005,91,12,0
US-8471|||Little Sand~7|76496|59723|405|12W/30W,975,183,12,0
US-8476|||Oak~7|93142|51250|323|5W/23W,2210,152,12,0
US-9265|||Baby Lake~7|69677|56381|425|2W/20W,2087,30,12,0
US-9274|||Cormorant Cove~7|67550|39502|413|1W/19W,1524,61,12,0
WI35|||Ceder Lake~7|52158|74273|280|ALL/WAY,3658,1676,12,0
WN2|||Silver Lake~7|55847|80757|380|18W/36W,1524,61,12,0
WS24|||Round Lake~7|60069|86896|410|09W/27W,1524,152,12,0;14W/32W,1524,152,12,0
