#ES|H
ES-0275|LEMQ||Trelle Forest Fire Base~2|22659|20550|596
ES-0337|LEBO||Ibias Park Fire Fighting~2|30271|31157|772
ES-0341|LEBK||Becerrea Forest Fire Base~2|28652|28124|762
ES-0342|LEXU||Xurés Forest Fire Base~2|19511|20427|840
ES-0380|LEHK||Vilamaior Forest Fire Base~2|19740|26008|427
ES-0381|LECR||Castromaior Forest Fire Base~2|31730|16693|475
ES-0382|LELK||Lomba Forest Fire Base~2|29691|11311|290
ES-0383|LEIN||Portomarin Forest Fire Base~2|28132|23804|475
LEBD|1||El Bodon~2|4846|34229|807
#ES|L
LEAS|1|OVD|Asturias~1|35636|39654|127|11,2200,45,1,1,109,,300,-1299,122,,-310,1295,122
LEBB|1|BIO|Bilbao~1|33011|70894|42|12,2600,45,1,1,116.6,,520,-1434,36,,-530,1430,39,460;10,1910,45,1,1,97,,220,-2643,35,,20,-194,39
LEMD|1|MAD|Adolfo Suárez Madrid–Barajas~1|4934|64278|609|18R,4350,60,1,1,181,2,3840,-265,609,985,-80,-243,605;14R,3988,60,1,1,144.2,,-850,-381,608,,-3770,2582,582,1050;14L,3500,60,1,1,144.2,,150,1433,592,,-2340,3962,572,500;18L,3500,60,1,1,181,,3920,1282,585,500,770,1299,592
LEST|1|SCQ|Santiago-Rosalía de Castro~1|28963|15849|370|17,3200,45,1,1,166,,1550,-533,357,120,-1250,415,365
LEZG|1|ZAZ|Zaragoza~1|16662|89584|263|12R,3718,45,1,1,120,,1400,-4077,254,,-270,-211,263;12L,3000,45,1,1,120,,290,177,251,,-1080,3328,254
#ES|M
LEBG|1|RGS|Burgos~1|23576|63792|903|04,2100,45,1,1,45,,-710,-155,903,,665,1581,903;06,1339,30,1,3,56,,-340,-669,886,,340,677,898
LECO|1|LCG|A Coruña~1|33021|16227|99|03,2188,45,1,1,31,,-1040,-846,100,,649,540,87
LECU|1||Madrid-Cuatro Vientos~1|3707|62149|692|09,1500,30,1,1,94,,40,-883,691,,-50,875,685;09L,822,45,4,0,94,,160,-561,690,,90,751,684;H1,40,30,1,0,,,213,124
LEGT|1||Getafe~d|2941|62762|620|04,2480,60,1,1,45,,-790,-1027,618,,780,1041,610;05R,920,30,6,0,44.9,,-490,-135,,,110,648
LELN|1|LEN|León~1|25907|43466|916|05,3000,45,1,1,46,227,-870,-1188,916,,1021,1408,916;06,1034,100,6,2,61,,-80,-849,925,,420,309,915
LELO|LERJ|RJL|Logroño-Agoncillo~1|24610|76778|354|11,2200,45,2,0,,,273,-1031,350,,-398,1487,350
LEPP|1|PNA|Pamplona~1|27700|83537|458|15,2207,45,1,1,152,,950,-695,447,,-800,580,458,300;03,1,,0,0,,,,,447,,,,457
LESA|1|SLM|Salamanca~1|9521|44980|791|03,2513,45,1,1,28,,-1008,-704,791,,992,694,788;08,1864,122,6,0,74,,-213,-999,789,,247,1131,789
LESO|1|EAS|San Sebastián~1|33565|82094|5|04,1754,45,1,1,39,,-610,-680,3,,620,678,5
LETL|1|TEV|Teruel~1|4103|87826|1030|18,2825,45,1,1,,,1443,-90,1015,,-1098,50,1015
LETO|1|TOJ|Madrid–Torrejón Airport / Torrejón~d|4879|65432|618|04,4818,60,1,1,43,,-310,-390,600,,2080,2576,618
LEVD|1|VLL|Valladolid~1|17061|51481|846|05,3000,60,1,1,45.2,,-907,-1289,844,,992,1286,846;15,907,60,6,0,144,,720,-991,844,,60,-352,845
LEVT|1|VIT|Vitoria~1|28828|72755|513|04,3500,45,2,1,35.9,,-1270,-1253,503,,1280,1261,513
LEVX|1|VGO|Vigo~1|22318|13732|261|01,2400,45,1,1,11.4,,-1050,-286,261,,1070,291,253
LEXJ|1|SDR|Seve Ballesteros-Santander~1|34271|61800|5|11,2320,45,1,1,110.1,,370,-1392,3,,-350,1298,4
#ES|S
ES-0006|||Rosinos de la Requejada~9|20981|34738|1015|16,1174,14,1,0,157,,540,-310,,,-430,260
ES-0010|||Aeródromo de Antela|21045|22882|617|06,900,,1,0
ES-0011|||Chaira~9|22328|23552|593|15,500,,6,0
ES-0014|||Monforte~9|25470|24809|329|07,600,,4,0
ES-0044|||Aeródromo de la Curiscada|33330|36215|683|01,900,,1,0
ES-0065|||Aeródromo Aerópolis|208|54417|460|09,500,20,1,0
ES-0069|||Air Marugán|9111|56291|935|17,668,18,9,0;12,518,,0,0
ES-0072|LEBI||Beariz Airfield Forest Fire Base|24612|16602|806|17,870,20,1,0,164,,360,-140,,,-110,50,13,320
ES-0091|||Base de Bomberos del Amogable|18618|70501|1160|10,1097,,0,0,,,,,1189
ES-0105|||Lumbier~9|26648|86960|480|18,600,7,1,0
ES-0175|||Aeródromo Mazaricos|29823|9950|293|15,725,,0,0
LE83|||Aeródromo forestal de Mojados|14657|52869|710|17,1002,12,1,0,172.3,,460,-71,,,-430,89
LECA|1||La Nava - Corral De Ayllón~9|14108|65517|1000
LECI|1||Santa Cilia de Jaca~9|25692|92722|683|09,855,18,1,0,,,,,691,,,,691
LEFM|||Fuentemilanos~9|8891|57598|1008|16,1000,18,1,0,151.4,,290,-158,,,-500,407
LEHC|1|HSK|Huesca-Pirineos~1|20761|96833|539|12R,2100,45,1,1,122,,482,-1060,539,,-542,1072,518;12L,615,12,1,0,122,,633,-990,539,,333,-366,535
LEMR|||La Morgal~9|34292|41694|165|10,1000,30,1,0,91.7,,0,-607,,,0,616
LEMT|||Casarrubios Del Monte~9|2350|59736|625|08,950,26,1,0,,,,,626,,,,619
LEOS|||Aeródromo de los Oteros|23331|45481|799|08,1212,22,0,0
LERM|||Robledillo De Mohernando~9|8653|67522|944|01,1000,10,1,0,7,,-750,3,,,140,154
LERO|1||Rozas~9|31160|25364|440|04,1200,45,1,0,36,,-340,-1097,,,530,-239
LERP|1||Aeródromo de Herrera de Pisuerga|25923|57098|902|05,305,15,0,0;09,213,14,0,0
LETC|||Matilla De Los Caños~9|15306|50750|701|07,850,18,1,0,,,,,702,,,,702
LETI|||El Tietar~9|2439|52056|427|05,1000,15,1,0,47,,-110,146,,,500,1003;05L,600,60,6,0,40.9,,230,338,,,640,801
LEVF|1||Villaframil~9|35525|29122|24|08,1000,25,1,0
#FR|H
FR-0165|||Ile D'Yeu Port Joinville~2|67283|76493|3
#FR|L
LFBD|1|BOD|Bordeaux–Mérignac~1|48287|92846|49|05,3100,45,1,1,46,,-960,-1358,49,,1000,1440,46;11,2415,45,1,1,107,,290,-1384,47,,-330,1550,49
LFRB|1|BES|Brest Bretagne airport|84479|55815|99|07R,3100,45,1,1,71,,-450,-1985,88,,440,1981,95,300;07L,700,18,1,0,71,,190,-392,95,,400,509,97
LFRS|1|NTE|Nantes Atlantique~1|71532|83893|27|03,2900,45,1,1,28,,-1160,-884,22,,1160,880,26,212
#FR|M
LFBC|||Cazaux (BA 120)~d|45333|88750|26|06,2408,45,1,1,57,,-530,-1301,23,,670,1227,25
LFBG|1|CNG|Cognac-Châteaubernard (BA 709)~d|56583|96825|31|05,2423,45,1,1,50,,-989,-688,23,138,422,1681,31,140;08,1814,60,0,1,84,,356,-666,27,86,536,1649,29,112
LFBH|1|LRH|La Rochelle Île de Ré~1|61792|88047|23|09,2255,45,1,1,93,,50,-1571,18,315,-40,1349,23,467
LFBM|1||Mont-de-Marsan (BA 118)~d|39117|94925|62|09,3603,45,1,1,87,,-100,-2428,50,,60,2054,60,111
LFBN|1|NIT|Niort - Marais Poitevin~1|63135|96055|62|07,1760,30,1,1,68,,-520,-1760,44,,100,377,61
LFBP|1|PUF|Pau Pyrénées~1|33800|95814|188|13,2500,45,1,1,125,,770,-1466,177,,-550,1036,188
LFBT|1|LDE|Tarbes-Lourdes-Pyrénées~1|31787|99936|384|02,3000,45,1,1,20,,-1270,-635,377,670,1260,647,357
LFBZ|1|BIQ|Biarritz Pays Basque airport|34684|84768|75|09,2250,45,1,1,89,,-20,-1403,74,200,10,1378,67
LFCH|||Aérodrome d'Arcachon-La Teste-de-Buch|45964|88892|16|07L,1346,23,1,1,74,,-110,-726,16,104,300,969,15,345;07R,1284,60,4,0,74,,-190,-777,16,,0,128,15,378
LFCY|1|RYN|Royan-Médis~1|56281|90275|22|10,1255,30,1,1,102,,370,-760,11,140,150,817,22,230
LFDN|1|RCO|Rochefort-Saint-Agnant (BA 721)~1|58878|90169|18|12,2280,45,1,1,123,,840,-1416,18,,-270,1058,16
LFJR|1|ANE|Angers Marcé airport|75603|96878|59|08,1800,45,1,1,80.4,,-140,-1247,50,,130,1124,58,150;08R,1100,100,4,0;08L,720,45,4,0
LFOV|1|LVA|Laval-Entrammes~1|80322|92560|101|14,1662,30,1,1,142,,631,-711,100,,-553,652,98,300
LFRC|1|CER|Cherbourg Manche airport|96501|85297|140|10,2440,45,1,1,100.7,,210,-1656,138,,-200,1664,130
LFRD|1|DNR|Dinard Pleurtuit Saint-Malo airport|85877|79200|67|17,2200,45,1,1,170,,1040,-268,59,,-910,244,60;12,1435,45,1,0,115,,280,-888,64,,-270,870,65,145
LFRE|1|LBY|La Baule-Escoublac~1|72894|76536|32|11,950,25,1,0,107,,70,-544,32,,-180,657,30
LFRF|1|GFR|Granville~1|88831|84358|14|06,960,30,1,1,65,,-260,-729,13,,110,455,9,135
LFRH|1|LRT|Lorient South Brittany (Bretagne Sud)~1|77606|65600|49|07,2403,45,2,1,72,,-430,-1917,41,,240,1127,43,173;02,1670,45,2,1,16,,-440,-181,44,,1000,439,49
LFRI|1|EDM|La Roche-sur-Yon Les Ajoncs~1|67019|86214|91|10,1550,30,1,1,102,,140,-996,88,,-130,991,89,290
LFRJ|1|LDV|Landivisiau~d|85303|58484|106|07,2700,45,2,1,73,,-360,-1757,101,,330,1743,102
LFRK|1|CFR|Caen Carpiquet airport|91768|95451|78|12,1900,45,1,1,124,,420,-1152,71,300,-570,973,71;05,1180,30,1,2,52,,-590,43,78,,70,1319,65;12L,800,50,4,0,125,,292,-292,68,,-123,602,71
LFRL|||Lanvéoc-Poulmic~d|82817|55550|87|05,1108,40,1,1,51,,-310,-596,83,,320,579,82;13,650,54,4,0,128,,220,-127,,,-150,566
LFRN|1|RNS|Rennes-Saint-Jacques~1|80695|82652|38|10,2100,45,1,1,101,,420,-1130,24,70,70,1641,37;14,850,30,1,0,142,,40,-570,34,,-560,127,33
LFRO|1|LAI|Lannion~1|87544|65283|88|11,1700,45,1,1,107.1,,220,-1101,84,230,-240,1093,87,180
LFRQ|1|UIP|Quimper-Cornouaille~1|79730|58303|91|09,2150,45,1,1,94,,270,-1564,89,105,150,1310,84;04,810,45,1,2,33,,-410,-389,90,,200,191,89,50
LFRT|1|SBK|Saint-Brieuc-Armor~1|85386|71465|138|06,2200,45,1,1,58.7,,-550,-1388,137,,480,1166,131
LFRU|1|MXN|Morlaix-Ploujean~1|86032|61842|83|04,1617,36,1,1,41,,-550,-714,76,140,560,697,80;15,845,80,0,0,153,,,,76,,,,82;09,472,80,0,0,90
LFRV|1|VNE|Vannes-Meucon~1|77233|72814|136|04,1530,45,1,1,39,,-540,-636,131,,530,652,133;08,1025,60,4,0,82,,70,-1271,132,100,190,82,134
LFRZ|1|SNR|Saint-Nazaire-Montoir~1|73114|78474|4|07,2400,45,1,1,73,,-230,-1183,4,,390,1867,3
#FR|S
FR-0158|||Bournizeaux~9|68805|97155|131|08,1120,50,4,0,83,,-106,-1001,129,,50,420,123;12,650,25,4,0,123,,31,-674,137,,-268,68,130;04,480,25,4,0,43,,-167,-208,130,,162,208,127
FR-0320|||Luçon - Chasnais~e|64619|87586|6|08,760,12,0,0,79.4
FR-0349|||Aérodrome de Saint-Aubin La Plaine|65159|89483|47|11,950,,0,0
FR-0425|LFTA||La Tranche-sur-Mer ULM|63635|85726|5|17,800,25,4,0
LF50|||Aérodrome privé de Soucelles|75804|95877|78|07,960,15,1,0,65,,-200,-573,,,170,579
LFAL|1||La Flèche-Thorée-les-Pins~9|76926|99978|37|08,1435,80,4,0,84,,,,36,300,,,37
LFAO|1||Bagnoles-Couterne~9|85458|96126|219|12,1060,20,1,0,120,,240,-626,219,190,-240,618,219,70
LFAS|1||Falaise-Mont d'Eraines~9|89272|98553|156|06,850,,0,0,,,,,154,,,,145
LFAU|1||Aérodrome de Vauville|96228|81693|139
LFBS|1||Biscarrosse Parentis~9|43676|88661|30|09,800,,0,0,,,,,28,,,,30
LFBY|1||Dax Seyresse~9|36892|89311|32|07,800,,0,0,,,,,31,,,,32
LFCD|||Aérodrome d'Andernos|47550|89350|20|13,1240,60,4,0,,,,,18,,,,20
LFCJ|||Aérodrome de Jonzac Neulles|54842|95786|39|14L,1370,,0,0,,,,,39,,,,39;14R,1370,,0,0,,,,,39,,,,39
LFCN|||Nogaro~9|37697|99672|93|14L,1000,23,3,0,,,,,92,,,,92;14R,950,,0,0,,,,,91,,,,92
LFCO|||Oloron Herrere~9|31635|94385|300|07L,1080,50,4,0,,,,,289,,,,300;07R,1030,50,4,0
LFCP|||Pons Avy~9|55700|94850|36|13,1250,80,4,0,,,,,24,,,,36
LFCS|||Aérodrome de Bordeaux-Léognan-Saucats|47003|94044|58|03,800,20,3,0,,,,,58,,,,55
LFCT|||Aérodrome de Thouars|69619|98472|104|12,1050,100,0,0,,,,,104,,,,96;16,950,,0,2,,,,,104,,,,104
LFCZ|1||Aérodrome de Mimizan|41459|88357|50|08,1040,20,1,1,82,,-40,-1658,48,,80,-370,50,150
LFDA|||Aire-sur-l'Adour~9|37094|97547|79|12,1000,30,1,0,115,,250,-692,78,165,-110,447,79,335
LFDC|||Aérodrome de Montendre-Marcillac|52744|95478|45|15,790,60,8,0,153,,,,42,,,,44
LFDI|||Libourne-Artigues-de-Lussac~9|49835|98616|48|04,1100,20,1,0,35,,-490,-38,46,150,310,768,48,250
LFDK|||Soulac Sur Mer~9|54950|89178|2|14,770,18,3,0,136,,,,3,,,,3
LFDP|||St Pierre d'Oléron~9|59592|86839|6|10,1000,,0,0,,,,,6,,,,3
LFDR|||La Réole Floudes~9|45681|99439|13|08,950,,0,0,,,,,12,,,,13
LFDU|||Lesparre St Laurent Medoc~9|51978|91178|32|06,900,60,4,0,,,,,32,,,,32
LFEA|1|BIC|Aérodrome de Belle Île|73253|67987|52|06,660,25,1,0,,,-147,-372,51,,147,389,53
LFEB|1||Dinan-Trélivan~9|84434|78969|120|07,830,30,1,0,,,,,109,,,,120
LFEC|1|OUI|Ouessant~1|84632|49364|43|05,833,24,3,0,,,-220,-404,37,,150,277,42
LFED|1||Pontivy~9|80567|70792|124|10,1120,30,1,1,94,,220,-853,116,,150,651,122
LFEQ|||Quiberon~9|74822|69000|11|11,775,25,3,0,112,,,,11,101,,,9,80
LFER|1||Redon Bains-sur-Oust~9|76987|79621|69|04,840,,1,0,44,,,,63,,,,68
LFES|||Guiscriff Scaer~9|80525|63353|175|02,1500,30,1,1,23,,-620,-395,159,,630,379,175
LFEY|1|IDY|Île d'Yeu~1|67176|76075|24|14,1220,25,1,1,143,,372,-431,13,,-491,560,24;04,575,50,4,0,36,,-238,-243,13,,190,186,20
LFFI|||Ancenis~9|74081|88225|34|07,1200,25,1,1,73,254,-150,-767,34,,170,754,27
LFFK|||Fontenay Le Comte~9|64414|92072|26|08,960,,0,0,,,,,24,,,,26
LFFO|1||Beauvoir Fromentine~9|68904|79115|3|10,600,20,4,0,98,,,,3,,,,3;H,25,25,1,0,,,-25,34
LFFW|1||Montaigu St Georges~9|69320|86721|56|07,900,,0,0,,,,,53,,,,56
LFIL|||Rion Des Landes~9|39158|90508|78|05,1075,,0,0,,,,,78,,,,76
LFIV|||Aérodrome de Vendays-Montalivet|53806|88842|5|09,800,,0,0,,,,,5,,,,5
LFIY|||St Jean d'Angély~9|59650|94766|75|10,850,50,4,0,,,,,75,,,,67
LFJB|1||Mauléon~9|69028|93022|176|04,1300,20,1,1,36,,-360,-360,176,,580,643,159
LFOD|1||Aérodrome de Saumur - Saint-Florent|72568|98849|82|10,1450,30,1,1,96,,60,-949,77,,-50,959,81,140
LFOG|||Aérodrome de Flers Saint-Paul|87500|94061|200|05,721,25,3,0,,,,,202,,,,196
LFOM|||Lessay~9|92023|84920|28|06,1250,80,4,0,,,,,27,,,,27
LFOO|1|LSO|Les Sables-d'Olonne Talmont~1|64769|82772|32
LFOU|1|CET|Cholet Le Pontreau airfield|70821|91229|135|02,1380,30,1,1,25,,-560,-381,132,180,570,388,125;02R,1030,80,4,0,25,,,,132,,,,125
LFRP|||Ploërmel Loyat~9|80028|76228|72|10,855,,0,0,,,,,72,,,,70
LFXB|||Saintes Thénac~9|57019|93639|36|06,900,,0,0,,,,,36,,,,21;06L,900,,0,0,,,,,28,,,,15;06R,900,,0,0,,,,,28,,,,15;12,800,,0,0,,,,,30,,,,21
#GB|H
EGHT|||Tresco~2|99456|36686|6|08,362,45,4,0,78
#GB|S
EGHE|1|ISC|St. Mary's~1|99134|37081|35|14,694,23,1,1,139,,190,-263,32,,-220,283,25;09,522,18,1,1,87,,-10,-352,31,,10,346,32;18,400,45,4,2,177
#GG|M
EGJA|1|ACI|Alderney~1|97061|77853|88|08,877,18,1,1,80,,-10,-615,87,,130,586,88;13,733,37,4,1,133,,280,-664,82,,-170,76,84;03,497,37,4,0,27,,-210,-30,84,,190,270,87
EGJB|1|GCI|Guernsey~1|94350|73980|102|09,1583,45,1,1,88,,-30,-1004,92,10,20,1010,102,10
#JE|M
EGJJ|1|JER|Jersey~1|92079|78045|84|08,1705,45,1,1,83,,-90,-1143,82,61,100,1182,83,91
#PT|H
LPAG|1||Albergaria-a-Velha~2|7071|15086|140
LPBH|1||Braga~c|15686|16001|264
LPCD|1||Santa Comba Dão~2|3985|18658|182
LPCI|1||Coimbra University Hospital Helipad|2199|15870|101
LPCL|1||Covilhã Hospital Helipad|2676|25087|483
LPDA|1||Massarelos Helipad|11466|13673|4
LPVC|1||Viana do Castelo Hospital Helipad|16977|11685|41
PT-0006|LPTT||Hospital de Sao Teotonio heliport|6491|20942|457
PT-0014|LPSS||São Sebastião Hospital Helipad|9294|14517|159
PT-0049|LPCV||Coimbra Hospital Covões~2|1948|15398|81
#PT|L
LPPR|1|OPO|Francisco de Sá Carneiro~1|12481|13186|69|17,3480,45,1,1,172.8,,1520,-384,46,300,-1560,420,69,150
#PT|M
LPBG|1|BGC|Bragança~1|18578|32929|683|01,1707,30,1,1,14,,-750,-247,,64,750,242,,55
LPBR|1||Braga Municipal~e|15870|15548|75|07,939,23,1,1,62,,-200,-497,72,150,200,499,74
LPCO|1||Aerodromo Municipal de Coimbra|1588|15292|179|16,920,30,2,1,157.1,,220,-131,179,,-540,291,165
LPOV|||Ovar~d|9159|13541|17|18,2440,45,2,1,176,,1090,-100,13,,-1090,95,17
LPVL|1||Vilar de Luz~9|12773|14838|232|16,1709,30,1,0,155,,310,-182,233,669,-550,363,225
LPVR|1|VRL|Vila Real~1|12743|22795|550|02,947,30,1,1,17.7,,-400,-167,548,,410,175,558
LPVZ|1|VSE|Aerodromo Goncalves Lobato (Viseu Airport)|7255|21110|628|36,1230,30,1,1,359,,-550,50,628,60,550,-55,621,60
#PT|S
LPAV|1||São Jacinto~9|6567|12585|8|17,1400,50,1,0,165,,360,-414,8,,-860,4,3
LPCH|1||Aerodromo de Chaves|17224|25369|360|16,857,23,1,0,,,,,348,,,,357
LPIN|||Espinho~9|9742|13556|3|17,427,30,1,0,174,,,,,914,,,,152
LPMI|||Mirandela~9|14680|27737|405|17,750,30,1,0
LPMU|||Mogadouro~9|13963|33165|714|03,800,22,1,0,26,,,,711,,,,714
PT-0020|||Aerodromo de Cabeceiras de Basto UL|15564|20149|735|06,700,25,0,0
PT-0022|||Aerodromo do Cerval UL|19730|13262|34|16,695,10,1,0
PT-0035|LPSE||Aeródromo de Seia|4532|23079|440|08,1472,29,0,0,,,-91,-363,,,216,844
