#KZ|L
UAII|1|CIT|Shymkent~3|23650|94756|422|10,2800,44,2,1,106.7,,280,-1280,402,,-430,1980,422
UAIT|1|HSA|Hazrat Sultan~3|33111|85504|290|05,3300,45,1,1,,,-832,-1679,290,,842,1682,290
UAKD|1|DZN|Zhezkazgan National~1|77090|77381|381|04,2600,42,2,1,51.7,,-750,-1250,381,,700,1470,375
UAOL|1|BXY|Baikonur Krayniy~3|56220|32108|97|05,3200,60,1,1
UAOO|1|KZO|Korkyt Ata~3|47069|55925|132|05,2700,45,1,0,,,-638,-1673,130,,528,1317,130
#KZ|M
UAON|1||Yubileyniy~9|60524|32492|100|06,4500,84,1,1
#KZ|S
UA34|||Chardara~1|12765|79710|216|03,1637,40,1,0,40,,-570,-630,,,560,620
UATA|1||Aralsk~1|68296|16124|68
#TJ|L
UTDL|1|LBD|Khujand~3|2154|96947|442|08,3180,50,1,1,82,,-190,-1850,442,297,190,1850,427,297
#TM|S
UT1E|||Gazadzhak~1|11245|14146|109|01,1700,37,2,0,6.1,,-770,-40,,,750,180
#UZ|L
UTNU|UZNU|UGC|Urgench~3|15827|6434|98|13,3373,50,1,1,139.5,,1180,-1340,97,,-1100,1330,97
UTTT|UZTT|TAS|Tashkent~3|12579|92812|432|08L,4000,60,2,1,76,,-120,-1950,417,250,210,2050,431,250;08R,3905,45,1,1,76,,-460,-1950,417,198,40,2210,430,207
#UZ|M
UTSA|UZSA|NVI|Navoi~3|1176|51727|347|07,4000,45,1,1,,,-417,-2437,344,,366,2144,344
UTTP|UZTP|TVT|Tashkent-Khumo~3|13129|93955|480|08,3240,60,2,0,82,,-230,-2310,,,180,1500
UTTZ|UZTZ|OMN|Zomin~1|140|84110|536|07,1200,,1,0
#UZ|S
UA66|UZTC||Chirchik~d|15123|95747|700|08,2494,32,2,0,81,,270,-1410,,,630,1540
UT1Q|||Pakhtakor~1|2527|79108|312|04,3001,46,1,0,44.2,,-970,-1230,,,970,1230
UTSM|UZSM||Tandy Bulak~1|17622|46003|218
UTSN|UZSN|AFS|Sugraly~1|16138|42330|426|18,1859,41,1,0,183,,850,70,,,-820,-30
UTSU|UZSU||Uchkuduk~1|20831|34493|127|09,1476,35,1,0,91,,10,-890,,,-10,890
