#CA|L
CYYT|1|YYT|St. John's~3|76186|72481|141|10,2591,61,1,1,86,,470,-2140,140,,640,1300,133;16,2135,60,1,1,142,,720,50,135,,-800,1800,131;02,1533,30,1,3,356,,-690,1380,136,,680,1240,134
#CA|M
CYDF|1|YDF|Deer Lake~1|92082|26039|22|07,2440,46,1,1,47.8,,-290,-460,15,,820,1400,22
CYQX|1|YQX|Gander~3|89363|54323|151|03,3109,61,1,1,11,,-1550,-60,129,,1210,750,138;13,2713,61,1,1,107.3,,1700,-1870,143,,980,1660,134;09,572,15,1,2,62.7,,710,-30,,,950,660
#CA|S
CCC2|||Winterland~1|71371|46708|48|15,914,23,1,1,127.8,,260,-470,46,,-240,480,44
CCD2|||Springdale~1|94794|38222|76|10,853,23,1,0
CCP2|||Exploits Valley Botwood~1|90560|45523|111|07,1198,23,1,1,41,,-400,-580,111,,420,520,107
CCV4|||Bell Island~1|76350|70195|46|08,701,23,1,0
CCZ3|||Clarenville~1|82747|60761|61|08,1199,23,1,1,54,,-320,-650,52,,320,650,61
CDA5|||St. Andrews Codroy Valley~1|77751|6875|20|18,914,23,1,1,160.2,,240,-250,20,,-540,170,7
CDY3|||Fogo Aeroddrome|96575|57625|24|10,914,23,1,1,81,,-70,-630,23,,60,630,23
CHG2|||Harbour Grace~1|76857|67476|99|09,610,30,4,0
CSB2||YSA|Sable Island Airport.|39282|510|2|11,457,12,8,0,88
#PM|M
LFVP|1|FSP|Saint-Pierre Pointe-Blanche~1|67627|38250|8|08,1800,46,1,1,59,,-430,-1060,8,,420,950,5
#PM|S
LFVM|1|MQC|Miquelon~1|70955|36197|3|12,1000,20,1,1,98,,60,-650,2,,-60,660,3
