#AZ|H
AZ-0022|UBBP||Pirallahı~2|4182|3568|-26
AZ-0023|UBBC||Çilov~2|3252|6021|-22
#AZ|L
UBBB|1|GYD|Heydar Aliyev~3|4728|509|3|16,4000,60,1,1,167,,1813,-2047,-4,,-1688,-947,-7;17,3200,45,2,1,179,,1390,1240,3,,-1610,1240,-4
#AZ|M
UB18|||Baku Kala~d|4084|2003|12|18,2643,40,2,0,179.4,,1010,-30,,,-1370,10
#KZ|L
UATE|1|SCO|Aktau~3|38601|10909|22|12,3052,45,1,1,123,,640,-1280,22,,-650,1500,16;12L,2935,46,6,2,123,,730,-1400,,,-700,1670
UATG|1|GUW|Atyrau~3|71213|18203|-22|14,3000,44,1,1,149.9,,1230,-890,-22,,-1100,1090,-22;14R,2370,45,1,3
#KZ|M
UATR|||Shalkar~1|79050|96200|171
#TM|L
UTAT|1|TAZ|Dashoguz~3|17599|98361|83|08,3800,45,2,1,90,,140,-1080,83,,140,2170,83;09R,1500,30,1,2,90,,20,-1080,,,20,720
#TM|M
UTAK|1|KRW|Turkmenbaşy~3|628|30051|85|16R,3500,45,2,1,167,,1871,-576,81,,-1184,381,81;16L,2500,45,2,1,167,,1149,-120,70,,-1013,557,85
#TM|S
UT1F|||Yangadzha~1|385|33287|-6|06,2012,37,2,0,139.4,,650,-770,,,-730,760
#UZ|L
UTNN|UZNN|NCU|Nukus~3|24884|96233|75|15,3007,45,2,0,155,,1303,-842,,,-1141,730;07,605,20,1,0,76,,50,120,,,180,830
#UZ|S
UTNM|UZNM|MOK|Muynak~1|37536|90299|54|04,1513,30,1,0,49,,-290,-610,,,610,800
UZ-UT77|||Kungirot~1|30827|88851|55|18,1437,30,1,0,182,,680,-60,,,-620,-120
