#CA|H
CYWA|1|YWA|Petawawa~2|59522|26808|130|17,1158,23,4,2,148,,420,-390,,,-470,420
#CA|L
CYHM|1|YHM|John C. Munro Hamilton~3|31713|706|238|12,3050,61,1,1,107,,930,-2370,235,488,90,1190,233;06,1832,46,1,1,49,,-460,-530,235,,630,1160,230
CYOW|1|YOW|Ottawa Macdonald-Cartier~3|53225|43308|114|14,3048,61,1,1,126.3,,453,-1704,106,,-1171,1428,113;07,2438,61,1,1,57.2,,-920,-180,114,,270,2440,110;04,1006,23,1,0,26,,418,-1982,106,76,1180,-1430,102
CYQB|1|YQB|Quebec Jean Lesage~3|67911|86067|74|06,2743,46,1,1,44,,-890,-1310,74,,887,1223,66;11,1737,46,1,1,97.6,,-230,-960,73,,-430,1290,70
CYUL|1|YUL|Montreal / Pierre Elliott Trudeau~3|54678|62577|36|06L,3353,61,1,1,42.7,,-674,-2271,29,,1548,638,32;06R,2926,61,1,1,41.3,,-1014,91,30,,922,2629,36;10,2134,61,1,3,88,,-530,-2270,29,,-450,400,30
CYYZ|1|YYZ|Toronto Pearson~3|36759|3706|173|05,3389,61,3,1,47,,-200,-3450,172,41,1880,-390,171,148;15L,3368,61,1,1,137,,1600,-1280,170,,-590,1550,166;06L,2956,61,1,1,47,,-1485,597,161,,308,3203,166,60;15R,2770,61,1,1,137,,990,-2230,168,179,-840,110,166,179;06R,2743,61,1,1,47,,-1760,747,160,,-61,3216,167
#CA|M
CNC3|||Brampton-Caledon~1|37603|1250|285|15,1067,23,3,1,141,,390,-280,285,,-360,560,277;08,762,23,1,1,71,,-220,-440,282,58,0,440,279
CYBG|1|YBG|Saguenay-Bagotville~1|83301|90080|159|11,3048,46,2,1,90.6,,270,-2380,158,,240,1700,156;18,1829,46,1,1,163.4,,740,-440,158,,-820,260,159
CYCC|1|YCC|Cornwall~4|50926|54323|53|10,1067,30,1,1,83.3,,-40,-230,52,,70,1100,51
CYDO|1|YDO|Dolbeau-Saint-Felicien~1|87785|76250|113|11,1515,30,1,1,93.8,,50,-1020,112,,-40,1040,113
CYEE|||Huronia~1|46833|717|235|16,1219,23,1,1,150,,618,-508,235,,-310,290,235
CYEY|1|YEY|Amos/Magny~1|85639|17503|326|14,1524,30,1,1,128,,420,-810,326,,-420,800,319
CYFJ|1|YTM|Mont-Tremblant~3|64094|52200|252|02,1703,30,1,1,11,,-750,-180,248,,760,230,252
CYGK|1|YGK|Kingston Norman Rogers~1|42253|34031|93|01,1829,30,1,1,356,,-620,-490,92,,730,-620,92;07,1199,30,1,1,54,,-575,-453,92,,29,675,91
CYHU|1|YHU|Montréal / Saint-Hubert Metropolitan~1|55175|65831|27|06L,2390,46,1,1,47,,-675,-1223,26,335,789,1004,27;06R,1195,30,1,1,47.1,,-610,220,26,,110,1330,27;10,853,46,1,1,83.7,,-670,-920,27,,-580,160,26
CYJN|1|YJN|St Jean~1|52944|67189|41|11,1219,30,1,1,90,,-190,-830,41,183,-190,730,39;06,843,30,1,0,45.1,,-190,-360,41,,340,390,39;02,754,30,1,0,360,,-360,530,39,,310,530,38
CYKX|1|YKX|Kirkland Lake~1|82103|186|353|08,1372,30,1,1,71,,-210,-860,353,,200,890,346
CYLS|1|YLK|Barrie-Lake Simcoe~4|44851|4453|296|10,1829,45,1,1,89,,42,-1241,295,,145,1054,291,92
CYML|1|YML|Charlevoix~1|75975|97761|298|14,1372,46,1,1,127,,360,-720,298,,-360,720,290
CYMT|1|YMT|Chapais~1|97719|54719|387|04,1980,46,1,1,28,,-790,-640,385,,780,660,387
CYMX|1|YMX|Montreal Mirabel~3|56795|59613|82|06,3658,61,2,1,45.4,,-910,1695,78,,1419,5014,73;11,2698,61,2,0,98.2,,-870,-5130,75,,-1340,-490,82
CYND|1|YND|Ottawa / Gatineau~1|55217|44364|64|09,1829,46,1,1,75,,-210,-1130,64,,210,1130,64
CYNM|1|YNM|Matagami~1|97617|21972|280|15,1524,30,1,1,134.2,,480,-730,277,,-480,790,280
CYOO|1|YOO|Oshawa Executive~1|39228|11050|140|12,1448,30,1,1,109,,160,-890,140,,-200,560,136;05,809,30,1,1,35,,-310,-250,135,,330,250,140
CYPQ|1|YPQ|Peterborough~4|42323|16379|191|09,2135,30,1,1,76,,-409,-1405,191,,57,1186,191;13,610,15,1,0,118,,-165,231,,,-384,846
CYQA|1|YQA|Muskoka~1|49754|6935|282|18,1829,46,1,1,169,,930,-180,277,244,-680,230,280;09,664,30,4,2,79,,-980,40,282,,-870,870,279
CYRJ|1|YRJ|Roberval~1|85197|77343|179|16,1524,46,1,1,142.6,,590,-620,179,,-530,650,171
CYRO|1|YRO|Ottawa / Rockcliffe~1|54605|43560|57|09,1006,30,1,1,76,,-58,-486,56,61,95,622,56,61
CYRP|||Ottawa / Carp~1|53192|39778|116|10,1200,30,1,1,84,,-60,-750,116,,50,750,116;04,672,20,5,0,27,,,,,60,,,,30
CYRQ|1|YRQ|Trois-Rivières~1|63528|73206|61|05,2745,46,1,1,31.4,,-710,-620,58,,700,620,61
CYSC|1|YSC|Sherbrooke~1|54386|83086|241|13,1829,46,1,1,118.8,,390,-1020,230,,-410,1030,241;14,1829,46,1,0
CYSG|||Saint-Georges~1|60964|92853|272|06,1557,23,1,1,46.1,,-490,-720,262,123,480,730,269
CYSH|1|YSH|Smiths Falls-Montague (Russ Beach)~1|49458|40594|127|06,1219,23,1,1,50.6,,-360,-550,127,,349,560,126;15,457,26,4,0,137,,81,217,125,,-235,631,124
CYSN|1|YCM|Niagara District~1|31916|8283|98|06,1524,46,1,1,52.7,,-370,-690,98,,460,800,97;01,762,23,1,0,358.3,,-580,-550,98,,120,-580,98;11,610,23,1,0,95.8,,120,-640,98,,60,110,98
CYTA|1|YTA|Pembroke~1|58644|27483|161|17,1524,30,1,1,157,,640,-390,161,,-630,390,160
CYTF|1|YTF|Alma~1|85089|83581|136|13,1524,30,1,1,114,,220,-810,131,,-250,800,136
CYTR|1|YTR|CFB Trenton|41189|24719|86|06,3048,61,1,1,51,,-1000,-1410,84,305,709,1166,86,305;13,922,46,1,1,120,,-140,-880,84,,-560,120,82
CYTZ|1|YTZ|Billy Bishop Toronto City~1|36279|6045|77|08,1216,46,1,1,69,,-43,-784,77,,307,643,76;06,894,46,1,0,48,,-204,-205,77,,230,506,76;15,847,46,1,2,140,,180,-510,77,,-400,160,77
CYUY|1|YUY|Rouyn Noranda~1|82061|11644|301|08,2281,46,1,1,62,,-510,-1330,297,,450,1390,301
CYVO|1|YVO|Val-d'Or~1|80533|22172|337|18,3048,46,1,1,169.1,,1340,-370,336,,-1350,400,336
CYXR|1|YXR|Earlton (Timiskaming Regional)~1|76974|1527|244|08,1828,46,1,1,63.3,,-350,-1070,242,,390,1110,243;16,920,46,5,1,149.3,,-160,-1380,243,,-850,-770,235,91
CYYB|1|YYB|North Bay Jack Garland~1|63636|5772|370|08,3048,61,1,1,64.7,,-610,-1800,350,,560,1780,370;18,1364,46,1,1,168.2,,610,-300,358,,-580,60,358;13,762,23,4,0,118.3,,640,-330,,,310,530
CZBM|1|ZBM|Bromont (Roland Désourdy)~1|52908|72586|114|05,1524,30,1,1,37,,-532,-648,105,,559,533,114;05R,975,98,4,0,34.2,,-360,-250,,,360,450
#CA|S
CA-0084|||Casey (Camp de Base)~1|79375|59094|393|04,1649,30,2,0,45,,,,393,,,,393
CA-0088|||Navan Bearbrook~1|53917|47031|64|17,853,15,4,1
CA-0118|||Greenbush~1|40011|29265|133|05,402,18,4,0,49
CA-0159|||Pontiac~j|55280|38312|66|09,989,20,5,0,82,,,,,29,,,,197;01,511,15,5,0,355,,,,,,,,,83
CA-0307|||Orono / Hawkefield~e|40000|13512|189|18,1216,24,4,0
CA-0380|||Tottenham/Ronan~e|40421|1533|251|08,620,37,4,0
CA-0430|||Port Hope (Peter's Field)~1|40249|15730|171|16,975,37,4,0,152,,,,,137;02,671,37,4,0,12
CA-0454|||Baker Valley~j|47548|30716|191|08,610,7,1,0
CA-0506|||Newburgh - R.S. (Bob) Clapp Memorial~6|43546|31449|152|06,518,18,4,0
CA-0534|||Lac William ice runway (seasonal)|61257|84253|198|36,914,21,11,0,360,,,,198,,,,198
CA-0682|||Brechin / Skywagon City~9|45700|7666|220|12,640,15,4,0
CA-0684|||Brechin / Ronan Aircraft~9|45706|7755|226|07,610,23,4,0;08,610,23,12,0;15,610,23,4,0
CA-0750|||Indian Creek~a|53992|47390|61|08,610,15,4,1
CA-0874|||Aérodrome Nilgaut|65710|26681|290|01,1067,15,5,0,12,,,,,,,,,152
CA-1076|||Morrisburg~1|49470|49230|77|07,853,23,1,0
CA-1201|||Platinum Park~1|41963|2370|300|18,610,23,4,0,184
CA-1217|||Truway~a|42297|4314|256|17,683,23,4,0,172
CA-1256|||St-Thomas|60070|66173|30|02,872,12,4,0,3
CA-1263|||Oakwood~a|43364|10881|280|09,792,24,4,0
CAA2|||St. André-Avellin~e|57443|49297|168|03,875,23,4,0,,,,,,174
CAR4|||Cameron/Arbour~9|44820|12644|260|13,732,23,1,0
CBF3|||Beeton~a|40784|1896|240|18,640,30,4,0
CCT2|||Cookstown~1|42386|3618|229|18,1036,30,4,0,,,,,,61,,,,152
CCU2|||ULM Québec~e|61739|67211|76|10,412,24,4,0
CDD3|||Ste-Agnès-de-Dundee~1|50477|56599|49|07,549,12,5,0
CDM3|||Dimkovski~j|45700|10983|262|06,576,24,4,0
CES2|||St-Esprit~e|59144|63276|59|02,914,23,4,0
CHF2|||Ottawa / Manotick (Hope Field)|51906|42914|96|07,853,27,4,0,58,,,,,,,,,152
CKF8|||Cookstown / Kirby Field~e|41327|2762|215|09,549,23,4,0
CLA4|||Holland Landing~j|40894|5050|261|08,597,18,1,0
CLA6|||Lancaster~j|52004|56390|44|07,732,37,4,0,55,,,,,122,,,,122
CLH5|||Chesher Lakehurst~1|45256|15517|272|17,592,30,4,0
CMA2|||Mattawa~1|62997|12522|183|06,610,30,4,0,53,,,,,122
CMB7|||Maxville (Bourdon Farm)~1|52530|51930|109|16,1008,18,1,0
CML8|||Saint-Mathieu-de-Laprairie~e|53116|64335|47|13,866,15,1,0,113,,150,-510,,,-156,509
CMW3|||Matawatchan~e|51637|29046|302|06,457,27,4,0,47,229
CNA3|||Barrie Executive~1|44071|2683|294|07,640,12,3,1,58,,120,110,293,30,430,810,290,61
CNA4|||Emsdale~1|55462|6558|351|12,762,30,4,0;17,610,30,4,0
CNA9|||Tomvale~1|49165|30633|271|05,732,23,1,1,47,,,,,,,,,122;18,366,23,4,0
CND4|||Stanhope~5|51113|13600|325|09,762,18,1,0
CNF3|||Pendleton~1|54861|49039|79|13,808,30,4,0;08,777,30,1,0;17,777,30,1,0
CNF4|||Kawartha Lakes~5|43647|12161|269|13,1067,23,1,1,119,,190,-590,269,,-227,601,269;03,805,23,4,0,9,,-500,330,269,110,220,500,269
CNF9|||Niagara South~1|29994|9364|176|15,1341,18,5,0
CNJ3|||Fort Erie~1|29171|10422|191|10,716,30,1,0
CNJ4|||Orillia-Rama~4|46777|6898|221|12,914,46,1,0;04,579,30,4,0
CNK4||YPD|Parry Sound Area~5|52575|1703|254|17,1494,30,1,1,158,,440,-250,249,,-580,330,253
CNL3||XBR|Brockville - Thousand Islands Regional Tackaberry~1|46394|42497|123|04,1372,27,1,1,30,,-530,-420,120,,540,450,120;16,673,23,4,0,146,,310,-80,121,,-190,390,121
CNL8|||Wyevale (Boker Field)~1|46553|1203|215|16,605,18,4,0
CNN8|||Gananoque~1|44019|37558|120|06,771,30,1,0;12,771,30,1,0;18,771,30,1,0
CNP3|||Arnprior~1|54136|36342|109|10,1205,23,1,1,85.6,,-470,-700,108,,-390,830,105;16,762,15,5,0,146.3,,170,-230,106,,-420,300,106
CNP7|||Iroquois~1|48422|46886|75|05,610,23,1,0
CNP8|||Greenbank-Uxbridge-Port Perry~9|41337|9870|297|16,680,24,4,0;03,549,24,4,2
CNQ3|||Niagara Central Dorothy Rungeling~1|29792|6753|178|05,1065,30,1,1,40,,-390,-360,177,,360,500,178;16,812,15,1,0,140,,50,80,178,,-480,690,176;11,714,18,4,0,,,-194,-365,178,,-305,497,178
CNR6|||Carleton Place~1|51039|38767|137|17,683,29,4,0
CNR9|||Arnstein~1|59256|722|227|03,564,30,4,0
CNS4|||Alexandria~e|53307|53743|79|07,616,30,4,0
CNU4|||Belleville~e|41922|26906|98|08,1000,46,4,0
CNU8|||Toronto Markham~1|39353|7365|246|09,614,15,1,0
CNV4|||Hawkesbury~1|56167|53500|51|09,541,148,4,0
CNV8|||Edenvale~e|44411|372|219|13,1200,30,1,0,118,,-58,-951,217,,-557,385,217;08,919,24,1,0,70,,-142,-648,,,104,455,,61;17,579,24,4,2,161
CNV9|||Québec / Neuville~1|67215|84145|96|06,914,23,1,1
CNW3|||Bancroft Community~1|50727|21193|331|12,671,12,5,0
CNY4|||Alliston~1|41833|1629|219|18,701,15,10,1,,,,,,61,,,,61
CNZ4|||Madawaska Valley~j|55048|23547|305|11,732,43,4,0;13,518,61,4,0
CNZ8|||Grimsby~4|31600|4008|195|04,875,12,1,1,46,,-330,-270,195,,330,280,192
COP5|||Cooper Falls~6|47781|7517|238|07,664,24,4,0
COR3|||Orono~a|39728|14106|180|17,447,23,4,0
CPB9|||Baldwin~1|42672|6594|229|01,750,30,4,0
CPE5|||Port Colborne~1|28775|6472|183|03,671,23,4,0
CPE6|||Sundridge/South River~j|58221|6763|354|04,975,46,4,0;12,807,12,1,0
CPF4|||Bruce McPhail~i|55950|31673|152|12,610,23,4,0;02,457,15,4,0
CPF6|||Stoney Creek~1|31697|2906|207|02,869,8,1,1,27,,-270,-130,,107,270,110,,125;09,553,56,4,0
CPG5|||Hawkesbury (East)~1|55828|54511|61|10,792,24,4,0
CPH2|||Rolph~1|61167|24667|149|15,823,46,4,0
CPJ5|||Stirling~1|42414|24383|191|09,716,38,1,0
CPL3|||Kars / Rideau Valley Air Park|51031|43718|87|08,549,30,4,0
CPM5|||Volk~1|39938|2216|311|16,940,24,4,0,,,,,,86,,,,69;09,549,30,4,2
CPM7|||Bradford~e|41360|3713|297|09,610,18,4,0
CPP3|||Hoskin~1|40629|11142|274|18,671,18,4,0
CPP6|||Grand River Executive~1|30376|1465|204|16,853,11,1,0;07,411,30,4,0
CPR2|||Ottawa/Embrun~e|52397|46976|70|08,689,15,4,0
CPS2|||Elmhirst's Resort~1|42521|18933|198|06,853,15,4,0
CPU6|||Tyendinaga Mohawk~1|41847|28922|79|09,1301,46,1,1,77.5,,-330,-970,,119,-80,610;06,914,46,1,2,48.1,,-330,-970,,,220,-110;15,785,46,1,0,137,,250,-220,,46,-280,450
CPZ3|||Trenton/Mountain View~1|40694|26619|110|06R,1524,27,1,0,48,,-470,-690,110,,450,730,110;06L,1463,18,5,0;10,922,46,1,2,88.1,,450,-550,,,480,590;16,914,46,1,0,143.2,,620,-520,,,-50,170
CRL2|||Westport / Rideau Lakes~1|46667|36033|152|07,914,18,4,0
CRL9|||Kingston / Riverland~9|43120|34617|112|04,488,15,4,0,,,,,,122;01,427,15,4,0,,,,,,61
CSA2|||Lac Agile (Mascouche)~1|57919|63619|49|03,549,15,4,0
CSB3|||St-Mathieu-De-Beloeil~1|55900|67614|14|15,787,15,1,0,,,229,-237,15,,-202,367,15
CSC3|||Drummondville~1|58453|76053|111|06,1830,30,1,1,44,,-372,-543,111,,453,465,108
CSD3|||Salaberry-de-Valleyfield~e|52090|58597|47|06,853,15,4,0
CSD4|||Mont Laurier~1|65644|44222|248|08,1219,23,1,1,65.2,,270,870,248,61,730,2320,247
CSD7|||Sunderland field/Blackwater creek|42272|9027|290|08,424,24,4,1,,,,,,,,,,61
CSE3|||Lourdes-de-Joliette~1|61111|65470|107|04,838,30,4,0
CSE4|||Lachute~1|56394|56294|67|10,1216,30,1,1,98.7,,-26,-759,67,273,57,791,64,64
CSE5|||Montmagny~1|70008|94817|11|08,914,23,1,1,62,,-140,-280,,,250,770
CSG3|||Joliette~1|60445|64985|69|15,991,23,1,1,133.9,,330,-460,,,-280,460
CSG5|||Saint-Jean-Chrysostome~1|66853|88483|99|02,945,9,1,0,2.5,,-430,-20,,91,420,30;06,777,15,5,0,42.5,,,,,46
CSH2|||Île-aux-Grues~1|70724|94668|18|07,509,23,1,0
CSH4||YLS|Lebel-sur-Quevillon~1|90303|29828|293|15,1131,30,1,1,136.5,,360,-520,293,,-380,540,288
CSH5|||Saint-Ferdinand~1|61261|84639|320|05,914,23,4,0
CSJ2|||Kanawata Aeroparc~1|75953|58670|411|04,914,30,5,0
CSJ4|||Louiseville~1|62455|70910|12|09,914,23,1,0,72.4,,340,-1320,,,560,-210
CSJ5|||St-Louis-de-France~1|64369|73699|69|15,701,15,5,0
CSK4|||Mansonville~1|50266|75981|175|09,853,15,1,0
CSK5|||Paquet~1|68950|82142|177|09,732,23,4,0
CSL3|||Lac-à-la-Tortue~1|66218|73671|132|03,914,12,1,0,13.8,,-290,-40,,,490,230;16,610,12,1,0,143.9,,130,-100,130,,-320,370,130
CSL5|||Saint-Victor-de-Beauce~1|61193|91129|335|06,610,15,4,0
CSM3|||Thetford Mines~1|60517|87428|429|06,1372,30,1,1,43.7,,-450,-610,429,,440,610,422
CSM5|||Saint-Michel-des-Saints~e|66800|60071|418|16,914,23,5,0
CSN7|||Farnham~1|52856|69922|55|11,762,12,5,0
CSP5|||St-Mathias~1|55008|67583|15|14,610,15,4,0
CSP6|||Montreal / Aéroparc Île Perrot|53761|60928|30|07,792,18,4,0
CSQ3|||Valcourt~1|54811|76897|226|05,1143,12,3,1,33,,-440,-410,,111,420,390,,34
CSR3|||Victoriaville~1|61106|80681|148|06,1686,23,1,1,45,,-513,-735,143,,577,782,148
CSR8||SSQ|La Sarre~1|89172|8214|319|18,1433,30,1,1,163.3,,610,-280,319,,-610,280,319
CSS4|||St-Dominique~1|56325|71811|76|15,594,30,4,0
CST3|||Montreal / St-Lazare~1|53903|58660|53|02,861,15,1,0;08,693,20,4,0
CST7|||St-Lambert-De-Lauzon~1|65603|88175|145|06,792,30,4,0
CSU3|||Saint-Hyacinthe~e|56069|69849|35|02,1165,23,3,1,4,,-690,40,36,128,340,150,35
CSU5|||Weymontachie~1|79371|61820|357|18,762,23,5,0
CSV8|||Sloan Valley View Farm~9|39868|2707|271|11,732,9,4,0
CSX3|||Richelieu~1|54471|67673|35|13,792,8,5,0
CSX5|||Grant~1|54719|68006|34|15,579,15,4,0
CSY3|||Sorel~1|59803|69578|23|03,1219,23,1,1,13.1,,-560,-200,,,530,160
CSY4|||Saint-Donat~e|63061|58181|387|12,732,21,5,0
CSZ3|||Mont-Tremblant/Saint-Jovite~1|61542|54164|241|02,1006,46,4,0
CSZ4|||St-Frédéric~1|63314|90367|302|05,1089,23,1,1,,,,,,142,,,,165
CTA3|||Île aux Coudres~1|73894|96156|34|17,762,12,4,0
CTA4|||St Bruno-de-Guigues~1|74492|5819|250|10,1368,30,1,1,90,,10,-900,235,,10,920,250
CTH8|||Cookstown / Tally-Ho~a|42143|2231|259|09,618,20,4,0
CTK2|||Senneterre~1|83373|28188|337|17,1219,30,8,0
CTK7|||Selkirk / Kindy~6|28511|1208|209|18,914,30,10,0,168
CTQ2|||Weller~1|50344|79650|381|01,792,15,4,0
CTQ6|||St-Anselme~1|66219|90450|171|08,533,23,4,0
CTR6|||St-Basile (Marcotte)~1|67836|81736|91|15,610,12,10,0
CTY5|||Rougemont~1|54383|69622|24|06,671,20,4,0
CVF3|||Bethany / Whitetail Valley Farm~9|42165|14459|320|01,610,12,4,0,,,,,,183
CYLQ|1|YLQ|La Tuque~1|74097|72111|167|01,1524,46,1,1,352.9,,-690,140,,,670,-110
CYMW|1|YMW|Maniwaki~1|62728|40094|200|03,1500,46,1,1,17,,-480,-220,187,,810,340,200
CYPP|||Parent~1|79319|53919|427|06,907,23,5,0
CYRC|||Chicoutimi/Saint-Honoré~e|85210|89474|166|12,1855,46,1,1,105.5,,-202,-1001,162,,-625,1408,166;18,1149,46,1,1,161.2,,620,40,165,,-350,540,164;06,1138,46,1,0,40.4,,-160,-960,162,,620,40,165
CZBA|1||Burlington Executive~j|34415|1499|183|14,1151,23,1,1,131,,350,-460,183,27,-310,590,180,99;09,751,15,1,0,80,,-70,-430,180,145,40,400,180,52
#CA|W
CA-0464|||Saint-François-de-Laval (Laval Aviation)|56931|64191||18,1219,8,1,0
CA-0683|||Brechin / Ronan Waterdrome|45697|7763||09,610,23,12,0
CPC7|||Pontiac Airpark Water~e|55236|38292|58|09,3658,30,12,0,76,,,,58,,,,58;01,1067,15,12,0,356,,,,58,,,,58
CTM3||YWQ|Chute-Des-Passes/Lac Margane~7|99434|88620|399
#US|B
12JY|||Clinton Elks Lodge Balloonport|6046|50785|11|B1,98,67,4,0
2JY7|||Alba Vineyard Balloonport|6157|48358|73|B1,67,61,4,0
35JY|||Cyber Density Balloon Spot Balloonport|4344|53654|23|B1,46,46,4,0
JY42|||Mabel's Balloonport|4683|49762|140|B1,4572,,4,0,,262
MA26|||Balloon Port at Dingley Dell|21204|77438|142|09,183,91,4,0;18,122,61,12,0
NY80|||Aurora Balloonport|26964|14308|274|B1/B1,61,61,4,0
RI16|||Keskinen Balloonport|17199|83684|78|B1,183,91,4,0
#US|H
6N5||TSS|East 34th Street~2|7424|60279|3|H2,13,13,1,1;H3,13,13,1,1;H4,13,13,1,1;H1,11,11,3,1
JRA||JRA|West 30th Street~2|7551|59931|2|H1/H1,13,13,1,1,,328.7;H10/H10,13,13,1,0,,355.3;H11/H11,13,13,1,0,,0.8;H2/H2,13,13,1,0,,226.3,,,,,,,,183;H3/H3,13,13,1,0,,346;H4/H4,13,13,1,0,,360;H5/H5,11,11,1,0,,271;H6/H6,11,11,1,0,,348.2,,,,,,,,64;H7/H7,11,11,1,0,,358
JRB||JRB|Downtown Skyport~2|7007|59914|2|H1,19,19,2,1,,264.7
#US|L
KALB|1|ALB|Albany~3|27483|61983|87|01,2591,46,1,1,358,,-1110,-260,87,,860,-340,85;10,2195,46,1,1,88,,90,-1040,84,,150,1640,85,366
KBDL|1|BDL|Bradley~3|19386|73120|53|06,2899,61,1,1,44,,-660,-860,53,,1210,1590,49;15,2087,46,1,1,135,,380,-530,52,,-930,1270,51;1,1568,30,1,2,359,,-730,840,52,,680,810,52
KBOS|1|BOS|Boston Logan~3|23620|89921|6|15R,3073,46,1,1,135,,1230,-1000,5,268,-740,1630,5;04R,3050,46,1,1,20,,-1094,-390,5,352,1492,861,5,366;04L,2397,46,1,1,20,,-400,-644,4,,1632,339,5,251;09,2134,46,1,1,77,,-620,-500,5,,-180,2020,5;14,1524,30,1,0,125,,-540,-1540,5,,-1340,-30,6;15L,779,30,1,1,135,,1160,-120,5,,660,540,4
KBUF|1|BUF|Buffalo Niagara~3|29405|12678|222|05,2691,46,1,1,43.8,,-930,-950,207,99,670,1150,220;14,2183,46,1,1,126.8,,640,-950,213,98,-530,1200,216,219
KEWR|1|EWR|Newark Liberty~3|6894|58295|5|4L,3353,46,1,1,26,,-1401,-896,3,775,1317,833,3,434;4R,3048,46,1,1,26,,-1181,-375,3,363,1290,1196,3,549;11,2050,46,1,1,95,,1342,-1025,5,,1180,1400,3,72
KJFK|1|JFK|John F. Kennedy~3|6394|62207|4|13R,4423,61,1,1,121,,900,-3740,4,623,-1150,770,4,995;04L,3682,61,1,1,31,,-1740,-630,4,141,940,1460,4,822;13L,3048,61,1,1,121,,1840,-1090,4,276,430,2000,4,314;04R,2560,61,1,1,30.6,,-1400,900,4,,580,2440,4
KLGA|1|LGA|LaGuardia~1|7772|61274|6|04,2134,46,1,1,32,,-800,-1150,7,,820,190,4;13,2134,46,1,1,122,,510,-590,4,,-510,1550,2;H1/H1,18,18,1,2
KPVD|1|PVD|Rhode Island T. F. Green~3|17250|85743|17|05,2652,46,1,1,32,,-1120,-930,16,,550,470,13;16,1853,46,1,1,141.7,,670,-650,16,172,-640,740,9
KPWM|1|PWM|Portland International Jetport|36462|96907|23|11,2195,46,1,1,95,,-30,-1680,23,,-220,1030,13;18,1859,46,1,1,163.3,,830,200,14,,-490,740,14
KROC|1|ROC|Frederick Douglass Greater Rochester~3|31189|23276|170|04,2439,46,1,1,32,,-1200,-1530,161,,670,40,170;10,1951,46,1,1,87,,390,-410,169,,450,1650,165;07,1219,30,1,1,62,,-320,-20,165,,210,1330,163
KSYR|1|SYR|Syracuse Hancock~3|31112|38937|128|10,2747,46,1,1,87.3,,-300,-1990,128,,-190,1380,122;15,2286,46,1,1,133.8,,1000,-650,127,,-420,1370,123;06,994,46,2,2,49,,410,-1880,,,1000,-950
#US|M
KABE|1|ABE|Lehigh Valley~3|6518|45572|120|06,2316,46,1,1,51.3,,-480,-780,120,,820,1350,116;13,1768,46,1,1,123.1,,340,-700,117,,-530,1060,116
KACK|1|ACK|Nantucket~i|12531|99398|14|06,1921,46,1,1,44.9,,-620,-1230,9,168,610,390,15;15,1372,30,1,1,135,,490,-60,14,,-290,970,13;12,822,15,1,2,107,,-30,-200,11,,-250,740,12
KAGC|1|AGC|Allegheny~8|3544|698|382|10,1982,46,2,1,89.9,,-10,-1090,381,,-10,1240,381;13,1166,30,2,1,120,,290,-410,379,,-230,780,381;H1/H1,14,14,2,0
KAOO|1|AOO|Altoona Blair~8|2964|16800|458|03,1666,30,1,1,16,,-770,-310,458,,670,230,448;12,1118,23,1,1,108.4,,220,-560,449,,-100,680,452
KART|1|ART|Watertown~3|39919|39783|99|10,2134,46,1,1,93,,40,-900,94,,-30,1000,99;07,1524,46,1,1,53.4,,-410,-820,94,,410,700,99
KAVP|1|AVP|Wilkes-Barre/Scranton~3|13371|42758|293|04,2287,46,1,1,33,,-840,-730,293,,890,740,278;10,1311,46,1,1,92,,350,-570,281,,320,1000,285
KBAF|1|BAF|Westfield-Barnes~4|21578|72844|83|02,2743,46,1,1,10.1,,-1250,-320,80,,1180,270,81;15,1524,23,1,1,140.3,,570,-550,80,,-490,630,75
KBDR|1|BDR|Igor I Sikorsky~i|11635|68738|3|11,1451,46,1,1,98,,270,-880,3,,100,840,2;06,1426,30,1,1,45,,-650,-580,2,,260,630,2;17,975,46,1,2,162.9,,710,-190,2,,-180,180,2
KBED|1|BED|Laurence G Hanscom~a|24700|87110|41|11,2137,46,1,1,97.8,,180,-1140,41,,-60,1440,38;05,1557,46,1,1,37,,-660,-790,39,,460,360,39
KBFD|1|BFD|Bradford~4|18031|13599|653|14,1922,46,1,1,133.9,,620,-870,643,,-580,800,640;05,1371,30,1,1,43.9,,-510,-490,649,,380,660,653
KBGM|1|BGM|Greater Binghamton/Edwin A Link field|22087|40202|499|16,2227,46,1,1,148,,1050,-700,498,122,-600,670,478;10,1524,46,1,1,87,,-360,-910,485,,-280,930,479
KBTV|1|BTV|Patrick Leahy Burlington~3|44719|68467|102|15,2536,46,1,1,131,,880,-1260,93,,-610,1150,102,152;01,1253,23,1,1,351,,-810,230,101,69,170,20,100,152
KBVY|1|BVY|Beverly~4|25842|90835|33|16,1524,30,1,1,140.7,,770,-540,27,73,-210,550,27;09,1449,30,1,1,74.2,,-450,-900,21,,-80,890,27
KCEF||CEF|Westover Metropolitan Airport / Westover Air Reserve Base|21940|74652|73|05,3535,91,1,1,34.2,,-1650,-1320,72,366,980,1080,73;15,2160,45,1,1,134.3,,1220,-730,73,,-130,1130,73
KCON|1|CON|Concord~5|32027|84977|104|17,1830,30,1,1,155,,550,-540,104,195,-950,410,101;03,1219,46,1,2,15,,-290,-60,102,134,770,330,105;12,975,23,1,1,105,,500,-460,104,,270,700,105
KDUJ|1|DUJ|DuBois~4|11783|11013|554|07,1677,30,1,1,62.3,,-350,-890,554,,350,890,554
KDXR|1|DXR|Danbury~5|13717|65178|140|08,1348,46,1,1,69.7,,-300,-860,139,112,120,660,138;17,956,30,1,0,153.2,,470,-110,138,68,-300,400,138,70
KEEN|1|EEN|Dillant Hopkins~1|28984|77292|149|02,1890,30,1,1,3.2,,-1110,-10,149,,590,120,147;14,1220,46,1,1,127.2,,730,-680,144,,70,510,146,335
KELM|1|ELM|Elmira Corning~4|21599|31084|291|06,2439,46,1,1,50,,-520,-1000,287,,700,980,291;10,1647,46,1,1,89,,-210,-1130,285,,-190,860,287,122;05,614,46,4,0,50,,50,120,288,,400,700,288
KEWB|1|EWB|New Bedford~4|16761|90431|24|05,1646,46,1,1,38.3,,-440,-760,20,,630,380,24;14,1525,23,1,1,128.6,,420,-700,23,,-430,730,20
KFKL|1|FKL|Venango~4|13779|1396|469|03,1585,46,1,1,17,,-780,-290,465,,580,270,467;12,1095,30,1,1,106,,270,-620,466,,0,670,467
KFRG|1|FRG|Republic~1|7286|65857|25|14,2083,46,1,1,132.3,,600,-740,24,201,-660,1080,19;01,1682,46,1,1,359.2,,-680,0,19,,830,-30,24
KGFL|1|GFL|Floyd Bennett~i|33412|63897|100|01,1524,46,1,1,358.4,,-550,160,98,,820,110,100;12,1219,30,1,1,110.5,,30,-880,100,,-360,530,99
KGON|1|GON|Groton New London~1|13301|79549|3|05,1524,46,1,1,34,,-510,-290,2,,630,730,2;15,1219,29,1,1,135,,300,-790,3,94,-480,240,2,62
KGTB|1||Wheeler Sack Army Air~a|40556|42805|210|03,3048,46,2,1,16,,-1010,-630,210,416,1620,420,202;15,1525,44,2,1,133.8,,620,-520,203,,-330,850,210;08,1372,46,2,1,70.4,,-1040,-920,207,,-630,690,210
KHFD|1|HFD|Hartford Brainard~1|17367|73506|5|02,1346,46,1,1,9,,-510,-40,4,125,690,210,5,171;NE/SW,708,46,4,0,,,-190,160,5,,440,290,4;11,705,22,1,1,99,,-250,-820,4,,-350,20,4,81
KHPN|1|HPN|Westchester~8|10670|62924|134|16,1996,46,1,1,150,,860,-570,134,,-700,620,116;11,1357,46,1,1,102,,10,-820,121,,-260,760,118,395
KHVN|1|HVN|Tweed New Haven~1|12629|71123|4|02,1707,46,1,1,3,,-680,-50,2,,850,50,3,108;14,1105,30,1,3,130,,420,-260,2,110,-240,730,2,91
KHYA|1|HYA|Cape Cod Gateway~1|16693|97196|16|06,1654,46,1,1,49.7,,-470,-240,14,124,490,1280,12;15,1602,46,1,1,139.9,,550,-1150,16,,-550,90,13
KIAG|1|IAG|Niagara Falls~3|31073|10538|180|10,2995,46,1,1,90,,220,-2260,178,213,220,1420,179;06,1581,46,1,1,50,,-630,-70,178,,280,1420,180;10R,1211,23,1,3,89,,-300,-580,178,,-300,910,178
KIPT|1|IPT|Williamsport~4|12421|30776|161|09,2080,46,1,1,77,,-340,-1200,157,,60,1090,160;12,1302,46,1,1,106,,290,-410,159,,-30,1090,160
KISP|1|ISP|Long Island MacArthur~1|7963|68983|30|06,2135,46,1,1,45,,-770,-1070,28,,590,710,30;15R,1581,46,1,1,135,,590,-560,30,,-410,760,24;10,1534,46,1,3,90,,-380,-630,27,,-380,1190,25;15L,968,23,1,0,135,,270,330,28,,-340,1140,25
KITH|1|ITH|Ithaca Tompkins~4|24910|35416|335|14,2127,46,1,1,134,,630,-890,328,,-630,880,335;15,615,15,4,0,138
KJHW|1|JHW|Chautauqua County-Jamestown~1|21542|7460|525|07,1615,30,1,1,59,,-600,-1410,525,,150,260,524;13,1371,30,1,1,119,,390,-930,525,,-200,530,520
KJST|1|JST|John Murtha Johnstown Cambria~8|3161|11661|696|15,2135,46,1,1,144.1,,760,-830,692,,-800,640,689;05,1337,30,1,1,39.4,,-570,-540,692,,360,450,694;10,1128,30,1,2,87,,140,-460,691,,190,860,695
KLBE|1|LBE|Arnold Palmer~4|2759|5952|365|06,2506,46,1,1,46,,-780,-1220,361,,570,580,347;3,1096,23,1,3,20,,-250,400,348,,680,840,347
KLEB|1|LEB|Lebanon~5|36261|76958|184|07,1675,30,1,1,59,,-30,-790,171,,740,1000,175;18,1585,30,1,1,168,,320,-320,172,,-1070,90,184
KLNS|1|LNS|Lancaster~1|1217|37039|123|08,2113,46,1,1,68,,-180,-800,121,61,540,1500,115;13,1250,30,1,1,119.3,,150,-770,120,,-400,510,122
KLWM|1|LWM|Lawrence~5|27172|88766|45|05,1524,30,1,1,38,,-630,-550,41,,450,600,41;14,1114,30,1,1,123,,400,-660,36,,-160,580,45
KMDT|1|MDT|Harrisburg~3|1928|32377|94|13,3048,61,1,1,116.8,,660,-1630,94,303,-580,1570,94,303
KMHT|1|MHT|Manchester-Boston~4|29326|85643|81|17,2819,46,1,1,157,,920,-390,66,102,-1410,990,81,259;06,2332,46,1,1,42,,-370,-1260,67,135,1020,470,73
KMMU|1|MMU|Morristown~5|7991|55851|57|05,1828,46,1,1,36.1,,-600,-430,56,,730,840,56;13,1218,46,1,1,113.9,,180,-960,57,,-260,360,55
KMPV|1|MPV|Edward F Knapp State~1|42035|74377|355|17,1524,30,1,1,152,,310,-550,333,,-900,360,353;05,915,23,1,0,32.3,,-100,-300,340,157,830,520,331
KMSS|1|MSS|Massena International Airport Richards~a|49362|51557|66|05,1707,30,1,1,31,,-620,-510,62,,560,490,66;09,1219,30,1,1,76,,-180,-1020,62,,80,480,62
KMUI|1|MUI|Muir Army Air Field (Fort Indiantown Gap)~1|4352|34313|149|07,1213,30,1,1,59.6,,-270,-640,149,122,280,590,149;H1,30,30,2,0,,,210,321,148;H2,30,30,2,0,,,,,149;H3,30,30,2,0,,,-121,184,142
KNEL|1|NEL|Lakehurst Maxfield~g|333|56467|31|06,1525,46,1,1,50.5,,-180,-330,28,,690,1050,31;15,1524,46,1,1,140.5,,630,-700,30,,-430,440,28
KOGS|1|OGS|Ogdensburg~3|46819|45345|91|09,1951,46,1,1,76,,-180,-970,87,,170,970,91
KOQU|1|NCO|Quonset State~1|15971|85879|5|16,2134,46,1,1,145,,1060,-960,6,,-620,620,3;01,1219,30,1,2,360,,-650,650,4,,460,650,4;05,1219,23,1,1,34,,-850,-110,4,,50,720,3;10,903,30,1,2,90,,430,-320,,,430,770
KORH|1|ORH|Worcester~4|22673|81243|308|11,2134,46,1,1,93.9,,0,-1510,299,,-130,1070,301;15,1524,30,1,1,138,,550,-300,306,,-460,950,304
KOWD|1|OWD|Norwood~i|21905|88271|15|17,1221,30,1,1,155,,330,-500,15,,-670,130,15;10,1218,23,1,0,89,,160,-560,15,301,180,910,14
KPBG|1|PBG|Plattsburgh~3|46509|65319|71|17,3584,61,2,1,158,,1490,-870,71,,-1490,860,48
KPNE|1|PNE|Northeast Philadelphia~1|824|49894|37|06,2134,30,1,1,48.3,,-490,-970,34,,790,910,35;15,1524,46,1,1,140.8,,210,-520,37,,-850,610,33
KPOU|1|POU|Dutchess~8|16266|61158|50|06,1524,30,1,1,50.7,,-470,-780,45,,400,640,47,34;15,836,30,1,1,139,,360,-100,50,,-200,570,50;07,414,30,4,0,50.8,,-160,-400,,,70,-10
KPSM|1|PSM|Portsmouth International Airport at Pease|30779|91767|30|16,3451,46,1,1,149,,1340,-1080,30,245,-1330,1090,26
KRDG|1|RDG|Reading Regional Airport (Carl A Spaatz Field)|3785|40348|105|13,1935,46,1,1,121.4,,510,-1290,105,,-400,660,101;18,1570,46,1,1,172.2,,630,250,89,,-770,510,104
KRME|1|RME|Griffiss~3|32338|45930|154|15,3603,61,2,1,134,,1130,-1600,154,,-1130,1590,152
KRUT|1|RUT|Rutland - Southern Vermont~4|35294|70504|240|01,1617,30,1,1,359,,-450,10,238,,920,-40,237;13,966,23,1,1,119,,-30,-510,239,,-450,540,239
KSCH|1|SCH|Schenectady~8|28525|60711|115|04,2134,46,1,1,26,,-560,-490,97,,1170,650,115;10,1478,46,1,1,88,,-410,-1190,99,61,-360,620,98;15,804,15,1,2,135,,130,-30,,,-380,670
KSLK|1|SLK|Adirondack~4|43869|57954|507|05,2003,46,1,1,35,,-670,-870,499,,810,570,507;09,1218,30,1,1,79,,-640,-930,500,,-430,580,499
KSWF|1|SWF|New York Stewart~3|15042|58911|150|09,3602,46,1,1,78.3,,-340,-2160,147,610,320,2060,143;16,1830,46,1,1,149.5,,690,710,144,,-730,1830,133
KTEB|1|TEB|Teterboro~1|8501|59392|3|1,2133,46,1,1,3,,-1141,42,3,236,777,184,2,236;6,1833,46,1,1,48,,-337,-950,2,,765,670,2
KTTN|1|TTN|Trenton Mercer~1|2767|51865|65|06,1831,46,1,1,47,,-690,-810,49,,440,750,59;16,1463,46,1,1,145.7,,700,-450,65,,-390,520,53
KUNV|1|SCE|State College~4|8494|21515|378|06,2042,46,1,1,52.6,,-500,-860,375,,610,1060,363
KUUU|1|NPT|Newport State~1|15322|87190|52|04,914,23,1,1,23.8,,-460,-210,45,,290,240,52;16,799,23,1,1,143.6,,440,-420,45,,-140,150,49
KWRI|1|WRI|Mc Guire Air Force Base|156|54083|40|06,3490,46,1,1,45.8,,-1110,-560,40,,810,2000,31;18,2172,46,1,1,172.8,,1200,-1110,37,,-740,-790,39
KWST|1|WST|Westerly State~1|13496|81966|25|07,1222,30,1,1,53.1,,-400,-720,16,,260,450,24;14,1207,23,1,1,130,,440,-410,17,,-260,690,24,229
#US|S
00NY|||Weiss~9|28958|25047|305|03,716,24,4,1
01PN|||Bierly(Personal Use)~1|9306|22611|293|06,518,30,4,0
02ME|||Nadeau's~9|35375|90693|213|14,732,18,4,0
03MA|||Hadley~1|23934|74484|46|12,488,18,4,0
03ME|||Maple Ridge~1|40843|93731|169|18,732,27,4,0
03NY|||Talmage~a|9583|72827|29|16,610,23,4,0
04MA|||Goddard~a|28109|88590|61|16,640,91,4,0
04NY|||Klaverack~1|22623|63038|76|02,1585,15,4,0,,,,,,,,,,518
05PS|||Mills Brothers~1|1431|21378|369|06,676,30,4,0,,,-190,-330,,98,290,220
06N|||Randall~1|14320|56084|159|08,856,18,1,1,62,,-180,-450,153,172,170,460,159
06NH|||Cole~h|29284|90269|49|17,579,46,4,0
06NY|||Murphy~a|28368|35624|335|15,610,23,4,0
06PA|||Freefall Oz~1|19958|17118|439|08,904,30,4,0
07N|||Bermudian Valley~j|168|29961|143|16,671,30,4,0,,,,,,113,,,,30
07PN|||Folmar~1|9989|18747|515|09,610,30,4,0
08ME|||Lindbergh~1|48154|96515|169|13,975,27,4,0
08N|||Keller Brothers~1|2918|36712|168|07,821,37,4,1,,,,,,84
08R|||Richmond~1|14895|83794|40|11,649,9,1,1,,,40,-390,40,,-40,380,39,40
09MA|||Kallander~a|23043|84941|123|15,610,30,4,0;09,518,15,4,0
09ME|||Perrotti Skyranch~9|33408|91453|79|04,610,30,4,0
09N|||Airhaven~1|18326|61240|137|02,568,23,4,0
09PA|||Eagle~a|8270|20119|543|06,701,30,4,0
0B7|||Warren-Sugarbush~1|41177|71731|448|04,785,9,1,0
0G0|||North Buffalo Suburban~1|31032|12967|179|10,863,15,1,1,91,,10,-530,179,,-10,520,179,108
0NK0|||Berdick~a|23340|12091|515|11,518,12,4,0
0NK1|||Spring Brook~1|33617|37798|137|18,640,30,4,0
0NK2|||Westwind~h|29834|59838|244|10,914,30,4,0,,,,,,152
0NK3|||Seven Gullies~1|26957|22075|183|16,823,23,4,0,,,,,,91,,,,91
0NK6|||Cochran~1|24384|39107|390|16,439,12,4,0;14,386,12,4,0
0NY0|||Bennetts~1|36930|60220|317|NW/SE,914,46,4,0
0NY1|||Russell~a|31392|63468|79|03,415,38,4,0
0NY3|||Kermizian~1|33140|50679|439|13,488,30,5,0
0NY7|||Murphys~f|30266|58229|287|04,610,23,5,0
0NY8|||Wenskoski~a|29973|57546|244|09,518,30,4,0
0PA0|||Philadelphia Gliderport|3312|47519|204|07,747,91,4,0;01,523,91,4,0;13,427,91,4,0
0PA3|||Robbins~h|17473|32394|368|17,603,30,4,0
0PA4|||Ecko~a|2376|32753|116|18,462,30,4,0
0PA5|||Fisher~1|14945|1691|457|10,777,38,4,0
0PA6|||Hostetler~1|6309|21497|232|NE/SW,549,30,4,0
0PN5|||Nichols~1|17792|4016|537|E/W,732,30,4,0
0PN6|||Memmi~1|1690|20075|347|NE/SW,527,30,4,0
0PN7|||Drillmore Acres~1|1283|23686|207|13,853,30,4,0,,,,,,61
0PN8|||Shriver~1|16064|3158|475|NE/SW,610,30,4,0
0PS0|||Frederick~j|13709|6583|475|01,671,30,4,0,,,,,,122,,,,122
0PS3|||Carsonville~1|4904|32334|244|06,549,30,4,0
0PS4|||Old Orchard~1|10097|14382|604|06,732,30,4,0,,,,,,61,,,,49
0PS7|||Harman~1|5224|31537|219|08,579,46,4,0
11N|||Candlelight Farms~1|15693|65378|206|17,884,15,4,0
11NK|||Hop House~j|29139|53883|162|03,732,15,4,0
11PN|||Eakin~1|13513|2665|454|03,762,30,4,0,,,,,,61,,,,424
12NH|||Gile Pond~1|34953|83456|148|05,549,61,4,0,,313
12NK|||Westport~1|41584|65671|84|01,792,38,4,0
13PA|||Rigrtona~1|16826|5480|519|10,678,15,1,1
14N|||Beltzville~1|8448|43658|274|08,616,30,4,0,,,,,,110
14NK|||Mountain View~1|33400|65210|74|02,549,15,4,0
14VT|||Crossroad~1|49260|76682|255|6,547,15,4,0
15ME|||Eagle~a|38153|97708|46|07,792,18,4,1
17NK|||Re-Dun~a|24571|30489|412|17,853,18,4,1
17PS|||Mountain Crest~1|15792|5583|500|01,661,30,4,0
18NY|||Strip in the Woods~1|20174|59524|152|05,610,12,4,1
18PA|||Slack~1|3001|49171|84|14,564,30,4,0
18PN|||Spud View~1|654|23072|223|05,500,15,4,0
19NK|||Riveredge~j|32439|38472|115|01,488,30,4,0
19NY|||Four Seasons~1|24062|20392|503|17,762,18,4,0
1A1|||Green Acres~1|21487|62490|90|03,693,23,4,0
1B5|||Franconia~1|41956|82490|296|18,703,46,4,0
1B8|||Chapin~a|30501|66338|155|05,649,20,4,0;07,640,19,4,0,,205,,,,68,,,,93
1C3|||Argyle~1|32542|65291|101|03,732,27,4,0
1D5|||Luther~1|30296|41502|226|09,518,24,4,0;17,323,27,4,0
1E8|||Degrasse Moores~1|43883|49336|248|02,671,17,4,0
1F2|||Plateau Sky~b|32251|58851|326|06,732,30,4,0;01,610,30,4,0
1H1|||Airlane Enterprises~1|32051|38212|117|01,677,23,4,0;10,472,30,4,0
1H4|||Greenville-Rainbow~1|24195|59931|256|17,549,23,4,0,180,,270,0,256,34,-230,0,244
1I1|||Marcy~a|42209|62087|300|N/S,728,29,4,0
1M8|||Myricks~1|18391|89735|22|09,752,15,4,0,,,-100,-430,20,,90,440,22
1MA5|||Unknown~a|22790|84522|132|11,457,9,1,1
1N2|||Spadaro~1|8279|72513|15|18,732,8,1,0,,,,,,,,,,148
1N3|||Albert~1|9715|17571|544|11,1021,38,4,0,,,,,,,,,,62
1NK0|||Roxbury Runway~1|22973|54518|488|03,529,30,4,0
1NK6|||Catalano~9|44238|62412|256|03,732,21,4,0
1NK7|||Boonville Inc~1|34667|47504|366|15,853,30,4,0
1NK8|||Chenango Bridge~1|21917|41587|287|09,610,44,4,0;18,518,44,4,0
1NY3|||Richland~j|35667|39670|171|N/S,671,46,4,0
1NY4|||High Banks Farm Landing Area~1|46175|60890|463|10,914,30,4,0
1P1|||Plymouth~5|37783|82461|154|12,715,27,4,0
1PA0|||Hinaman Acres~1|11334|28003|244|09,701,30,4,0
1PA4|||Wagner~1|5521|23886|158|05,575,30,4,0
1PA9|||Schadels~1|6668|33170|213|E/W,411,34,4,0
1PS0|||Ickes~1|1919|14353|402|10,629,46,4,0
1PS9|||Wicker & Wings~e|4034|46295|180|18,537,30,4,0
1VT8|||Mortimer Brown Landing|36652|68337|274|18,503,24,4,0
20NY|||Stafford~1|30053|19604|272|08,597,25,4,0
21N|||Mattituck~1|9876|74810|9|01,671,18,1,0
21NH|||Propwash~1|29169|90647|58|13,442,24,4,0
21NK|||Don Kichote-Quixote~1|25528|48089|533|NE/SW,644,76,4,0
23N|||Bayport~e|7580|69473|12|18,835,46,4,0,,,,,,,,,,168
23NH|||Windswept~1|31303|79850|393|17,549,12,4,0
23NK|||Long Acre Farms~1|31125|26875|158|18,610,23,4,0
23NY|||Jolamtra Landing Area~1|22798|26600|518|04,579,30,4,0;10,457,23,4,0
23PA|||Cedar Acres Private Group~1|5001|48532|152|N/S,549,30,4,0
23VT|||North Windham~1|32215|72871|533|09,692,21,4,0
24CT|||Bee~a|15822|80318|85|01,518,15,4,0,,265
24ME|||Slip Knot Landing~1|38222|95572|94|02,518,30,4,0
25NK|||Loucks~1|24362|28678|434|11,823,30,4,0
26MA|||Pepperell~1|26962|84499|54|06,860,8,1,0
27NK|||Mohawk Air Park|31133|49555|329|10,762,9,1,0
27PS|||Van Blarcom~1|18561|31712|460|11,575,24,4,0
28M|||Cranland~1|20251|91619|22|18,536,18,1,0,,,240,-90,21,,-230,90,21
28MA|||Cannizzaro~a|20782|71812|76|03,488,15,4,0
28NK|||Ritchie~9|41868|39240|117|07,610,30,4,0
28NY|||Spaudling~e|23083|7750|490|01,640,30,4,1,,,,,,120
2B1|||Cape Cod~1|16853|95977|31|09,823,18,4,0,,,-100,-530,30,,100,340,29;17,628,18,4,0,,,250,-160,31,,-190,130,27;05,620,15,4,0,,,-250,-30,28,,180,350,29
2B2|||Plum Island~1|27959|91588|3|14,701,30,4,0;10,642,15,1,0,,,-70,-220,,,-40,570,,91
2B9|||Post Mills~1|38842|77463|211|04,884,24,4,0;05,701,24,4,0
2G8|||Gorham~1|43931|88033|255|12,862,18,4,0,,,160,-640,,76,150,380
2N2|||Newfound Valley~1|35911|82483|155|03,579,12,1,0
2N5|||Kampel~1|484|30220|186|05,777,30,4,0
2N6|||Redwing~1|265|53073|23|06,558,15,4,0;11,485,21,4,1
2NJ1|||Jugtown Mountain~1|6334|49337|183|08,549,23,4,0
2NJ3|||Weidel/Private/~1|3404|51457|92|11,610,30,4,0
2NJ5|||Sanduff Farms Landing~a|6520|48140|107|12,610,15,4,0
2NJ6|||Markle~1|7737|48407|98|E/W,671,20,4,0
2NK7|||Walton~1|21579|48521|366|08,701,15,4,0
2NK9|||Old Orchard~j|16572|59228|201|18,853,30,4,0,,,,,,244,,,,9
2NY0|||Catskill Valley~j|22806|60471|58|02,450,15,4,0
2NY7|||Towner~h|21215|27886|380|08,610,30,4,0
2NY9|||Kayutah Lake/James & Helene D Allen~i|23678|32756|422|04W/22W,1524,46,12,0;08,732,21,4,0
2PA1|||Boehm's~a|14431|49921|405|NE/SW,610,43,4,0
2PA4|||Boden~1|18467|45537|646|18,579,30,4,0
2PA5|||Johnson~1|17806|17308|459|18,838,14,4,0
2PA8|||Shulls~1|3001|27003|195|01,488,30,4,0
2PN1|||Malco~1|19834|24753|607|NE/SW,488,30,4,0
2PN5|||Baker-Sell~1|2484|16392|418|NE/SW,610,30,4,0
2PS3|||Mathna~1|158|29576|149|06,549,30,4,0
30NY|||Coye~a|27501|24419|491|01,663,40,4,1,,239.1
31D|||Inter~8|3312|2198|381|E/W,549,37,4,0
33CT|||Irish Hills Farms~1|16094|67603|253|16,442,30,4,0,,318
33NY|||Wayne Delp~1|23932|61322|244|17,914,30,4,0
33VT|||Sky View Acres~1|41183|74342|411|2,525,30,4,0,20,,-219,-114,411,,226,108,411
34NY|||Horizon Air~1|29808|30695|149|1,1069,18,4,0
35NK|||Tiger Paw~e|33671|15860|90|18,853,30,4,0
37VT|||Brisson~1|38686|66819|98|01,488,15,4,0
38NY|||Greenlawn~h|25487|30420|308|NE/SW,594,15,4,1,,299.5
38PA|||Aerequus~1|3909|49859|119|05,427,30,4,0
3B3|||Sterling~1|24259|82071|140|16,941,12,1,1,140,314.7,320,-370,140,46,-320,380,137,152;H1,15,15,1,0
3G9|||Butler Farm Show~1|8526|252|406|18,786,12,1,1,,231,,,,55,,,,37
3MA2|||Baines~1|23162|69680|354|15,671,30,4,0
3MA5|||Westport~1|15432|89647|24|17,655,15,4,0
3N5|||Newton~1|10273|52415|189|06,776,14,1,0
3NJ6|||Inductotherm~1|151|51571|20|02,1220,18,1,1,,306,,,,84
3NK0|||Mc Kinney~1|32031|20975|167|11,701,18,4,0
3NK4|||Laska~1|20282|8024|451|14,610,15,4,0
3NK5|||Secret Spot~1|46167|65347|47|E/W,594,15,4,0
3NK6|||Tuscarora Plateau~1|26370|21161|274|01,488,20,4,0,,201.8,,,,91,,,,91
3NY0|||The~b|28273|55960|338|08,671,15,4,0
3NY3|||De Ronda~1|28598|51757|503|02,1067,23,4,0
3NY5|||Luke~1|20237|40429|475|N/S,457,9,4,0
3NY6|||Six Ponds~1|28412|58213|343|11,914,15,4,0
3NY7|||Hiserts Airpark Inc~1|29844|54809|248|09,671,12,4,0,,,,,,61
3PA0|||Horst~1|3834|35336|137|E/W,610,30,4,0
3PA4|||Giffin~1|17779|38628|256|14,610,30,4,0
3PA9|||Moyer~1|2968|47520|101|NE/SW,853,23,4,1,,260;NW/SE,853,23,4,0
3PN1|||Ashlawn~1|16220|44037|461|15,549,18,4,0
3PN7|||Stahl's Mountain~1|17479|45026|594|02,671,24,4,0
3PS4|||Mountain Hide-Away~1|7236|20126|489|02,427,30,4,0,,225,,,,183,,,,122
3PS8|||Yingst~1|3958|32542|214|09,457,30,4,1
3S2|||Swans~a|45141|95932|122|12,551,12,4,0,121,,130,-300,127,,-120,300,127
40ME|||Tib~a|41075|90435|137|18,884,24,4,0
40PN|||Eagles Mere~g|13914|33888|579|12,671,46,4,0,,228.1
41ME|||Eagle Ridge~9|45196|98537|122|2,579,46,4,0,12,,,,122,,,,122
41NY|||Bonebender~1|43124|66151|102|01,549,23,4,0
42B|||Goodspeed~1|14461|75430|3|16W/34W,1372,305,12,0;14,646,15,1,1,,334,200,-320,,,-180,260,,210
43PA|||Kolb~1|1601|44537|88|09,818,30,4,0
44NK|||Bengtsson~a|24641|56146|633|16,515,18,4,0
44NY|||Tomcat~1|29343|53476|140|13,610,15,4,0
44PA|||Pennfield~h|8501|23836|366|08,640,30,4,0
46N|||Sky Park~1|19846|61640|98|01,812,9,1,0,1,,-360,-10,98,,370,10,96
46NY|||Savannah Agri-Air~1|30188|32390|142|18,792,18,1,0
47NY|||Elk Creek~1|20450|26500|469|09,549,18,4,0
47PA|||Homan~1|7167|20169|366|NE/SW,701,17,4,0
47VT|||Cub~a|41257|66304|43|12,503,27,4,0
49N|||Lufker~1|8248|72491|17|N/S,701,30,4,0
49NK|||Trump MTN~1|27933|17076|458|2,488,18,4,0
49NY|||Westmoreland~1|10557|76395|7|N/S,640,30,4,0
49PA|||Gap View~1|8593|48662|238|NW/SE,549,30,4,0
4B0|||South Albany~1|25607|61661|60|01,870,18,1,1,353,,-390,50,56,46,390,-60,59
4B1|||Duanesburg~1|27584|58671|216|10,792,14,1,0
4B9|||Simsbury~1|19158|72229|59|03,672,15,1,1,,,-250,-90,,,330,120,,82
4C4|||Gifford~a|48834|85005|308|04,739,18,4,0,,,,,,91
4G2|||Hamburg Inc~1|27009|10852|229|01,751,9,1,1,,317.7,,,,141,,,,139
4N2|||Middlesex Valley~1|27131|27273|224|03,649,53,4,0
4N7|||Greene~1|23042|42129|285|07,812,61,4,1,,202
4NJ0|||Windward Farms~1|4493|49823|130|11,1097,46,4,1,,215,,,,,,,,250
4NK1|||B-Ville~j|31448|36887|114|13,610,10,1,0
4NK2|||Tracy~a|31452|65803|139|01,610,23,4,0,,229
4NK3|||Evans Airways~1|26699|10317|287|10,610,9,4,0;H1,15,15,1,0
4NK4|||Woodford~9|28272|39742|390|06,884,18,4,0
4NK5|||Harvs~1|31012|26322|152|08,792,30,4,0
4NY0|||Mountain View~j|46689|64538|152|02,549,23,4,0
4NY1|||Orange Poultry~h|13279|56754|128|NE/SW,610,46,4,0
4NY4|||Cross'~h|25595|62279|17|01,457,30,4,0
4PA5|||Ponderosa~1|13084|24753|555|15,671,9,1,0
4PA6|||Hiawatha~1|19151|46356|509|03,945,30,4,0,,243,,,,305
4PA8|||Russo~6|4329|48504|122|10,457,30,4,0
4PN7|||Merritt~a|14181|34656|610|05,1036,30,4,0
4PS3|||Paraport Ultralight Flightpark|17880|4822|427|09U/27U,427,122,4,0
4PS4|||Mountain Top~1|18152|44658|644|06,762,30,4,0
4V8|||Deerfield Valley~4|29271|71343|595|01,808,23,1,1,350,,-350,90,594,,360,-80,594
50NY|||Old Fort~h|28145|24267|320|N/S,762,27,4,0
50PA|||Pegasus Air Park|9334|46504|189|09,823,30,4,0,,,-60,-573,,,49,389
51ME|||Beaver Creek~1|45039|99282|183|17,914,24,4,0
52NY|||Bedson's Land Base~1|29306|23558|245|01,610,24,4,0
52PA|||Wildcat~1|7625|39951|299|E/W,792,30,4,0
53NY|||Smiths Land Base~1|29584|23842|191|05,579,24,4,0
54ME|||Cliff Dow~1|39494|96797|126|05,457,8,4,0
55NY|||Ridgeview~1|20825|6879|501|09,564,46,4,0
55PA|||Sency~1|8956|40559|411|08,549,30,4,0
56NY|||Maynard's~1|33249|19485|104|09,915,11,4,0
56PA|||Hoge~h|4695|49179|131|06,671,30,4,0;15,549,30,4,0
57ME|||Dyer's Landing~1|39178|91456|134|18W/36W,914,305,12,0;14,290,30,4,0
58N|||Reigle~a|2876|34225|149|13,596,12,1,1
59B|||Newton~a|56328|97512|359|13,1098,23,1,1,,,130,-530,359,,-140,530,358
59NY|||Bent-Wing~1|32308|13135|113|09,610,15,4,0
5B1|||John H Boylan State (Island Pond)~1|47897|81739|364|14,808,37,4,0
5B6|||Falmouth~j|15856|94596|13|07,700,12,1,1,,288,-200,-320,12,,190,330,12
5B7|||Rensselaer~8|26909|64204|134|18,814,15,1,0
5B9|||Dean~i|40806|79921|177|01,765,18,1,1,352,,-380,80,177,56,300,-50,166
5CT0|||Eastford~1|19104|79319|183|13,549,12,5,0
5CT5|||Thomson~a|16323|67838|250|01,488,30,4,0
5CT7|||Mile Creek~1|13023|77038|9|02,549,30,4,0
5G0|||Le Roy~1|29814|20625|238|10,1175,18,1,1,93,,10,-490,238,,-20,490,235
5G2|||Indian Lake~1|542|11530|744|14,1369,15,1,0,,337,,,,160
5G8|||Greensburg Jeannette~4|3765|3916|362|02,794,15,1,1,,265
5MA3|||Pasport~1|21876|78569|308|02,549,18,4,0
5N5|||Kirkwood~j|20004|42398|265|15,1021,23,4,1
5NJ2|||Herr Mountain~1|5928|51596|171|07,853,30,4,0
5NK0|||Salubrious Point~1|40442|38564|90|08,914,46,4,0
5NK1|||Toggenburg Farms~1|31118|29478|133|01,610,21,4,0
5NK9|||Treichler~h|27617|15039|347|18,457,46,4,0
5NY1|||Tomahawk Hills~1|23998|50937|725|15,914,23,4,0
5NY4|||Stanwix Heights~1|31576|45693|186|11,610,15,4,0
5NY5|||Gardiner~1|16668|58504|104|12,732,6,5,0
5NY7|||Rolling Hills~1|13279|55901|125|14,457,30,4,0
5PA1|||Broadt Personal Use~1|9979|36158|280|06,488,30,4,0
5PA2|||Double D Skyranch~1|10349|39781|347|08,559,30,4,0,,,,,,297
5PA6|||Shield~h|19315|8699|378|04,503,30,4,0
5PA8|||Chambers~1|15540|39454|311|11,549,18,4,0
5PA9|||Taylor Flight Park Ultralightport|11884|7177|482|13,472,30,6,0
5PN8|||Lincoln Farms~1|3289|19550|366|02,433,30,4,0
5PS5|||Chestnut Hill~1|3968|29259|189|07,518,30,4,0
60M|||Spencer~1|22905|80353|317|01,579,15,1,1,,312,-260,0,318,,260,0,318
61PN|||A G A Farms~1|4257|47676|137|05,853,17,1,0,,,,,,366
62MA|||Field of Dreams~1|18502|88389|24|13,488,15,4,0
62NJ|||Scheller~1|8083|51917|320|16,549,30,4,0,,5
62PA|||Shreveport North~1|362|30045|168|06,792,21,4,0,,304.1,,,,107,,,,61
63NY|||Shear~1|32593|10344|99|18,961,18,4,0,165.4,292.9,610,-120,,183,-240,180
64CT|||Woodstock~1|19210|80469|142|01,671,23,1,1,,265,,,,,,,,61
65NY|||Chautauqua Lake~j|22839|5561|504|NW/SE,792,23,4,0
65PA|||Cherry Valley~1|8959|47037|204|07,521,30,4,0,,301,,,,61,,,,107
66NY|||Maple Ridge~1|32028|16461|197|18,853,18,4,0
67NJ|||Mount Pleasant~f|9698|49332|244|06,762,15,4,0
67PN|||Masser~a|6334|34031|219|10,640,23,4,0
68NY|||Merrimac Farms~1|27501|22161|277|10,610,17,4,0
68PA|||Don's Place~j|5182|40837|155|09,549,30,4,0
69N|||Slatington~1|7636|43951|116|01,748,15,1,1,1,,-340,0,,107,340,10
6B0|||Middlebury State~1|39864|69044|149|01,977,18,1,0
6B4|||Frankfort-Highland~1|30161|48304|404|13,838,18,1,1,,199,,,,23
6B6||MMN|Minute Man Air~a|24603|84810|82|03,948,15,1,1,17,,-270,-110,81,,450,180,82;12,488,12,4,0,,,-80,0,,,-190,500
6G6|||Cove Valley~1|4545|17619|352|04,838,30,4,0,,,,,,87,,,,87
6MA2|||Meadowbrook~1|28601|90034|36|12,610,23,4,0
6NK|||Syracuse Suburban~1|32650|38219|122|15,811,13,1,0
6NK0|||Knapp~1|25956|51794|396|02,488,16,4,0
6NK2|||Meerwarth~1|29506|66653|195|16,671,30,4,0
6NK4|||TTT Air~1|26295|10349|272|09,549,15,4,0
6NK8|||Flying K~1|30098|33595|411|09,727,127,4,0,,308,,,,,,,,183
6NY1|||Old Port Royal~1|21129|29106|518|09,518,15,4,0
6NY2|||Omni~j|22320|31531|296|N/S,411,23,4,0
6NY3|||Airy-Acres~1|26440|32703|245|N/S,488,15,4,0
6NY4|||West Township~1|27004|58449|384|09,610,15,4,0,,239.8,,,,,,,,152
6NY7|||Piolis Brookside~1|18654|56671|323|14,792,23,4,0
6PA0|||Myer~1|13501|50671|410|N/S,762,61,4,0
6PA3|||Hackenburg-Penny Hill~1|11501|31003|305|E/W,693,43,4,0
6PA4|||Scandia Air Park|19306|9658|625|17,610,30,4,0,,270,,,,193,,,,193
6PA5|||Botsford~e|1134|25458|187|04,732,9,1,0,,360,,,,61,,,,61
6PA6|||Air Haven~1|13501|45170|472|N/S,488,30,4,0
6PA8|||Tall Pines~9|12014|25592|457|09,472,30,4,0
6PN9|||Mc Donald's~1|8862|38465|366|10,610,37,4,0
6PS3|||Champ~a|19590|25739|372|09,488,30,4,0
6PS8|||Tyler~1|18205|43014|427|02,450,30,4,0
70N|||Spring Hill~1|13474|45841|527|5,741,13,1,1,39,,-270,-290,527,122,260,290,509
70NJ|||Parker~1|6776|49754|94|07,488,15,4,0
70PN|||Sanders Personal Use~1|19892|6989|443|08,610,37,4,0
73NY|||Olmstead~f|22658|46900|354|01,457,12,4,0,,318
73PN|||Finkhaven~1|13684|29289|195|06,457,30,4,0
74N|||Bendigo~1|5585|34404|241|05,709,18,3,1,42,,,,240,,,,241,60
74NK|||Sunside~1|23272|59365|110|15,762,30,4,0
74NY|||New Salem~e|30056|27086|201|02,488,15,4,1
75NY|||Reiss Game~h|21167|16844|518|NE/SW,914,15,4,0
76N|||Skyhaven~1|15292|40531|195|01,612,15,1,0,,,,,,69,,,,134
77PA|||Nardo~1|5834|1002|347|E/W,549,30,4,0
77PN|||Gilfert~1|7840|27934|192|10,610,30,4,0
78ME|||Eric's~g|37531|97408|30|18,579,18,4,0
78NY|||Flying F~1|30814|12206|177|E/W,1143,23,4,1
79N|||Ridge Soaring Gliderport|8839|20928|248|07,1013,46,1,0,,,,,,221,,,,143
79NY|||Smith~1|30870|11886|177|18,533,18,4,0
7B3|||Hampton~9|29614|91697|28|02,642,37,4,1
7B9|||Ellington~1|19253|75429|77|01,549,15,1,1,175,,-255,33,,,262,-23
7G4|||Blue Knob Valley~1|3965|15463|387|11,1041,27,5,0,,,,,,91
7N8|||Butter Valley Golf Port~1|3982|44357|152|16,738,26,1,0,,,,,,62,,,,46
7NK0|||Valley View~1|26453|56095|354|14,914,23,4,0,,,,,,152
7NK1|||Deer Run Air~a|29431|42464|526|01,732,15,4,0
7NK4|||Ridge Road West~1|32226|21894|122|18,549,14,4,0
7NK6|||Blueberry~a|22917|49333|640|16,671,46,4,0
7NY4|||Culver~9|24251|32850|443|09,732,18,4,0
7NY6|||Sherwood~h|28937|64921|162|07,610,9,4,0
7PA1|||Warren~j|18658|7933|546|06,579,30,4,1,,260,,,,30,,,,61
7PA3|||Charles G. Kalko~1|17081|47121|427|18,1219,15,1,1,,10.9
7PN0|||Tidmore~1|7050|37636|283|08,610,46,4,0
84NY|||Skyview~1|29862|23875|196|07,610,11,1,1,,272.5,,,,,,,,262
85N|||Hollands International~a|32547|12343|110|NE/SW,876,23,4,0
85NY|||High Acres~1|25784|14800|469|15,823,18,4,0
85PN|||Kiski~1|5792|3947|390|12,448,30,4,0
86PN|||Seesholtz~1|10445|36448|223|08,468,27,4,0
87PA|||Waltman~1|9265|2613|415|17,792,30,4,0
88NY|||Zelazny~1|31578|16416|194|09,549,20,4,0
88PS|||Indian Springs~1|1227|35807|118|6,442,23,4,0
88VT|||Hawk's Nest~1|48783|66497|43|03,716,15,4,0
89NY||AXB|Maxson~9|43120|40997|104|06,1305,18,1,1,48,0.2,80,-550,,,870,680
8B2|||Twin Mountain~1|42640|84530|445|09,811,18,1,1,,238.6,-90,-460,,,110,510
8G3|||Giermek Executive~1|20687|15955|433|10,960,24,4,0
8N1|||Grimes~1|4848|37364|177|11,829,30,4,0,,322.4,,,,76,,,,82
8N4|||Flying Dollar~1|12145|47528|427|02,733,30,4,0,,360,,,,,,,,152
8N7|||Mc Ginness~1|251|35128|102|11,564,37,4,0;08,549,30,4,0
8NK3|||Harris~1|34097|64673|80|04,732,30,4,0
8NK4|||Bethany~j|29433|18617|305|09,853,23,4,0
8NY3|||North Fork~1|22687|44403|443|04,549,20,4,0
8NY5|||Mariaville~e|28191|58536|384|10,555,30,4,0
8PA0|||Numidia~1|8662|36026|326|08,610,30,4,0,,360,,,,61
8PA1|||Dee Jay~1|4084|34961|154|09,549,38,4,1,,270
8PA4|||J F T~1|9445|29542|201|06,549,30,4,0,,269,,,,61,,,,286
8PA8|||Sunny Rest~1|8168|43337|299|E/W,549,24,4,0
8PN2|||Hallett's~1|9105|48349|213|07,488,15,4,0
8PN3|||McCauley's~1|13833|5013|479|01,579,46,4,0,,,,,,,,,,183
8PS0|||Middlebury~1|18479|27186|357|11,533,30,4,0
90ME|||Zinck~1|45233|94534|189|11W/29W,1524,183,12,0;05,488,24,4,0,,304.1
90NY|||Hopewell~j|29195|27572|223|07,434,24,4,1
90PA|||Adams~1|18805|18857|543|04,884,30,4,0
91NY|||Manitou~a|31956|22519|143|10,640,15,4,0
92G|||Midlakes~1|28126|27961|329|14,555,17,4,0
92NJ|||Flying B Farm~f|4684|49976|162|E/W,671,30,4,0
92NY|||Bloecher~h|27529|15379|436|N/S,1097,18,4,0;E/W,259,18,4,0
94NY|||St Bernard~a|28251|33087|165|N/S,427,18,4,0
95NY|||Cummings~9|27892|15236|390|N/S,457,12,4,0
98ME|||Greaton~9|35720|94746|52|06,671,15,4,0
98NY|||Krenzers~1|28834|24669|315|N/S,533,23,4,0;E/W,427,23,4,0
9B8|||Salmon River~9|15893|75575|165|17,610,18,4,0
9G0|||Buffalo~9|28620|12834|204|06,813,18,1,1,48,,-250,-370,202,,250,370,204
9G1|||Pittsburgh Northeast~1|6033|1740|324|17,1082,30,1,1,,211.5,490,-180,324,,-440,160,322
9G5|||Royalton~1|31820|14422|191|07,771,11,1,1,,256.4,,,,,,,,91
9G6|||Pine Hill~1|31735|17249|204|10,810,11,1,1,91,,10,-450,199,,0,540,204,76
9N1|||Van Sant~1|4836|48991|119|07,932,37,4,0,,270,,,,111;05G/23G,408,61,4,0
9N3|||Seamans~a|15894|42439|369|04,762,15,1,1,24,,-380,-220,361,,250,150,367
9N7|||Farmers Pride~1|4429|35584|151|10,1039,46,4,1,,225,,,,154,,,,180
9NJ8|||High Meadow Farms~1|8957|49964|192|13,564,30,4,0
9NY4|||Kennedy~9|21008|9182|536|12,762,27,4,0,,270.1,,,,183
9NY6|||Mason Airway~1|23248|50137|661|16,488,20,4,0
9NY7|||Hart~1|30325|58490|282|12,549,30,4,0
9PA0|||Lance~1|1873|44098|84|NE/SW,610,30,4,0
9PA2|||Old Plains~1|3886|45582|201|E/W,549,23,4,0
9PN1|||Seitz~a|390|2100|378|16,457,30,4,0
9PN7|||Veit~1|18181|35873|415|06,732,30,4,0
9PN8|||Malinchak Private~1|16251|44670|518|N/S,610,30,4,0
9PS2|||J T Willie~1|8087|3302|366|18,640,30,4,0
B01|||Granville~1|34238|67308|128|16,762,11,1,1,143,,180,-170,,,-360,400
B04|||Garnseys~1|30676|64163|30|02W/20W,3048,229,12,0;02,762,27,4,0
B06|||Basin Harbor~1|41915|66411|40|02,914,27,4,0
B10|||Bowman~a|44100|98539|100|02,671,37,4,0,,211.4,-300,-60,96,,300,60,99
C44|||Toutant~1|19557|79456|235|17,535,18,1,1,,287,210,-150,235,,-210,170,230
CT01|||Whelan Farms~1|16662|68110|311|01,625,30,4,0
CT07|||Skis Landing Area~1|15734|76987|155|09,457,23,4,0
CT09|||Heckler~a|18029|76083|242|16,415,37,4,0
CT13|||Yankee~6|18745|81805|219|02,518,27,4,0
CT14|||Bancroft~1|18668|73838|16|13,732,30,4,1,,222
CT15|||Wysocki~a|19454|75224|119|18,549,15,4,0
CT19|||Laurie~a|19682|74602|39|03,549,30,4,0
CT20|||Rankl~a|15996|75657|107|NW/SE,488,61,4,0
CT21|||Sunnyvale~a|14606|81700|65|1,611,15,6,0
CT24|||North Canaan Aviation Facilities Inc~1|20454|66613|201|03,945,23,4,0
CT29|||Valley~h|20133|75275|67|17,774,15,1,1,,315,,,,49
CT32|||Gallup~h|15354|81655|134|N/S,610,61,4,0
CT36|||Gager~a|15645|78027|142|02,655,15,4,0
CT39|||Maplewood~h|14686|72911|85|15,427,15,4,0
CT42|||Wings Ago~6|18501|67338|483|18,488,12,4,0
CT43|||Spruce~1|15937|80688|61|16,526,46,4,0
CT44|||Ripley~a|17857|66913|405|17,610,30,4,0
CT48|||Wychwood~a|14368|80746|96|18,549,9,4,0
CT51|||Docktors~a|15334|65838|91|N/S,610,30,4,0
CT52|||Flying Ridge~6|13682|67088|186|N/S,610,61,4,0
CT59|||Good Hill~h|15501|67338|289|N/S,823,61,4,0
CT66|||Long View Landing~1|16668|67171|287|13,427,15,4,0
CT80|||Stonington~j|13473|81141|2|04,518,15,4,0
CT85|||Roberts~h|18898|73849|11|08,610,15,4,1,,204
CT96|||Green Acres~1|17094|70287|290|16,549,7,1,1,,359
D38||IUA|Canandaigua~1|29089|26748|248|13,1676,30,1,1,123,,70,-140,244,,-410,940,247
D43|||Hopewell~j|29195|27572|223|01,456,20,4,0;07,434,24,4,1,,315,,,,,,,,21
D51|||Clarence~e|30667|13169|180|10,762,20,4,1,,263.6
D52|||Geneseo~1|27987|21575|171|05,1524,27,4,0
D59|||Gowanda~1|25015|10495|253|09,1045,30,4,1,,326,,,,,,,,345
D79|||Dart~1|22681|5183|405|13,838,18,4,0;06,561,24,4,0
D80|||Olcott-Newfane~1|33217|12740|96|09,762,18,4,0;06,734,9,4,1,,340.4
D82|||Ovid~1|26548|32037|324|01R,853,12,1,0,,,,,324,,,,324;01L,671,18,4,0
D85|||Campbell~a|21553|9842|507|08,760,24,4,0
D88|||Pratt's Eastern Divide~1|21496|3155|500|08,792,23,4,0
D91|||Spencerport~j|31695|21817|187|E/W,747,27,4,1,,317
JY24|||Weiss~h|9237|51296|162|05,549,15,4,0
JY43|||Hill Top~1|10832|56614|281|09,655,12,1,1
K01G|||Perry-Warsaw~1|27415|19474|475|10,1045,18,1,1,90,,30,-430,,,20,880;04,550,18,4,0,31,,-160,120,,,250,390
K0B1|||Bethel~4|44252|91901|199|14,1164,23,1,1,126,225.8,300,-590,205,,-310,590,200
K0B5|||Turners Falls~1|25914|74772|109|16,975,23,1,1,143,,330,-340,105,,-330,340,109
K0B8||FID|Elizabeth~a|12521|79678|3|12,715,30,1,1,101,,110,-350,2,,-90,460,1;07,550,23,1,1,61,,-80,-250,2,,110,350,2
K0G7|||Finger Lakes~4|28836|32178|150|01,1400,23,1,1,355,,-570,60,150,,470,-50,148;10,564,18,4,0,94,,90,-10,150,,50,680,143
K12N|||Aeroflex-Andover~1|10086|52620|178|03,604,15,1,1,21,,-250,-130,177,,260,130,177,213
K1B1||HCC|Columbia~8|22913|62897|60|03,1631,30,1,1,11,,-720,-200,60,,720,200,59
K1B2|||Katama~j|13583|94756|5|03,1128,15,4,0,19,6,-440,-620,,75,530,-200,,91;06,823,15,4,0,51,279,-440,-590,,91,30,190;17,792,15,4,0,153.9,192.1,1000,-480,,61,360,-60
K1B6|||Hopedale Industrial Park~1|21065|84899|82|18,967,27,1,1,166,,420,-140,82,,-420,140,72,34
K1B9|||Mansfield~5|20001|88032|37|14,1067,23,1,1,123,,250,-520,37,155,-270,570,37,72;04,628,30,4,0,25,,-120,-680,37,,430,-320,38
K1I5|||Freehold~1|23643|59340|134|12,693,7,1,0,106,218,80,-400,,,-90,410,,91
K1N7|||Blairstown~1|9711|50025|113|07,949,21,1,1,61,,-200,-490,112,90,210,490,113
K20N|||Kingston-Ulster~1|19853|60359|45|15,945,18,1,1,140,,330,-380,45,72,-350,370,41,94
K22N|||Jake Arner~i|8095|42385|163|08,914,18,1,1,69,,-150,-500,163,,150,510,155
K23||COP|Cooperstown-Westville~1|26296|51096|384|02,712,38,4,1,,311
K2B3||NWH|Parlin~a|33881|78107|239|18,1050,15,1,1,164.6,214,1250,-850,,210,440,-180;12,609,24,4,0,102.9,336.8,1250,-900,,,1130,-190
K2G9|||Somerset~8|391|9854|693|7,1525,23,1,1,56,,-410,-780,693,,360,700,671;14,832,46,1,0,140.1,247,90,-240,,90,-470,380
K2N4|||Owasco~1|27365|35139|420|11,567,15,4,0
K30|||Heber~j|31834|63668|70|06,671,7,1,1,,267.8,,,,61
K31|||Sharon~1|27784|54224|460|13,783,37,4,1,,325.2,,,,61
K39N||PCT|Princeton~1|3992|53411|39|10,1066,23,1,1,89,,-20,-640,37,,0,620,39
K3B0|||Southbridge~5|21009|79616|213|02,1067,23,1,1,8,,-450,-130,210,,500,50,213;10,442,30,4,0,85.9,,50,-630,,,80,-100
K3B4|||Seacoast~9|31432|92264|40|12,823,15,1,1,109,,100,-310,38,,-130,610,32,26
K3B5|||Twitchell~1|41889|97671|109|11,656,30,4,0,101,,20,-440,,,-90,370;12,641,15,1,0,110,,140,-330,108,,-60,420,107
K3C8||CTO|Calverton Executive~j|9151|72081|23|14,3048,61,1,0,131,,870,-210,23,,-930,2510,16;05,2134,61,1,2,35,,-740,-2380,20,,830,-910,23
K3G1|||Erie~8|20442|1461|442|10,924,18,1,0,91,,40,-540,,,20,540
K3N6|||Old Bridge~1|3299|56532|27|06,1095,15,1,1,44.2,,-350,-450,19,183,350,450,26,122
K44N|||Sky Acres~1|17074|62620|213|17,1167,18,1,1,153,,470,-320,,,-480,330
K47N||JVI|Central Jersey~4|5244|54016|26|07,1069,15,1,1,55.7,,-270,-510,26,189,270,520,20
K4B6|||Ticonderoga~5|38773|65869|83|02,1232,18,1,1,2,,-560,-40,83,,550,10,81
K4B7|||Schroon Lake~1|38579|62594|253|16,914,18,1,0,146,,810,-520,,30,130,120
K4B8|||Robertson~a|16904|71352|61|02,1117,23,1,1,19.3,,-480,-210,,,460,230
K4G6|||Hornell~5|23821|23179|372|18,1524,23,1,1,164.7,,670,-240,363,152,-660,240,363
K4N1|||Greenwood Lake~1|11282|56533|241|06,1058,18,1,1,48,,-300,-440,240,,340,490,240
K5B2|||Saratoga~8|30513|61388|132|05,1432,30,1,1,39,,-510,-570,132,,490,540,129;14,1219,30,1,1,128.6,,310,-640,132,,-380,530,130
K5M3|||Moultonborough~1|37679|86124|174|02,1105,15,1,1,4,,-450,50,,180,540,140,,44
K63B|||Limington Harmon~1|37630|93275|89|11,906,15,1,1,93,,20,-560,89,,-20,570,85
K6B9|||Skaneateles Aero Drome|29140|35592|316|04,1013,37,4,0,29,,-350,-260,,,470,360;10,955,17,1,1,94,,0,-70,,,-60,1100
K6G1|||Titusville~1|16088|2587|488|18,1494,23,1,1,177.1,,670,-50,488,,-670,40,468
K71N|||Sunbury~1|8918|32211|137|05,991,76,4,0,41.4,,-350,1280,,320,320,2060
K7B2|||Northampton~1|23281|73886|37|14,1026,15,1,1,128,,280,-480,37,,-290,500,36,76
K7B6|||Skylark~j|19293|74255|37|10,988,18,1,1,99,,70,-590,,183,-80,580,,53
K7G0|||Ledgedale~j|31811|20842|203|10,1282,23,1,1,91,,10,-780,,,-10,790
K7N1|||Corning Painted Post~1|21759|28878|293|13,996,23,1,1,118,,630,-1480,,,210,-420
K81B|||Oxford County~4|41574|95187|105|15,913,23,1,1,132,,280,-430,105,,-270,430,103
K8B0|||Steven A. Bean~5|49919|93354|556|14,975,23,1,1,120.4,,220,-540,554,,-220,530,550
K8B1|||Hawthorne Feather~j|30620|80947|183|02,994,23,1,1,9.7,,30,470,,,910,680
K8B5|||Tanner Hiller~1|23564|78699|178|06,923,12,1,1,45,,-290,-400,177,46,290,400,180,61
K8G2|||Corry Lawrence~1|19076|3589|538|14,1250,23,1,1,133,,380,-550,517,,-390,560,538
K8N8|||Danville~1|9483|33559|170|09,914,18,4,0,78.5,,,,,73
K9D4|||Deck~1|3518|36704|159|01,1154,15,1,1,357.3,,-440,-10,156,,550,-70,159,57
K9G3|||Akron Airport/Jesson~a|30211|15175|256|07,997,15,1,1,60,,-230,-540,253,,230,510,256;11,596,15,4,2,108.8,,30,-420,,,-140,270
K9G8|||Ebensburg~1|4612|12248|640|07,977,15,1,1,67.5,,-180,-540,,,160,520;11U/29U,499,46,4,0,97,,20,-590,,,-40,-10
KAFN|1|AFN|Jaffrey Airfield Silver~b|28051|79970|317|16,909,41,1,1,148.1,,340,-340,317,,-350,240,317,177
KAQW|||Harriman and West~1|26959|68296|199|11,1311,30,1,1,109.4,,190,-740,199,360,-200,760,198,244
KASH|1|ASH|Nashua Airport / Boire~a|27817|84852|61|14,1829,30,1,1,123,,410,-860,61,,-400,870,57
KAXQ|||Clarion~8|12258|5590|444|06,1525,23,1,1,44.6,,-400,-530,439,,400,520,444
KB16|||Whitfords~1|30803|34616|122|10L,1106,18,1,1,86.9,,20,-770,121,131,70,590,121,107;10R,853,30,4,0,88,,-80,-400,121,,-50,650,122
KB19|||Biddeford~5|34641|95276|48|06,914,23,1,1,55.9,,-220,-480,45,,240,460,47
KB21|||Sugarloaf~4|50853|97836|270|17,853,23,1,0,152.1,,410,-220,,,-250,280
KBID|1|BID|Block Island State~1|11684|84214|33|10,763,30,1,0,84,,-70,-380,33,,10,530,31
KBLM|1|BLM|Monmouth Executive~1|1869|58751|47|14,2239,26,1,1,132,,770,-1080,48,,-580,850,48;03,1069,15,1,0,22,,-650,-20,46,,290,470,48
KBML|1|BML|Berlin~4|45754|88241|354|18,1585,30,1,1,164.3,,590,-320,353,,-790,220,344
KBQR|||Buffalo Lancaster~4|29223|13877|229|09,975,23,1,1,78,,-90,-580,229,279,90,590,229
KBTP|1|BTP|Pittsburgh/Butler~4|7769|503|380|08,1463,30,1,1,72,,-170,-690,376,,170,690,379
KCDA|1|LLX|Caledonia~8|45691|79820|362|02,1006,18,1,1,8.4,,-450,-140,359,,440,50,362
KCDW|1|CDW|Essex~8|8752|57186|53|04,1387,24,1,1,30.1,,-740,-490,53,113,340,320,53;10,1134,23,1,0,83,,190,-550,52,,310,790,53
KCKZ|||Pennridge~1|3892|47095|173|08,1284,30,1,1,69.6,,-200,-710,158,,200,710,173
KCNH|1|CNH|Claremont~5|33704|76313|166|11,944,23,1,1,93.2,,30,-580,163,322,-20,580,165;05,613,30,1,2,33.5,,-150,-120,164,79,310,300,166,229
KCXY|1|HAR|Capital City~1|2171|31485|106|08,1524,46,1,1,71.1,,-150,-700,102,,290,990,106;12,1152,30,1,1,116.6,,160,-800,102,,-320,450,105
KCZG|||Tri Cities~1|20785|39037|254|03,1189,23,1,1,23.6,,-490,-290,253,,490,290,252
KD23|||Arcade Tri~8|25654|15752|532|09,981,18,5,1,75;14,826,24,6,0,129
KDAW|||Skyhaven~1|32841|90707|98|15,1280,23,1,1,132,,360,-560,91,,-360,570,98
KDDH|||William H Morse State~1|28913|67536|252|13,1129,23,1,1,119,,240,-610,242,,-240,610,252
KDKK|1|DKK|Chautauqua County-Dunkirk~1|24925|7269|211|06,1829,30,1,1,50,,-240,-420,205,,640,1000,203;15,1219,30,1,1,139,,510,-390,201,,-320,580,211
KDSV|1|DSV|Dansville~5|25705|22867|202|14,1067,30,1,1,128,,290,-490,194,,-280,490,201;18,745,30,1,3,169,,370,-10,193,51,-290,160,198
KDYL|1|DYL|Doylestown~1|3330|48777|120|05,916,18,1,1,36.1,,-320,-330,119,,360,320,120
KEFK|1|EFK|Northeast Kingdom~3|48888|77708|283|18,1616,30,1,1,160,,440,-80,283,,-580,460,280;05,1218,30,1,0,29.4,,-410,-570,281,,550,190,282
KELZ|1|ELZ|Wellsville Municipal Airport - Tarantine~a|21095|20100|647|10,1615,30,1,1,90,,-10,-970,647,122,10,980,640
KERR|1|ERR|Errol~1|47925|88358|379|15,1097,18,5,0
KFIG|||Clearfield Lawrence~1|10490|15850|462|12,1371,23,1,1,109,,160,-580,462,,-240,960,462
KFIT|||Fitchburg~5|25541|82410|106|14,1524,30,1,1,129,,360,-640,104,,-410,670,100,74;02,1068,23,1,2,8,,-440,-100,101,173,510,90,104,140
KFMH|1|FMH|Cape Cod Coast Guard Air Station|16579|94784|40|14,2896,46,1,1,126.6,,940,-1720,40,,-640,1040,34;05,2438,46,1,1,37.9,,-790,-900,34,,920,940,38
KFOK|1|FOK|Francis S Gabreski~1|8437|73682|20|06,2744,46,1,1,42.4,,-750,-720,15,,1080,1480,20;01,1554,46,1,0,357.5,,-880,-520,15,,490,-600,20;15,1525,46,1,1,132.6,,350,-780,19,,-580,550,15
KFSO|||Franklin County State~1|49403|69025|69|01,915,18,1,1,354,,-410,60,69,,410,-50,69
KFWN|||Sussex~1|12002|53770|128|03,1069,23,1,1,15.9,,-460,-180,126,335,460,170,123
KFWQ|||Rostraver~1|2097|1686|374|08,1220,23,1,1,67,,-210,-670,374,,210,660,373
KFZY|||Oswego~8|33508|36119|145|15,1584,30,1,1,137,,560,-660,136,,-480,670,145;06,1218,30,1,1,46.8,,-430,-550,139,,320,550,143
KGBR|1|GBR|Walter J. Koladza~1|21842|65968|225|11,786,15,1,1,96.5,,30,-520,225,52,-50,420,224,23
KGDM|1|GDM|Gardner~5|25500|79839|291|18,915,18,1,1,164.9,,380,-140,291,,-410,150,282
KGHG|||Marshfield Municipal George Harlow~a|20977|93272|3|06,1189,30,1,1,46,,-230,-330,1,,340,470,3
KGVQ|||Genesee~8|30317|18324|279|10,1676,30,1,1,91,,20,-1230,278,,0,820,278
KHIE|1|HIE|Mount Washington~4|43675|84542|327|10,1220,23,1,1,87.1,,-20,-770,319,,30,760,327
KHMZ|||Bedford~8|860|14866|354|14,1526,23,1,1,127.6,,430,-720,352,,-410,700,354
KHTO|KJPX|HTO|Town of East Hampton~1|9600|77489|17|10,1297,30,1,1,89,,-110,-920,17,,-90,620,9;16,628,23,1,0,149.2,,290,-60,13,17,-240,350,9
KHWV|1|WSH|Brookhaven Calabro~1|8219|71306|25|15,1287,46,1,1,135,,40,-230,21,,-770,850,18;06,1280,30,1,1,45,,-30,-350,21,,790,720,25
KHZL|1|HZL|Hazleton~5|9868|40051|489|10,1524,30,1,1,94,,50,-880,486,,-50,890,486
KIDI|1|IDI|Indiana County–Jimmy Stewart~1|6311|8981|428|11,1677,30,1,1,96,,170,-1080,415,,50,350,428
KIJD|||Windham~1|17440|78197|75|09,1302,30,1,1,74.3,,-60,-490,73,80,260,1020,73;04,1234,46,1,2,31.6,,-620,-300,,,320,470;18,853,23,1,0,165,,230,-540,72,,-510,-240,75
KIZG|1|FRY|Eastern Slopes~4|39911|90521|138|14,1280,23,1,1,126.6,,330,-700,138,,-340,600,128
KK09|||Piseco~1|34534|54824|519|04,919,18,1,1,32.2,,-360,-320,,,350,300
KK16|||Becks Grove~1|32503|43938|137|06,914,7,1,0,47,,560,-120,,,1120,700
KLCI|1|LCI|Laconia~5|35727|85811|166|08,1795,30,1,1,67.5,,-270,-920,166,,280,920,158
KLDJ|1|LDJ|Linden~1|6174|57554|7|9,1262,30,1,1,76,,-135,-724,7,140,146,723,6,165
KLEW|1|LEW|Auburn Lewiston~5|40485|97165|88|04,1524,30,1,1,24.3,,-630,-460,82,,620,330,80;17,838,23,1,1,148,,310,-160,78,,-330,390,88
KLHV|1|LHV|William T. Piper~i|11356|25777|169|09L,1158,23,1,1,82.3,,-30,-690,169,,110,680,169;09R,664,30,4,0,82.2,,-50,-390,,,30,400
KLKP|1|LKP|Lake Placid~1|42645|60381|532|14,1279,18,1,1,127.1,,560,-640,531,,-130,640,532
KLOM|1|BBX|Wings~a|1375|47349|92|06,1128,23,1,1,53,,-300,-530,92,52,310,530,85
KLZD|||Danielson~1|18197|80990|73|13,823,23,1,0,120,,190,-430,70,,-180,430,71
KMAL|||Malone Dufort~1|48537|56711|241|05,1217,30,1,1,37.9,,-620,-640,241,,240,310,241;14,991,23,1,1,128.1,,20,0,,,-540,1000
KMGJ|1|MGJ|Orange~8|15100|57354|111|04,1526,30,1,1,22,,-200,-360,108,,1080,330,113;08,1117,30,1,1,66,,-370,-350,107,,30,880,111,96
KMMK|||Meriden Markham~5|15087|71705|31|18,945,23,1,1,161.7,,410,-180,31,,-400,180,30
KMPO|1|MPO|Pocono Mountains~5|11360|46204|584|13,1524,23,1,1,115,,280,-750,574,,-180,550,573,55;05,1219,30,1,1,36.6,,-200,-190,572,,680,670,584
KMSV|1|MSV|Sullivan County~3|17016|52050|428|15,1920,46,1,1,143,,690,-700,428,91,-680,690,421
KMTP|1|MTP|Montauk~1|10765|80792|2|06,989,23,1,1,47,,-330,-460,2,92,320,460,1
KMVL|1|MVL|Morrisville-Stowe State~1|45346|73860|223|01,1280,23,1,1,358.3,,-510,20,217,,510,-20,223
KMVY|1|MVY|Martha's Vineyard~1|13931|93857|20|06,1678,30,1,1,41,,-710,-580,17,,440,730,19;15,1014,23,1,1,131,,500,-590,20,,-90,320,17;01,968,23,1,2,355.6,,-550,-360,17,,320,-450,20
KN03||CTX|Cortland County Chase~a|25926|37851|365|06,1037,23,1,1,46.2,,-320,-450,365,,330,460,354
KN12|||Lakewood~1|668|58223|13|06,910,18,1,1,47.2,,-270,-380,13,80,270,380,10
KN13|||Bloomsburg~5|9977|35647|147|09,975,18,1,1,73,,-110,-560,147,,120,410,145
KN23||SXY|Sidney~5|23026|45840|313|07,1280,23,1,1,58,,-310,-660,,,300,670,312
KN27|||Bradford~8|17400|35529|223|05,1311,23,1,1,35,,-480,-460,223,,480,450,218
KN35|||Punxsutawney~5|9667|10700|439|06,915,15,1,1,56.7,,-220,-750,430,,230,160,438;01,671,30,5,1,357.8,,-310,390,,,250,360
KN37|||Monticello~1|16225|52987|471|01,791,12,1,0,360,,-460,-100,470,,250,-100,466;15,632,7,1,0,138,,330,-130,464,,-90,380,467
KN38|||Grand Canyon~4|17279|26035|577|10,1096,18,1,1,91,,10,-470,577,,-10,850,573
KN40|||Sky Manor~1|5663|50214|171|07,884,15,1,1,54.2,,-200,-360,168,126,190,350,170
KN47|||Pottstown~5|2603|43292|78|08,824,23,1,1,67,,-140,-490,77,,150,400,74
KN51|||Solberg/Hunterdon~1|5837|52638|59|04,1138,37,3,1,29.4,,-830,-330,,,60,330;13,1049,61,4,0,119,,490,-600,57,,30,480,46
KN66||ONH|Albert S Nader~4|25247|49356|537|06,1280,23,1,1,44,,-410,-550,538,,420,540,534
KN71|||Donegal Springs~j|922|34256|140|10,991,15,1,1,85,,-40,-580,140,119,40,580,122
KN79|||Northumberland~8|8369|34475|269|08,1005,23,1,1,72.4,,-130,-560,260,,140,570,269
KN82|||Wurtsboro-Sullivan~8|15980|55405|171|05,1095,18,1,0,38,,-500,-360,167,71,270,440,164;14,640,37,4,0,128,,10,20,166,,-340,620,162;18,381,46,4,0,175,,-60,70,164,,-400,110,163;09,335,34,4,0,78,,30,60,165,,90,450,163
KN87|||Trenton Robbinsville~1|2139|53982|36|11,1303,23,1,1,95.5,,60,-760,33,122,-50,760,36
KN89|||Joseph Y Resnick~1|17288|56231|89|04,1170,23,1,1,35,,-530,-450,88,,340,360,88
KN94|||Carlisle~1|1879|28257|155|10,1222,18,1,1,91.7,,20,-710,153,32,-10,720,155
KN96|||Bellefonte~1|8855|21837|326|07,1107,18,1,1,56,,-280,-540,326,73,270,540,322
KNY0|||Fulton~8|29982|56704|269|10,1219,23,1,1,89,,-10,-750,264,,10,750,269
KNY2|||Camillus~1|30854|37048|123|10,1210,18,1,1,97,,-130,480,,,-270,1960
KOIC|1|OIC|Lt Warren Eaton~1|25666|44759|312|01,1441,23,1,1,2.6,,-650,-40,308,,640,40,312
KOLE|1|OLE|Cattaraugus County-Olean~1|22412|16286|651|04,1463,30,1,1,32,,-650,-490,650,30,470,450,644,61;16,645,30,4,0,148,,450,-150,651,,-40,270,644
KORE|||Orange~5|25701|77114|169|01,1525,23,1,1,1,,-890,-170,168,30,490,-150,164;06,1524,46,1,2,43.2,,-1070,-720,,,-70,550;14,1463,23,1,1,127,,590,-520,163,450,-210,900,168
KOXC|1|OXC|Waterbury Oxford~1|14786|68648|221|18,1768,30,1,1,171,,750,-170,221,91,-820,170,209,152
KOYM|1|STQ|St Marys~5|14125|14974|589|10,1311,23,1,1,90,,0,-790,580,,0,780,589
KPEO|||Penn Yan~1|26371|29471|302|01,1676,30,1,1,357,,-1120,130,302,,380,20,279;10,1085,15,1,1,90,,560,-770,275,110,580,550,275,117
KPSB|1|PSB|Mid-State~4|8844|19127|594|16,1741,30,1,1,156,,900,-420,594,,-530,420,586;06,1526,30,1,1,50,,-660,-700,569,,230,680,584
KPSF|1|PSF|Pittsfield~5|24268|67071|362|08,1765,31,1,1,64.2,,-300,-950,364,,290,720,349;14,959,23,1,1,122.9,,280,-380,357,,-240,710,348
KPTD|||Potsdam Municipal Airport Damon~a|46766|50514|144|06,1129,18,1,1,44,,-360,-480,144,,370,510,143
KPTW|1|PTW|Heritage~a|2396|44433|94|10,1027,23,1,1,85,,-50,-600,94,,40,600,93,61
KPVC|1|PVC|Provincetown~5|20719|97786|3|07,1067,30,1,1,59,,-210,-490,3,,280,620,3
KPYM|1|PYM|Plymouth~5|19090|92712|45|06,1417,23,1,1,40,,-480,-770,41,,440,250,45;15,1326,23,1,1,130,,320,-130,44,,-270,820,40
KRVL|1|RED|Mifflin~8|6774|23732|250|06,1524,23,1,1,48.8,,-450,-680,249,,450,680,247
KSDC|||Williamson Sodus~1|32346|28806|129|10,1159,18,1,1,89,,0,-790,,,20,640
KSEG|1|SEG|Penn Valley~1|8206|31361|137|17,1451,23,1,1,158.9,,480,-240,137,118,-490,260,135,76
KSFM|1|SFM|Sanford Seacoast~4|33939|92920|74|07,1947,30,1,1,58.2,,-700,-1120,73,,160,800,71;01,1829,46,1,2,358.6,,-1000,-620,,,640,-670;14,1524,30,1,1,120,,640,-630,74,273,-20,1020,70
KSFZ|1|SFZ|North Central State~1|19208|85086|134|05,1524,30,1,1,32,,-420,-440,128,,750,530,128;15,979,23,1,1,139.7,,70,-450,130,,-600,320,134
KSMQ|||Somerset~1|6260|53298|32|12,835,20,1,1,109,,90,-500,25,,-150,430,31;08,586,30,6,0,68.7,,-30,-250,31,,180,490,31;17,518,46,4,0,166.6,,200,-180,30,,-280,-20,32
KSNC|||Chester~1|13842|74940|127|17,830,15,1,1,160.9,,290,-190,122,170,-370,120,124
KTAN|||Taunton Municipal King~a|18744|89834|13|12,1066,23,1,1,107.7,,-30,-320,11,,-320,900,13;04,315,18,6,0,27,,100,-610,11,,570,-300,8
KUKT|1|UKT|Quakertown~1|4352|46181|160|11,978,23,1,1,99,,70,-570,160,,-70,570,154
KVGC|||Hamilton~5|28438|44386|347|17,1620,23,1,1,158.8,,640,-340,,91,-640,340
KVSF|1|VSF|Hartness State~1|33436|74827|176|05,1677,30,1,1,34.5,,-470,-400,174,,770,780,169;11,914,23,1,1,98,,-190,-900,176,,-310,210,173
KWBW|1|WBW|Wilkes Barre Wyoming Valley~1|12972|41488|166|07,1029,23,1,1,54,,-280,-490,166,,270,490,166;09,668,30,4,0,79.9,,-30,-660,,202,90,180
KXLL|||Allentown Queen City~5|5701|45132|122|07,1204,23,1,1,59.1,,-340,-930,118,,210,290,118;15,963,23,1,1,135,,430,-680,118,,-180,120,122
KZER|||Schuylkill County Joe Zerbey~1|7065|36269|527|11,1555,23,1,1,97.8,,-10,-1060,529,,-180,580,521;04,769,43,4,0,31,,-90,260,,,450,680
MA07|||Friends Ultralightport|15676|88808|40|01U/19U,498,15,4,0
MA16|||Marshall's~1|23634|81783|192|18,518,244,4,0
MA30|||Dresser Hill~1|21022|80309|247|N/S,610,91,4,0
MA36|||Snow~1|26665|91470|19|04,488,30,4,0
MA44|||Trade Wind~1|14418|94297|13|06,671,61,4,0
MA53||UWA|Ware~1|22820|77852|147|N/S,619,46,4,0
MA63|||Sherman-Private~1|20740|92019|10|N/S,457,15,4,0
MA64|||Pheasant~a|20754|91847|12|N/S,610,46,4,0
MA72|||Tuckernuck~1|12975|97396|7|NE/SW,610,6,4,0;NW/SE,610,6,4,0
MA75|||Sky Glen~1|20409|83838|79|NW/SE,732,23,4,0
MA77|||Blueberry Hill~1|23751|68524|610|16,549,30,4,0
MA80|||Mundale~1|21214|71880|85|03,488,15,4,0
MA86|||Kendalls Lndg Area~1|25056|69402|641|E/W,549,46,4,0
MA88|||Albert Farms~1|23901|70691|434|N/S,853,15,1,0
MA89|||B&B~h|23461|78961|299|16,610,30,4,0
MA97|||Waters~1|21251|82602|213|15,732,18,4,0
ME17|||Thomas~1|46602|94120|204|01,549,23,4,0
ME33|||Farr~a|37787|99869|21|14,579,30,4,0
ME39|||Rocky Ridge~1|42348|98677|146|02,411,23,4,0
ME45|||Goosefair~1|34056|95677|12|14,488,12,5,0
ME6|||Wales~1|41745|99811|64|04,640,24,4,0
ME64|||Skydive Lebanon~1|33750|90708|111|17,1219,9,1,0,153.8,,500,-330,,,-480,330
ME69|||Cliffords~1|40690|99355|85|03,512,15,4,0
ME75|||Margerison~1|39540|98586|67|15,488,30,4,0
ME89|||Buzzy's~a|36088|90279|198|09,503,30,4,0
N05|||Hackettstown~1|8201|51448|204|05,671,15,1,0
N07|||Lincoln Park~1|9475|56855|55|01,843,12,1,0,355,,-390,40,55,,410,-40,55
N10|||Perkiomen Valley~1|2040|45697|84|09,878,12,1,0,76,,-90,-500,76,,100,510,82
N16|||Centre~j|8110|23420|398|06,945,64,4,0
N25|||Blue Heron~1|26973|58004|366|09,792,21,4,0
N30|||Cherry Ridge~1|15153|47485|414|18,910,15,1,0,167,,330,-100,410,,-320,100
N41|||Waterbury~1|16324|69518|259|17,611,41,4,0;02,488,76,4,0
N42|||Shippensburg~1|537|25383|232|07,701,52,4,0
N43|||Braden~j|7422|47571|122|18,596,50,1,0,166,,260,-90,120,,-260,80,117
N45|||Kobelt~1|16279|58662|128|03,873,15,1,0
N56|||Great Valley~1|22051|13528|442|06,975,27,4,0
N65|||Apex~1|27295|58360|344|09,838,18,4,0
N72|||Warwick~5|12876|57129|165|08,686,24,4,0;03R,655,9,1,0;03L,640,15,4,0
N74|||Penns Cave~1|8903|23975|384|07,765,12,1,0
N85|||Alexandria~g|5876|49816|146|08,777,18,1,0,64,,-190,-510,146,,110,320,146;13,550,30,1,0,118,,160,-400,135,,-70,170,140
NH07|||Cooper~h|32804|85434|148|16,503,30,4,0
NH15|||Locke Lake~1|33867|87666|214|15,762,91,4,0
NH16|||Brookline~1|27418|82924|126|01,587,7,1,0
NH17|||Zim~1|27276|82824|158|01,457,46,4,0
NH18|||Chickville~1|37334|88488|171|01,610,30,4,0
NH31|||Mountain View~a|36501|88505|294|14,914,32,4,0
NH38|||Leavitt~1|39726|88302|262|10,610,12,1,0
NH40|||Eagles Nest~1|34046|80512|304|14,853,9,1,0
NH43|||Murphy-Sherwood Park~1|31795|88630|61|12,533,23,4,0
NH49|||Bradley~a|39693|83192|198|02,518,9,4,0
NH61|||Heaton~1|29681|88188|57|11,530,9,4,0
NH67|||Winterwood~1|29784|89905|40|10,488,9,4,0
NH69|||Windsock Village~1|38253|88166|140|15,1219,69,4,0
NH76|||Mason~9|27290|82158|226|15,823,30,4,0
NH78|||Steck~h|27472|86308|140|05,457,8,4,0
NH84|||Northwood~1|32076|87788|195|12,701,23,4,0
NH86|||Intervale~1|31751|82127|130|14,640,14,1,0
NH96|||Wentworth Aerodrome~1|38723|80950|186|01,457,46,4,0
NJ09|||Matthews~1|7918|49296|229|07,610,15,4,0
NJ46|||Mar Bar L Farms~1|2770|56121|24|09,671,30,4,0
NJ50|||The Landing~1|4807|50382|143|10,914,15,4,0
NJ60|||Cuddihy~f|1871|57329|32|02,853,15,4,0
NJ61|||Malone~1|5411|49757|146|17,732,18,4,0;03,549,18,4,0
NJ63|||Eagles Lair~1|4679|49496|140|07,975,30,4,0
NJ65|||John E. Rogers~1|8545|50720|152|08,686,46,4,0
NJ72|||Hop Brook~h|3512|58187|43|10,671,46,4,0
NJ79|||Goat Hill~1|3515|50907|107|N/S,549,27,4,0
NJ95|||Herr Brothers~1|5557|49276|101|07,579,23,4,0
NK01|||Countryman's~f|39995|43951|241|11,549,46,4,0
NK04|||Shepard~1|32501|40004|141|09,457,30,4,0
NK07|||Big Island~1|13279|55901|125|06,488,15,4,0
NK08|||Sheeley's~h|18318|58701|79|13,610,12,4,0
NK09|||Eagle Ridge~1|24060|31800|451|02,823,23,4,0
NK16|||Hendricks~a|43681|45976|146|05,768,21,4,0
NK17|||August~a|32094|64183|40|03,640,30,4,0
NK19|||Potoczak~1|30612|13386|177|18,680,17,4,0
NK24|||Tilden~1|23477|31296|274|01,488,18,4,0
NK25|||Cambria~1|31942|12006|116|01,914,15,4,0
NK26|||Old Forge~1|37252|50238|534|09,975,30,4,0
NK27|||Hedge Hop~a|24887|13651|427|07,671,18,4,0
NK31|||Dawn Patrol Aviation~1|32695|18547|146|09,442,18,4,0
NK35|||Mariwill~1|27565|35563|344|18,529,11,4,0
NK43|||Jerry Phibbs~1|27533|60835|104|12,853,15,4,0
NK54|||Matejka~a|21767|33589|515|11,488,18,4,0
NK68|||White Birch~1|20516|46832|567|17,582,21,4,0
NK71|||Marcellus~1|30112|36503|259|15,671,18,4,0;18,549,21,4,0
NK72|||Henion Private~g|23760|34681|422|16,518,21,4,0,,,,,397,,,,422;09,366,21,4,0
NK74|||Match Mate~1|27445|33364|256|18,914,15,4,0
NK76|||Grammar~1|28825|29483|230|09,701,9,4,0
NK79|||Lewis Landing~1|14067|54669|268|08,671,15,4,0
NK87|||Merkle~1|30667|14003|180|E/W,732,12,4,0
NK89|||Ultralight Flight Farm Ultralightport|22917|29420|366|13,549,26,4,0;10,472,27,4,0;18,427,26,4,0
NK91|||Boyle's Landing~1|28162|53754|396|11,503,13,4,0
NY00|||Basher~a|25671|14423|565|10,488,23,4,0
NY01|||Knowlesville~1|32209|16850|169|E/W,587,18,4,0
NY02|||Mountain Top~1|24873|52198|597|06,698,12,4,0
NY05|||Hogan~1|27815|56743|384|12L,914,8,1,1,106,,110,-540,,,-110,540;12R,914,40,4,0,106,,110,-540,,,-120,540
NY06|||Gaines Valley Aviation~1|32964|17861|116|09,1219,27,4,0
NY07|||Hurlbut~a|45458|48389|152|06,518,15,4,0
NY1|||Kline Kill~1|23501|63629|116|01,1219,23,4,0,10,,-478,215,116,,545,50,116
NY10|||Duflo~1|38426|45693|240|04,853,9,1,0;08,830,24,4,0
NY11|||Lakestone~h|30353|26920|158|18,786,12,4,0
NY13|||D'Amico~1|30908|30114|157|17,549,27,4,0
NY15|||Lakeville~1|28265|22856|285|01,853,18,4,0
NY16|||Oak Ridge~1|30984|28181|165|17,762,18,4,0
NY17|||Adirondack Airpark Estates~1|46020|61469|412|09,625,6,1,0
NY18|||Neno~1|24487|33831|391|09,732,15,4,0;18,640,23,4,0
NY19|||Walls~1|30440|35381|186|17,457,15,4,0
NY20|||Nellis~a|29626|53181|213|13,838,6,1,0,116.2,,-250,-150,,,-590,780,,145
NY23|||MAC~1|29876|50335|369|13,701,46,4,0
NY24|||Taylor Johnson~1|31278|10300|193|08,549,15,4,0
NY26|||Sky-Ranch~1|29834|51004|405|11,653,18,4,0
NY27|||South Dayton~1|23709|9905|396|18,1183,18,4,0;09,1141,18,4,0
NY29|||Schuyler~1|24516|30878|265|17,640,14,4,0
NY31|||Rabbit Lane~1|32237|36312|123|11,488,23,4,0
NY34|||Randall's Roost~1|21622|25725|556|04,640,15,4,0
NY35|||Stanton~1|17501|58837|92|14,732,7,1,0
NY37|||Galway~1|30092|59088|290|10,671,27,4,0
NY40|||Gentzke Aeronautical Park~1|26106|14044|533|E/W,610,30,4,0
NY42|||Paradise~1|32200|33106|128|18,914,30,4,0
NY48|||Grace's Landing~1|23381|52510|457|09,853,30,4,0
NY49|||Mesmer~1|29915|10142|183|02,448,21,4,0
NY50|||Johnson~1|29921|58625|232|09,856,12,4,0
NY51|||Russell~1|28701|55007|213|12,518,12,4,0
NY55|||Grund~a|24473|34031|443|01,1158,23,4,0
NY57|||Remsen City~1|33601|48154|372|09,610,30,4,0;18,488,15,4,0
NY59|||Valenty Mierek~1|33873|45137|372|18,671,30,4,0
NY62|||Curtis~1|31444|44512|163|10,640,30,4,0
NY63|||Archdale Meadows~1|30544|65280|178|09,457,27,4,0
NY64|||The Pines~1|31029|58449|259|12,853,37,4,0
NY66|||Lewis~a|31285|58752|274|18,610,30,4,0
NY68|||Richfield~1|28612|50546|442|10,914,23,4,0
NY69|||John Gonzales~a|41201|36987|79|07,564,30,4,0
NY70|||Scott'S Sky~b|26489|20797|372|10,610,15,4,0
NY72|||Poolsbrook~e|30723|40615|152|09,427,24,4,0
NY73|||Miller~a|23181|44009|482|04,762,23,4,0
NY74|||Deer Run~1|23237|61268|98|02,747,15,4,0
NY76|||Neverland~1|23157|11047|579|11,518,12,4,0
NY77|||Wandervogel Gliderport|27181|58365|384|E/W,640,21,4,0
NY79|||Keysa~1|25967|16597|494|18,567,18,4,0
NY82|||Alexander~h|25806|63838|160|18,1030,30,4,0
NY87|||Amsterdam~9|29626|57463|104|E/W,442,49,4,0
NY88|||Hickory Acres~1|28834|53087|296|13,610,30,4,0
NY89|||Goose Creek~1|20783|6065|411|15L,853,15,1,0;15R,853,38,4,0;09W/27W,518,15,12,0
NY94|||Old Rhinebeck~e|19715|61371|98|N/S,671,23,6,0
NY96|||Mexico Airdrome~1|34267|38062|143|12,701,15,4,0
NY97|||Northway~1|46667|64338|128|N/S,640,30,4,0
O03|||Morgantown~1|1575|41308|183|10,762,30,4,0
P15|||Brokenstraw~1|18326|6384|375|09,811,30,4,0,,,-100,-460,375,,100,470,373
P34|||Mifflintown~1|5989|25943|166|08,801,15,1,0,,,-140,-430,165,,150,440,165
P37|||McVille~1|7346|4043|332|18,884,40,4,2;14,853,18,1,1,135,,270,-350,337,,-280,360,337;03,739,49,4,2
P45|||Mount Pleasant/Scottdale~1|1084|4586|354|06,621,41,4,0;14,495,53,4,0
P91|||Flying M~e|7376|42948|224|08,722,30,4,0
P96|||Jersey Shore~1|12070|27739|167|09,932,40,4,0
PA17|||Canaan~a|20022|29036|488|10,488,15,4,0
PA30|||East Penn~1|7668|42254|270|10,408,46,4,0;05,402,91,4,0;16,381,30,4,0
PA31|||Rover~1|2834|34606|152|10,655,30,4,0
PA33|||Lars/Private~1|19501|35170|396|18,436,30,4,0
PA35|||Bally Spring~h|4320|43740|201|13,671,15,1,0
PA36|||Stefanik~1|4529|47962|158|06,625,30,4,0
PA40|||Benton~1|12001|36128|238|03,671,46,4,0
PA45|||Logue~1|14167|30670|402|18,762,55,4,0
PA49|||Mountain Bay Air Park Inc~1|13801|47676|457|11,680,15,1,0
PA52|||Oberlander~1|18593|928|496|10,518,30,4,0
PA53|||Cosklos Elkview~1|16270|44718|521|N/S,488,61,4,0
PA54|||Kellachows~1|15223|46040|436|01,779,30,4,0
PA55|||Neiderer~1|2199|28819|134|E/W,427,61,4,0
PA61|||Kunda~1|1668|45504|77|11,411,15,4,0
PA68|||Bugs~1|7129|46919|131|17,914,30,4,0
PA70|||Fetters Construction~1|918|42892|152|05,555,30,4,0
PA71|||Dwight's Delight~1|15209|35378|523|07,607,27,4,0
PA74|||Gusler~1|4652|31593|213|E/W,671,30,4,0
PA75|||Baker~1|19651|26842|549|E/W,488,46,4,0
PA77|||Erwinna Private~1|5001|49337|107|N/S,610,38,4,0
PA82|||Grayce Farms~1|16001|43170|396|N/S,671,30,4,0
PA92|||Blue Mountain Academy (Private)~1|5529|39712|162|08,832,30,4,0
PN00|||Crosswinds~9|3432|44273|91|02,777,76,4,0
PN01|||Cedar Run~1|5881|941|360|18,549,18,4,0
PN02|||Offutt Acres~1|9848|4336|264|E/W,411,37,4,0
PN10|||Cash Creek~1|18651|34901|381|18,610,61,4,0
PN13|||C & W Milliron Flying~a|12873|8336|518|09,610,30,4,0;12,472,30,4,0
PN14|||Misty Hill~h|7894|25|379|09,549,30,4,0
PN15|||Greeley~1|18775|20429|701|07,564,30,4,0
PN25|||Lindsay~1|7356|3113|329|10,533,30,4,0
PN30|||Schrenkel~1|2628|18975|366|17,671,30,4,0
PN35|||Flying R~1|1|19169|293|05,488,15,4,0
PN36|||Rayne~1|7334|9327|433|09,488,30,4,0
PN38|||Culmerville~1|6626|1544|372|09,518,59,4,0
PN40|||Moorhead~j|21853|1039|245|08,636,61,4,0
PN46|||River Hill Aviation~1|5644|4542|381|09,518,30,4,0
PN49|||Dunbar~1|7720|5711|457|09,427,30,4,0
PN50|||Skyline~6|5065|40567|177|09,655,30,4,0
PN53|||Strohmier~1|5515|13766|598|15,472,15,4,0;05,366,15,4,0
PN54|||AKM~9|18376|32548|425|18,640,30,4,0
PN57|||Marion Center Speedway~1|8120|9627|457|08,762,46,4,0
PN59|||Stitt~1|8311|5131|366|01,549,30,4,0
PN66|||Dunlea~j|4256|6364|372|05,610,30,4,0
PN71|||Jansen Vineyards~1|6500|29425|262|10,427,30,4,0
PN72|||Rocky Hollow~a|5692|11175|550|18,1017,37,4,0;06,564,37,5,0
PN73|||Beers~h|2301|20794|192|08,610,30,4,0
PN90|||Ranch-Aero~1|17487|19003|480|14,762,30,4,0
PN91|||Sharretts~1|18276|24990|719|10,549,30,4,0
PS02|||Heberlig~1|1643|26295|171|E/W,686,30,4,0
PS03|||Elephant Path~1|4104|47707|113|05,838,11,1,0
PS08|||Lazy B~b|226|31834|137|05,792,30,4,0
PS11|||Mc Cardle~h|6453|24447|183|05,549,30,4,0
PS12|||Grover~1|9168|41337|373|08,719,30,4,0
PS18|||Pecora~a|19037|13725|457|10,549,18,4,0
PS20|||Fairview Farm~9|5373|35337|183|16,610,30,4,0
PS21|||Flying Eagle~1|6459|31878|201|08,564,30,4,0
PS38|||Bert's~1|2856|42518|73|08,690,30,4,0
PS50|||MSM~1|17680|42761|488|18,666,30,4,0
PS52|||Alberter Farms~1|1951|11672|631|08,792,30,4,0
PS54|||Gunden~1|3293|47184|162|14,549,30,4,0
PS61|||Tidioute~1|16909|6341|335|06,500,30,4,0
PS66|||Parker-Cramer~1|12115|6391|451|11,610,27,4,0
PS69|||Barnhart~1|7270|14605|500|E/W,884,38,4,0
PS70|||Cider~a|6059|37170|235|07,671,30,4,0
PS73|||Poverty~1|10617|25668|262|06,762,23,4,0
PS82|||Lazy J.~b|12959|44023|503|02,451,30,4,0
PS99|||West Penn Township~1|7463|40674|366|09,610,30,4,0
RI11|||Riconn~1|16968|82163|117|09,488,30,4,0;14,480,30,4,0
S37|||Smoketown~1|416|37986|113|10,838,15,1,0
US-0119|||Nesspor~1|1898|43848|96|16,420,30,4,0
US-0499|||Carrar~h|19338|41261|472|10,457,30,4,0
US-0710|||Walnut Grove~1|930|35069|112|13,427,21,4,0
US-0759|||Oneida Lake Strip~1|31691|42943|116|10,596,15,4,0
US-0767|||Klenawicus~9|10710|76730|6|2,518,61,4,0
US-0857|||Hidden Hills~b|31093|27608|157|18,625,18,4,0
US-0890|||Miller~1|31552|42141|131|17,506,30,4,0
US-1117|||Black Landing~a|3724|32562|166|9,457,38,4,0,,,-16,-274,166,,21,261,160
US-12769|||J P Reilly~1|19027|40107|503|3,853,15,1,1
US-2039|||Iwan~9|29638|58744|236|9,427,76,4,0,82,,-30,-260,234,,20,260,236
US-4578|||Naked Acres~1|29866|23491|209|4,440,23,4,0,,,-169,-129,206,,188,113,209
US-4753|||R & R Aero~1|27211|18139|503|10,1219,43,4,0
US-4853|||Pine View~1|31155|30893|122|9,497,24,4,0,90,,-21,-260,122,,-9,268,121
US-52NK|||Collins~a|32242|43245|116|8,644,30,4,0,78,,1059,-782,116,,-1545,733,116
US-7296|||Lykens Valley Flying Association~1|5472|31603|200|10,536,30,4,0
US-7308|||Cavage Personal Use~1|15950|46450|427|01,488,30,4,0
US-8375|||Hoopes Family~h|18828|22486|723|1,701,27,4,0
US-8971|||Victor Curtis~1|18720|30499|523|1,548,61,4,0
US-9083|||Hard Barn Cargas~h|22225|6723|514|16,936,30,4,0
US-9117|||STOL Performance~1|28489|15545|349|10,565,15,4,0
VT01|||Teal~h|42824|70624|439|18,610,15,4,0
VT06|||Santa's~1|30044|75263|205|17,762,15,4,0
VT09|||Spencer~1|41136|67097|94|04,610,15,4,0
VT10|||Manning Personal~6|39814|66143|78|N/S,671,61,4,0
VT11|||Ass-Pirin Acres~1|40687|66266|40|01,1128,49,4,0;10,792,61,4,0
VT12|||E.A.Deeds~h|42912|67168|39|01,549,23,4,0
VT14|||Axinn~1|40451|68104|137|02,427,27,4,0
VT15|||Savage Island~1|47039|67540|38|02,762,27,4,0
VT17|||Smith~1|33690|73257|458|02,488,23,4,0
VT20|||Mach Personal Strip|33667|68518|260|NE/SW,533,23,4,0
VT22|||Shelburne Farms~1|44014|67329|40|N/S,579,24,4,0
VT23|||Bostwick~h|43691|67493|67|01,762,30,4,0
VT25|||Sky Acres~1|44167|68338|101|N/S,527,18,4,0
VT26|||Allenholm~1|46246|66935|43|18,610,12,4,0
VT31|||Carriers Skypark~1|41112|75560|488|01,457,15,5,0
VT38|||Greenwoods~9|50086|67590|55|01,671,30,4,0
VT39|||Taylor~1|46076|75196|347|NW/SE,610,30,4,0
VT42|||Two Tails~1|45126|73929|230|12,518,46,4,0
VT43|||Onyon~1|30192|73471|130|12,610,30,4,0
VT44|||Perras~a|45267|74185|250|16,671,18,4,0
VT45|||Davis Private~1|45173|70207|195|NE/SW,457,152,4,0
VT46|||Northern Lights~1|48720|67135|40|03,610,24,4,0
VT47|||Miller Farm~9|27786|74722|87|18,549,30,4,0
VT52|||Shaw Meadow~1|46434|68124|70|01,655,46,4,0
VT53|||Bailey~1|41178|66225|43|08,427,15,4,0;02,293,15,4,0
VT59|||Ardell Flying~a|32778|70892|585|18,579,53,4,0
VT62|||Catamount~9|43904|76494|411|04,424,12,4,0
VT64|||Mountain View~h|45153|73588|366|02,457,18,4,0
VT72|||Villeneuve~a|45157|70455|204|7,642,15,5,1
VT73|||Melrose Springs~9|39449|66832|91|05,518,15,4,0
VT8|||Shelburne~1|43595|67738|99|01,938,18,4,0
W57|||Round Lake Airport and~7|29292|62296|53|14W/32W,1219,183,12,0;14,587,23,4,0
#US|W
02NH|||Iroquois Landing~7|46571|87809|360|18W/36W,914,91,12,0;H1,6,6,4,0
07NH|||Diving Rock~7|31756|79361|428|05W/23W,762,61,12,0;17W/35W,762,61,12,0
08CT|||Seavair's Landing~7|18960|69069|269|01,1433,427,12,0
0ME7|||Sebago Lake Basin~7|38397|95380|81|17W/35W,1219,122,12,0
0PN1|||Pete's Water Landing~7|6994|3811|231|06,2286,244,12,0
10MA|||Beaver Lake~7|22626|76930|117|01,1219,244,12,0
16NH|||Bossey's~7|36042|84875|190|15W/33W,1128,107,12,0;18W/36W,1006,107,12,0
27MA|||Wamsetto~7|18206|88853||02,1067,23,12,0
29VT|||Middle Hero~7|47564|67333|32|02W/20W,3048,610,12,0;15W/33W,3048,610,12,0
2MA6|||Flynns Noquochoke~7|15936|89347||01,610,46,12,0;06,610,46,12,0
2MA7|||Falls Pond~7|19584|86736|53|02,914,46,12,0
2N7|||Little Ferry~7|8501|59671||01,1676,46,12,0
2VT2|||Northern Lights~7|48728|67183|29|04W/22W,3048,30,12,0
35NH|||Cobbetts Pond~7|28069|87241|54|06W/24W,457,30,12,0,,253
36VT|||North Hero Passage~7|48547|67144|31|01W/19W,762,30,12,0
3ME8|||Mast Cove~7|39950|93587|81|15W/33W,1524,152,12,0
48NH|||Winter Harbor~7|35939|87386|154|03W/21W,1524,152,12,0;12W/30W,1524,152,12,0;15W/33W,1524,152,12,0
48VT|||Cub Cove~7|45535|67685|29|05W/23W,1219,91,12,0
4ME4|||Lovewell Pond~7|40068|90664|119|18W/36W,3048,152,12,0
4NY2|||Edo~7|7834|61338||NE/SW,3048,152,12,0,,,-191,-113,,,2019,1927;SE/NW,3048,152,12,0,,,535,288,,,-1927,1753;S/N,1524,152,12,0,,,931,466,,,-435,459
52NH|||Baboosic Lake~7|28797|84236|69|2W/20W,1699,30,12,0
53NH|||Meredith Bay~7|36517|85174|153|10W/28W,914,30,12,0
5MA8|||South Pond~7|20087|72374|69|03,1219,183,12,0
5ME|||Brandy Pond~7|39546|94089|81|17W/35W,2195,183,12,0
60B|||Moose River~7|56334|97338|353|09,1676,61,12,0;01,1219,1219,12,0
68JY|||Hancock Pond~7|39317|92433|152|ALL/WAY,3048,305,12,0
6MA0|||Lake Gardner~7|28615|90566|27|17,914,61,12,0
6MA8|||Acushnet River~7|16473|90825||02,1067,61,12,0;16,1067,61,12,0
6MA9|||Cuttyhunk Harbor~7|14232|90727|0|03,762,30,12,0;09,762,30,12,0
6N6|||Evers~7|8459|61838||ALL/WAY,1524,122,12,0,,,529,785,,,-801,1192
6N7||NYS|New York Skyports Inc~7|7351|60272||S/N,3048,305,12,0,,,-1474,264,,,1202,654
6NJ7|||Greenwood Lake~7|11801|56657|194|03,1524,152,12,0
6NY6|||Firemans White Lake~7|16843|51684|403|16,1372,152,12,0;01,1067,152,12,0;12,610,152,12,0
70ME|||SWN Pond Splash in Go~7|35205|93513|97|5W/23W,1219,152,12,0
72NH|||Barndoor Island~7|35539|87677|154|11W/29W,1245,152,12,0
76B|||Long Lake~7|39869|93814|82|16W/34W,4572,1207,12,0,134,,1425,-2046,82,,-1422,2071,82
77ME|||Long Pond~7|44334|97838|144|18,1219,91,12,0
7MA2|||Craig Cove~7|17806|90528|16|03W/21W,1219,46,12,0;16W/34W,640,46,12,0
7N3|||Sands Point~7|8376|62838||01,1829,91,12,0;12,1829,91,12,0
83NH|||Pier 19~7|36542|87119|152|13W/31W,1563,46,12,0
94D|||Wells~7|28498|60952|64|NE/SW,1524,183,12,0
B18|||Alton Bay Seaplane Base & Ice Runway|34776|87630|154|01,792,30,12,0
CT16|||Fetske~7|13751|76255||18,1524,61,12,0
CT78|||Lord Creek~7|13515|76449||15,884,30,12,0
CT82|||Quaddick Lake~7|19584|81833|123|N/S,1219,610,12,0
CT87|||Bootlegger's~7|19984|73941|11|02,1524,152,12,0
H11|||Sunbury~7|9131|32670|131|07,1524,76,12,0
JY35|||Allen's~7|335|59421||17W/35W,1067,43,12,0
K03|||Long Lake Sagamore Seaplane Base & Marina|39696|55721|497|ALL/WAY,4572,610,12,0
K21||RSX|Rouses Point~7|49917|66369|29|ALL/WAY,2408,152,12,0
M57|||Rangeley Lake~7|49533|93369|463|06,2134,305,12,0,,,-510,-1110,,,510,1120
MA25|||Long Pond~7|17321|99389|9|09,1829,305,12,0;12,1829,305,12,0;04,1524,305,12,0
MA40|||Diesel Dogs~7|25434|80316|99|11W/29W,1219,46,12,0;15W/33W,1219,46,12,0;09W/27W,914,46,12,0
MA6|||Monponsett Pond~7|20098|91569|16|17,1402,152,12,0;10,975,91,12,0
MA65|||Island Air Service~7|17718|91269|16|N/S,1524,152,12,0;E/W,1219,152,12,0
MA74|||Larson's~7|26915|85819|27|13W/31W,762,122,12,0
MA78|||Russell Mill Pond~7|19179|93722|17|09,853,122,12,0
MA82|||Westport~7|16493|88741|40|ALL/WAY,1524,61,12,0
ME01|||Crescent Lake~7|39570|95374|85|01,3048,305,12,0
ME09|||Panther Pond~7|39301|95469|84|01,2499,305,12,0;13,2134,914,12,0
ME11|||Cooper~7|43423|97122|114|16W/34W,1219,152,12,0;05W/23W,914,152,12,0
ME12|||Brettuns Pond~7|43878|97455|122|17W/35W,1067,213,12,0;04W/22W,914,61,12,0
ME28|||Forest Lake~7|38237|96699|84|04W/22W,1646,183,12,0;09W/27W,945,91,12,0;14W/32W,869,61,12,0
ME51|||Douglass~7|37370|93894|82|14,2134,152,12,0
ME57|||Bauneg Beg~7|33590|92647|93|03W/21W,1524,91,12,0
ME80|||Dry Pond~7|39339|96436|94|01,1067,305,12,0
ME84|||Perrys Landing~7|47581|91493|442|18W/36W,1531,30,12,0
ME90|||Little Ossipee Lake~7|36131|93036|95|14,2438,122,12,0
NH30|||Avery Point~1|36755|85972|154|18W/36W,762,30,12,0;H1,9,9,2,0
NH68|||Merrymeeting Lake~7|34800|88298|197|13W/31W,1219,76,12,0
NJ00|||Ridgefield Park~7|8459|59713||01,1676,46,12,0
NK0|||Maus Marineland~7|28103|36892|263|14,4572,1219,12,0
NK13|||Snyder's Lake~7|26584|63615|149|07,914,46,12,0
NK15|||Seventh Lake~7|37428|52381|544|04W/22W,2134,152,12,0
NK30|||Private Sealanes-Jamaica Bay~7|6053|60977||08W/26W,1524,152,12,0;17W/35W,1524,152,12,0
NY61|||Eagle Nest~7|38298|55046|546|E/W,3048,213,12,0
NY83|||Essex Boatworks~7|43001|66504|29|ALL/WAY,4572,1219,12,0
NY9|||Long Lake /Helms~7|39751|55796|497|NE/SW,4572,457,12,0
PA15|||Couillard~7|7750|48586|64|10,914,61,12,0
PA86|||Rivers Bluff~7|16835|37249|198|1W/19W,1524,76,12,0
PN19|||Hunts Cove~7|11459|3127|256|02,2286,152,12,0;16,1981,152,12,0
PN24|||Snider~7|6834|3336|230|12,2743,91,12,0;04,2408,91,12,0
PN65|||Deer Lakes~7|6392|3064|227|02,2438,46,12,0
RI06|||Tiverton~7|16482|88461|62|03,1372,366,12,0
RI28|||Plouffe Landing~7|18753|84097|100|13W/31W,1524,30,12,0;06W/24W,945,30,12,0;16W/34W,671,30,12,0
US-0370||BNH|Cape Air Seaplanes on Boston Harbor~7|23525|89742
US-12748|||Berry Pond~7|37592|86060|171|2W/20W,793,15,12,0
US-7145|||Kevins Seaport~7|22744|74003|31|17W/35W,1611,122,12,0,,,,,31,,,,30
US-8429|||Pleasant View~7|29193|89367|36|5W/23W,640,76,12,0
VT57|||Malletts Head~7|45606|67596|29|12,914,610,12,0
VT58|||Stave Island~7|45959|66524|29|09,914,610,12,0
