#CA|H
CYAW|1||CFB Shearwater~2|46368|64979|44|16,2743,61,1,2,139,,1260,-360,41,,-600,1920,36;10,1735,61,1,3,84.8,,210,-1400,51,,320,770,40;16H/34H,1067,34,1,1
#CA|L
CYHZ|1|YHZ|Halifax / Stanfield~3|48808|64914|145|05,3200,61,1,1,35,,-1220,-1640,137,,750,300,135,110;14,2347,61,1,1,126,,1280,-970,133,,30,1440,145
#CA|M
CYBC|1|YBC|Baie-Comeau~1|91325|17956|22|10,1829,46,1,1,80.5,,-160,-1520,21,,110,960,20
CYCH|1|YCH|Miramichi~1|70078|45508|33|09,3050,46,1,1,72,,-250,-1120,33,,250,1130,26;10,2286,46,1,2,79,,0,-2020,32,,390,920,26;15,1680,46,1,2,134.4,,190,-390,33,,-860,1200,21;04,1585,46,1,2,20.3,,-780,420,21,,550,1140,27
CYCL|1|YCL|Charlo~1|79908|36697|40|12,1829,46,1,1,105,,170,-1300,40,,-250,1090,35
CYFC|1|YFC|Fredericton~3|58687|34701|21|09,2440,61,1,1,70.7,,-570,-2240,20,,160,740,17;15,1829,45,1,1,131,,570,-950,16,,-510,820,17
CYFE|1|YFE|Forestville~1|87461|9028|89|09,1524,30,1,1,70.4,,-230,-980,,,230,970
CYGP|1|YGP|Michel-Pouliot Gaspé~1|87749|55181|34|10,1673,46,1,1,84,,-66,-1114,33,,90,1149,27
CYGR|1|YGR|Îles-de-la-Madeleine~1|74252|82214|11|07,1372,46,1,1,53,,-460,-930,7,,290,510,4;16,1097,46,1,1,138.7,,420,-720,3,,-330,250,11
CYID|1|YDG|Digby / Annapolis~4|45458|42146|152|06,1204,23,1,1,42.7,,-390,-550,140,,410,480,152
CYME|1|YME|Matane~1|88569|25467|31|09,1676,46,1,1,71.3,,-300,-910,27,,180,1250,31
CYPD|1|YPS|Port Hawkesbury~1|56567|86319|115|11,1524,46,1,1,90,,-20,-1000,102,,-20,950,114
CYPN|1|YPN|Port-Menier~1|98364|57114|51|11,1489,46,1,1,90,,0,-1030,48,,0,1030,48
CYQI|1|YQI|Yarmouth~1|38269|39119|43|06,1829,46,1,1,42.1,,-940,-940,41,,280,590,34;15,1524,46,1,1,133.2,,1030,-500,37,,90,890,31
CYQM|1|YQM|Greater Moncton Roméo LeBlanc~3|61132|53228|71|06,3048,61,1,1,44,,-721,-1711,68,,1300,954,61;11,2438,61,1,1,89,,-636,-1716,68,,-540,1435,67
CYQY|1|YQY|Sydney / J.A. Douglas McCurdy~1|61611|99502|62|06,2155,61,1,1,46,,-730,-1140,59,,610,870,59;18,1828,46,1,1,164.9,,780,760,58,,-860,1400,57
CYRI|1|YRI|Rivière-du-Loup~1|77644|4153|130|05,1829,46,1,1,33,,-690,-700,128,,700,660,130
CYSJ|1|YSJ|Saint John~1|53161|41097|109|05,2134,61,1,1,30,,-1360,-390,90,,310,970,93;14,1554,61,1,1,121.2,,1330,-970,109,,610,720,96
CYSL|1|YSL|Saint-Léonard~1|71571|21638|242|18,1219,30,1,1,156.2,,520,-330,236,,-480,310,240
CYSU|1|YSU|Summerside~1|64406|61664|17|05,2438,61,1,1,36,,-920,-920,15,,860,940,10;18,1664,46,1,2,157.5,,270,-750,,,-1120,80;12,1615,46,1,2,94.6,,360,-750,13,,250,1280,20
CYVB|1|YVB|Bonaventure~1|80711|45397|37|13,1824,46,1,1,115,,340,-1100,37,,-350,1120,30
CYXK|1|YXK|Rimouski~1|84776|15037|25|07,1402,46,1,1,48.5,,-370,-760,23,,460,660,22
CYYG|1|YYG|Charlottetown~1|62889|68748|49|03,2134,46,1,1,9.3,,-920,-230,47,,970,210,49;10,2134,46,1,1,78.9,,500,-380,48,,760,1570,48
CYYY|1|YYY|Mont Joli~1|86086|17919|52|06,1829,46,1,1,39,,-500,-830,43,152,780,730,38;15,1199,46,1,1,133,,-40,-770,40,,-780,420,52,70
CYZX|1|YZX|CFB Greenwood|49844|50831|28|08,2438,61,1,1,64,,-330,-1560,26,,630,1220,26;12,2438,61,1,1,107,,-80,-1450,25,,-720,1520,28
CZBF|1|ZBF|Bathurst~1|76297|42611|59|10,1711,30,1,1,82,,-90,-910,59,,80,900,54
#CA|S
CA-0393|||Upper Kent~1|65871|22804|75|01,427,21,4,0
CA-0443|||Brier Island~6|42570|36406||03,838,12,0,0,26
CA-0526|||Rivière-aux-Saumons~e|94014|77047|112|10,1641,24,5,0,,,,,120,,,,120
CCA3|||Cable Head~j|64448|74060|29|14,1097,30,4,0;08,732,30,4,0
CCD3|||Woodstock~1|61521|24549|147|13,914,23,4,0
CCE3|||Juniper~1|65628|28317|255|02,1226,16,1,0,357,,-560,30,255,,540,-50,255
CCF4|||Porters Lake~1|47100|67003|6|15,732,30,4,0
CCF9|||Scottsfield~j|59603|29047|183|05,732,30,4,0
CCG3|||Weyman~j|60375|31411|43|05,914,24,5,0
CCG4|||Moncton / McEwen~1|61539|52314|65|08,914,24,1,0,58,,-220,-500,,120,220,500
CCJ3|||Boston Brook~1|74486|23754|292|02,1219,18,5,0,,,,,287,,,,292
CCK3|||Grand Falls~1|70758|23147|217|16,914,23,4,0
CCM3|||Sevogle~1|71902|38419|411|16,945,18,5,0
CCN2|||Grand Manan~1|47133|32036|73|06,914,23,1,1,42,,-300,-390,73,,310,390,67
CCQ3|||Debert~1|54186|65394|43|09,1524,46,1,1,75.5,,-473,-997,43,,-73,860,43;16,1524,46,1,0,139,,670,-970,40,152,-360,310,41;05,914,46,1,0,27,,-120,-640,41,,610,-110,41
CCR3|||Florenceville~1|64261|23719|155|18,1646,30,1,1,159,,700,-370,154,,-690,400,138
CCS3|||Saint Stephen~1|52075|27494|29|14,914,23,1,1,119.9,,190,-500,30,,-220,530,30
CCS4|||Chipman~1|61486|40958|20|09,1226,15,1,0,72,,-170,-750,18,,170,760,20
CCS5|||Havelock~1|59864|46981|130|11,872,72,4,0;07,637,79,4,0
CCW3|||Waterville / Kings County~5|50519|53483|36|10,1067,23,1,1,77,,-80,-690,36,,140,640,32
CCW4|||Stanley~1|51006|60794|29|02,762,30,4,0,20,,-330,-160,,,320,170;09,732,30,0,0,69.9,,-120,-440,,,110,420;15,488,46,4,0,129.8,,380,-270,,,110,200
CCX3|||Brockway~1|55667|29000|91|04,1219,23,5,0
CCY3|||Sussex~1|56900|44600|142|04,914,18,5,0
CCZ4|||Margaree~1|63404|90195|55|01,762,23,1,0
CCZ5|||Thorburn~1|55611|74044|37|05,610,12,5,0
CDA4|||Pokemouche~1|77164|51175|21|12,914,23,1,1,105,,110,-580,21,,-110,590,21
CDA6|||Bristol~1|64594|24353|175|11,506,15,4,0
CDC4|||Saint-Quentin~1|75211|25789|267|11,914,30,4,0
CDH3|||Finlay Air Park|39592|40016|44|16,457,21,4,0
CDJ4|||Clearwater~1|67133|31717|405|14,1213,18,1,0,116,,230,-720,396,,-240,710,396
CDL8|||Centredale~1|54094|73816|181|12,549,18,4,0
CDT5|||Bouctouche~1|65094|53061|17|09,1531,23,1,0,73.1,,-200,-940,17,,200,960,8
CDU6|||Doaktown~1|65525|39061|99|11,1218,15,1,0,95,,40,-790,96,,-50,790,99
CDV2|||Downs Gulch~1|77536|25739|269|05,1220,14,1,0,31.9,,-470,-420,261,,460,440,269
CDY6|||Dayspring~j|43819|55433|46|15,527,9,1,0
CFH4|||Fox Harbour~1|58700|65389|19|15,1489,23,1,0,126,,390,-780,16,,-390,770,19
CGR7|||Graham~a|63917|22746|137|12,914,18,1,0
CHL2|||Hillaton/Kings~e|51442|55771|27|11,936,23,4,0,,,-11,-384,,,3,262;18,640,23,4,0,,,156,-497,,,-434,-216
CRB5|||Rivière Bell~e|90789|77631|27|11,1685,24,5,0,,,,,29,,,,29;12,1684,31,5,0,,,,,29
CSB5|||Shediac Bridge~1|62547|54233|8|09,838,46,4,0
CSL9|||Baie-Comeau (Manic 1)~1|91844|16375|76|05,884,23,8,0
CTF3|||Causapscal~1|83119|27499|104|03,914,23,5,0
CTG3|||Du Rocher-Percé (Pabok)~1|83838|54373|27|08,1519,30,1,1,65,,-280,-920,19,,180,570,25
CTH3|||Grandes-Bergeronnes~1|82322|4572|21|10,457,15,1,0
CYAU|1||Liverpool South Shore~4|42303|51439|98|07,1200,23,1,1,53.9,,-320,-610,97,,320,610,96
CYES|||Edmundston~1|74872|15223|149|16,1371,23,1,1,140,,810,-1010,,,-140,160
CYSZ|||Sainte-Anne-des-Monts~e|91203|34708|22|14,1212,27,1,1,120,,250,-720,12,,-310,730,22,90
CYTN|||Trenton~1|56119|73789|97|06,1639,44,1,1,46,,-480,-700,95,,470,700,77;10,671,18,1,0,81.8,,-190,-650,96,,-100,200,93
#US|M
KAUG|1|AUG|Augusta State~1|43206|2027|107|17,1525,30,1,1,153.2,,710,-640,95,,-520,230,106;08,796,23,1,1,62,,-330,-80,107,,10,830,107
KBGR|1|BGR|Bangor~3|48064|11733|59|15,3487,61,1,1,134,,1200,-1720,59,,-990,1440,50
KBHB|1|BHB|Hancock County-Bar Harbor~1|44500|16385|25|04,1585,30,1,1,24.5,,-610,-580,21,,680,250,21;11,1097,46,4,2,87.8,,-360,-790,,,-320,580;17,1025,23,1,0,150.8,,270,-100,24,208,-530,530,13
KBXM|1|NHZ|Brunswick Executive~1|38922|614|22|01L,2438,61,1,3,355,,-1100,-10,20,,1090,-290,23;01R,2438,61,1,1,354.9,,-1080,250,19,,1110,-20,23;09,1829,30,1,2
KCAR|1|CAR|Caribou~5|68715|19821|191|01,1220,30,1,1,347.3,,-330,300,187,,740,-60,188;11,919,23,1,1,86,,-270,-830,189,,-230,380,189
KHUL|1|HUL|Houlton~3|61231|22079|149|05,1529,30,1,1,31.1,,-590,-510,147,,580,520,149;01,823,18,1,0,352,,-560,60,150,,800,-210,146
KPQI|1|PQI|Presque Isle~3|66890|19552|163|01,2268,46,1,1,346.4,,-780,-80,138,,1200,-810,163;10,1829,30,1,1,76,,-470,-600,144,,-60,1710,144
KRKD|1|RKD|Knox County~4|40601|9008|17|13,1650,30,1,1,111,,140,-920,14,,-350,860,17;03,1219,30,1,1,13,,-380,-150,15,,660,200,17
#US|S
04ME|||Beech Hill~1|46667|1061|191|15,594,37,4,0
07B|||Blue Hill~1|44480|14303|110|16,971,30,4,0,,,380,-310,111,,-380,310,98
08B|||Merrymeeting~a|40000|1129|20|14,590,30,4,1,,,170,-290,17,127,-170,280,17,44
0B2|||Brewer~1|47637|12322|38|01,527,9,4,0,348,,-220,70,,,250,-70
0ME4|||Peasley~a|47425|15256|83|16,610,34,4,0
12ME|||Ridgeview~1|43223|7927|73|15,457,15,4,0
13ME|||Socatean Bay~1|57764|1907|359|09,640,30,1,0,,,-70,-400,359,,70,400,353
17ME|||Bresett's Mountainside~1|72014|20076|180|13,488,24,4,0
18ME|||Ruby~1|38937|5048|66|17,427,15,4,0,,287
35ME|||Matinicus Island~1|38713|11065|5|18,501,9,5,0
44B|||Charles A. Chase Jr. Memorial~a|51775|7553|158|09,892,23,4,0,,,-40,-560,146,,30,570,158
56ME|||Russell~a|66264|21561|228|16,671,61,4,0,,,308,-224,224,,-240,143,228
57B|||Islesboro~1|43025|10894|28|01,732,15,1,0,,271,-330,100,22,76,320,-100,27,150;20EXIT/200IN,12,12,1,0
63ME|||Milo~a|52392|10385|89|10,559,46,4,0
65B|||Lubec~5|48366|29730|26|08,617,30,4,1,,321,-170,-310,25,,160,320,25
66B|||Gillespie~a|50296|26340|61|16,498,15,4,0
7ME7|||Stevens~a|52114|8455|128|16/32,549,46,4,0
81ME|||French~a|46199|14054|103|15,508,12,1,0
84ME|||Cowboys Air~b|55519|22539|154|18,640,30,4,0,,,267,2,154,,-174,8,149
93B|||Stonington~5|41732|13197|9|07,640,18,1,0,,,-180,-310,10,,180,320,8
K1B0|||Dexter~4|50041|7630|162|16,917,23,1,1,139,,360,-330,157,,-270,420,158;07,381,37,6,0,48.5,,-270,-490,162,,10,-50,158
K2B7|||Pittsfield~5|47685|6256|60|01,1219,30,1,1,347,,-530,170,53,,540,-170,60
K3B1|||Greenville~5|54630|4484|427|14,1219,23,1,1,117,,210,-600,420,,-300,780,417;03,915,23,1,0,8.3,,-340,-210,419,,470,-20,426
K43B|||Deblois Flight Strip|47264|20093|66|15,1372,23,1,0,135,,340,-480,66,,-340,480,64
KBST|||Belfast~5|44094|9881|60|15,1219,30,1,1,134,,380,-550,60,,-380,560,48;10,914,46,1,2,82.2,,-250,-750,,,-130,380
KCQX|||Chatham~5|16884|105|21|06,915,30,1,1,43.8,,-300,-380,16,,300,380,20
KEPM|||Eastport~5|49101|29873|14|14,1220,23,1,1,127,,330,-620,11,,-320,620,14
KFVE|1|WFK|Northern Aroostook~4|72855|16872|301|14,1402,23,1,1,116.2,,270,-830,297,,-270,840,301
KIWI|1|ISS|Wiscasset~1|39614|2874|21|07,1035,23,1,1,51.4,,-290,-500,21,,290,510,17
KLRG|||Lincoln~4|53622|14653|63|17,855,23,1,1,147,,320,-300,60,,-330,290,63;06W/24W,732,30,12,0
KMLT|1|MLT|Millinocket~5|56478|13144|124|11,1437,30,1,1,90.4,,160,-720,122,,150,1120,120;16,1219,30,1,0,139,,240,-740,122,,-590,290,116
KMVM|||Machias Valley~1|47031|25214|29|18,878,18,1,1,157.3,,370,-220,29,,-370,220,21
KOLD|1|OLD|Dewitt Field - Old Town~5|49528|13257|38|17W/35W,2560,30,12,0;12,1220,23,1,1,97,,90,-850,38,,-40,690,36;04,854,23,1,1,22,,-500,-140,38,,310,330,36
KOWK|1|OWK|Central Maine/Norridgewock~1|47155|1335|82|15,1219,30,1,1,129.3,,470,-490,80,,-230,700,78;03,1219,24,1,0,9.3,,-660,-230,81,,420,30,81
KPNN|1|PNN|Princeton~5|52007|24356|81|15,1221,23,1,1,132.3,,340,-900,80,,-400,240,72;06,1219,46,1,2,38,,-400,-150,73,,450,810,76
KWVL|1|WVL|Waterville Robert Lafleur~1|45332|3245|101|05,1676,30,1,1,30.7,,-670,-510,82,,660,500,101;14,701,18,1,1,125.3,,210,-340,94,,-150,380,91
ME00|||Fort Fairfield~5|67644|21526|144|08,549,12,1,0
ME03|||Webber Jones~1|53362|9491|122|01,762,12,5,0
ME05|||Allen St Peter~i|67500|15288|244|N/S,549,30,4,0
ME06|||Flying Ed~1|50279|26906|134|15,579,9,4,0;02,183,9,4,0
ME08|||Gadabout Gaddis~1|50408|1304|104|NW/SE,610,61,4,0
ME14|||Bald Mountain~1|42306|8769|174|04,549,46,4,0;13,213,46,4,0
ME16||LIZ|Loring~3|69504|21141|227|01,3688,91,1,3,347,,-1610,610,227,,1620,-500,227
ME2|||Cutler~4|46799|27356|17|09,899,12,5,0,,,-160,-510,,,150,540
ME20|||Bob-Mar~1|45992|3761|94|18,427,23,4,0
ME22|||Avery~a|56712|1928|326|11,610,30,4,0
ME25|||Sunrise Farms~1|71665|16072|195|15,914,23,4,0
ME32|||Ruby~a|50892|7394|152|10,579,23,4,0;13,457,23,4,0
ME34|||Robinson Ridge~a|41759|5714|76|N/S,914,30,4,0
ME35|||Terra B & B~1|49315|9927|116|01,792,30,4,0
ME47|||Payne~a|48545|5436|107|01,701,30,4,0
ME5|||Banks~1|41654|15722|30|10,457,9,5,0,,,-40,-310,,,40,240
ME55|||Vinalhaven~1|40732|11807|22|NE/SW,460,18,5,0
ME60|||Sunny Hill~1|44684|1822|119|13,549,76,4,0
ME62|||Thompson Memorial~a|48094|5296|119|N/S,762,30,4,0
ME67|||Morrill~j|71275|20341|262|15,792,24,4,0
ME68|||Newport Sky Park~1|48201|7616|91|01,975,46,4,0
ME70|||Greenfield Hill~1|50383|5192|205|18,488,12,4,0
ME74|||Miller's~a|47495|10186|49|18,732,15,4,0
ME79|||Two Falls~1|53056|6533|112|13W/31W,1524,152,12,0;13,975,14,5,0
ME88|||Morrison's~1|49917|29256|61|09,610,23,4,0
US-0744|||Fort Kent~5|72042|14208|216|18,652,27,4,0
US-1909|||Estcourt~1|74447|8453|220|9,1048,15,1,0
US-8194|||Red Pine Grove~1|65971|2101|320|2,970,15,1,0
#US|W
01ME|||Saint Peter's~7|67789|14997|185|02,1524,152,12,0;15,1524,152,12,0
03M|||Lakeside Lodge and Marina~7|43209|1105|50|02,1158,61,12,0
05B|||Van Buren~7|71589|20680|134|NW/SE,1219,61,12,0
06B|||Lucky Landing Marina and~7|49070|11950|35|02,4572,1219,12,0
1ME|||Chesuncook Lake House~7|60609|5906|287|ALL/WAY,4572,335,12,0
21M|||Currier's~7|54625|3805|313|18W/36W,3048,914,12,0
27ME|||Pleasant Pond~7|41333|1104|40|1W/19W,1524,152,12,0
29ME|||Teconnet~7|44480|4697|59|03W/21W,1524,61,12,0,,291
36ME|||Camden~7|42582|8756|42|17W/35W,989,30,12,0
39B|||Nugent Chamberlain Lake~7|62167|7505|288|13W/31W,4572,335,12,0
42ME|||Waters World~7|45375|1005|72|2W/20W,933,76,12,0
4ME7|||Big Indian~7|49378|6157|81|5W/23W,3048,152,12,0
52B|||Greenville~7|54612|4022|313|14,1829,366,12,0,122,,1900,-1870,,,1020,120;18,1524,305,12,0,162,,1850,-580,,,550,20
70B|||Millinocket~7|57284|11555|150|ALL/WAY,1219,152,12,0
74ME|||Labrador Landing~7|40652|4665|16|04W/22W,1067,61,12,0,,310,,,,,,,,65
75B|||Seven G S~7|44917|88|100|04,762,61,12,0
78B|||Buckhorn Camps~7|56542|10505|152|NW/SE,1219,152,12,0;E/W,914,152,12,0
83B|||Presque Isle~7|67075|19389|152|01,1829,91,12,0
85B|||Shin Pond~7|61042|14380|238|02,1829,61,12,0
86ME|||Cathance Landing~7|40065|1048|0|2W/20W,790,30,12,0
87B|||Portage Lake Municipal~7|67603|15192|185|02,1524,152,12,0;15,1524,152,12,0
92B|||Long Lake~7|71931|17686|177|15,7620,1219,12,0;07,4816,805,12,0
9B7|||Hamlin's Marina &~7|48515|7408|61|3W/21W,2132,305,12,0
M00|||Augusta~7|42676|2183|7|13W/31W,762,30,12,0
ME04|||Ilco Landing Area~7|66095|4694|314|10,792,152,12,0
ME07|||Acadian~7|43980|17804|0|16W/34W,3048,610,12,0
ME27|||Double A~7|49009|11977|35|17,3048,61,12,0;09,1524,61,12,0
ME3|||Bradford Camps~7|63958|9950|248|16W/34W,4572,457,12,0
ME30|||Greenville Forestry~7|54668|4005|313|NW/SE,1829,366,12,0;N/S,1524,305,12,0
ME85|||Riverside~7|51834|7644|104|09,1097,91,12,0
ME86|||Libby Camps~7|63083|11564|230|09,7925,914,12,0
US-12683|||Larry's Cove~7|41829|324|53|2W/20W,1219,61,12,0
