#CA|H
CBC7|||Harbour (Public)~2|92869|68939|1
CBF7|||Victoria Harbour (Camel Point)~2|84181|66120|5
CDH5|||Nanaimo Harbour~2|91608|60768|4
#CA|L
CYVR|1|YVR|Vancouver~3|91939|68160|4|08R,3505,61,1,1,100.3,,-380,-2400,3,212,-950,2300,2;08L,3030,61,2,1,100,,1110,-1700,4,,670,2400,3;13,2225,61,2,1,142,,600,-1700,2,,-970,200,2;XX/26A,1067,23,2,2,99.8,,-810,-1800,2,,-970,-400,2
CYYJ|1|YYJ|Victoria~3|86472|65722|19|09,2134,61,1,1,105,,380,-1220,16,,-120,1580,17;03,1532,61,1,1,43.9,,-530,-620,16,428,470,880,16,270;14,1524,61,1,1,151.9,,530,-520,19,130,-660,480,13
#CA|M
CAT4||XQU|Qualicum Beach~1|93375|56069|58|11,1087,23,1,1,126.8,,280,-690,58,152,-310,510,52,69
CYAZ|1|YAZ|Tofino / Long Beach~1|90798|42244|24|16,1524,30,2,0,175,,960,-540,24,61,-400,-340,24,265;07,1524,46,2,0,90,,-390,-540,23,219,-390,1560,24,107;11,1523,30,2,0,126,,270,-740,24,152,-540,960,23
CYBL|1|YBL|Campbell River~1|99508|47290|105|12,1981,46,1,1,137,,754,-1181,105,,-506,770,91
CYCD|1|YCD|Nanaimo~1|90550|61301|28|16,2012,46,1,1,181,,420,-10,23,60,-950,-10,28,305
CYNJ|1|YLY|Langley~1|91008|73690|10|07,836,23,1,0,,,,,,198,,,,103;01,640,23,1,1,,,,,10,30,,,10,30
CYPK|1||Pitt Meadows~4|92149|72907|3|08R,1525,30,1,1,96,,10,-1270,3,60,-130,730,3,50;08L,757,23,1,0,95,,430,-570,3,,370,430,3;18,757,23,1,1,202,,440,330,3,,-180,30,3
CYPW|1|YPW|Powell River~1|98342|55000|130|09,1106,46,1,1,119,,50,-600,112,,-181,682,130
CYQQ|1|YQQ|Comox Valley International Airport / CFB Comox|97108|51130|26|12,3048,61,1,1,135,,990,-1500,23,,-960,1500,26;18,1524,61,1,1,202.7,,930,-600,23,,-320,-1400,18
CYXX|1|YXX|Abbotsford~3|90253|76390|59|07,2926,61,1,1,86.7,,-640,-1900,51,,-490,2100,59,90;01,1624,61,1,1,25.4,,-670,-1800,51,,610,-900,55;01L,457,30,4,2,27,,80,-1300,,,440,-1000
CZBB|1|YDT|Boundary Bay~1|90743|69931|2|07,1709,30,1,1,90,,380,-1310,2,,360,1090,2,183;13,1708,30,1,1,144,,390,-1210,2,,-440,-310,2;03,1483,23,1,2,50.1,,-760,-10,,,380,1090
#CA|S
CAH3||YCA|Courtenay~j|96792|50194|8|13,549,18,1,0
CAK3|||Delta Heritage Air Park|90774|70590|3|07,792,23,4,0
CAM3||DUQ|Duncan~1|87545|62903|91|13,463,9,1,1
CAP3||YHS|Sechelt-Gibsons~1|94606|62810|104|12,989,23,1,1
CBQ2|||Fort Langley~1|91675|74450|9|08,549,30,3,0
CBS8||YPB|Alberni Valley~4|93219|50690|76|12,1205,23,1,0,135.3,,400,-600,75,,-370,600,70
CYCW|1|YCW|Chilliwack~1|91532|80607|10|07,1216,23,1,1,81.3,,-130,-770,9,,40,830,9
CYDC|||Princeton~1|94681|94890|700|04,1198,23,1,0,50,,-410,-700,700,,290,500,697
CYGB|1|YGB|Texada Gillies Bay~1|96943|54819|99|14,914,23,1,0,158,,320,-190,,,-430,310
CYHE|1|YHE|Hope Airport / FVRD Regional~j|93689|85050|39|07,1207,76,4,0
CYSE|1|YSE|Squamish~1|97817|68380|52|14,732,23,1,0
#CA|W
CA-0732|||Poise Cove Waterdrome|94906|62479
CA-0923||YMF|Montague Harbour~7|88922|66078
CAB3||YBW|Bedwell Harbour~7|87500|67670
CAB4||YTP|Tofino Harbour~7|91550|40900
CAC8||ZNA|Nanaimo Harbour Water~e|91698|60662
CAE9||YBF|Bamfield~7|88360|48625
CAG8||YPT|Pender Harbour~7|96238|59751
CAJ8|||Pitt Meadows~7|92092|72904|2
CAL9||ZTS|Tahsis~7|99200|33450|0
CAM9|||Vancouver International~7|91770|68318|0
CAN3|||Ucluelet~7|89500|44500
CAP5|||Victoria Airport Water~e|86539|65495
CAP8|||Port Washington~7|88120|66790
CAQ8||WPL|Powell Lake~7|98873|54663|53
CAW7||YAV|Mayne Island~7|88522|66980
CAX3|||Sechelt/Porpoise Bay Water~e|94830|62423
CAX6||YGG|Ganges~7|88545|65031|0
CCX6|||Comox~7|96706|50670|0
CPW9|||Port Alberni~7|92319|51850
CYHC|1|CXH|Vancouver Harbour Water~e|92907|68815
CYWH|1|YWH|Victoria Harbour~7|84238|66280
SYF||SYF|Silva Bay~7|91510|63020
XBB||XBB|Blubber Bay~7|97940|53789|0
YAJ||YAJ|Lyall Harbour~7|87953|68182
YAQ||YAQ|Maple Bay~7|88167|63916
YBQ||YBQ|Telegraph Harbour~7|89700|63360
#US|L
KPDX|1|PDX|Portland~3|55887|74020|9|10R,3353,46,1,1,119,,645,-2351,7,,-819,1410,7;10L,2995,46,1,1,119,,784,-206,9,393,-527,3156,9,165;3,1829,46,1,1,45,,-630,-1886,7,,536,-226,8
KSEA|1|SEA|Seattle–Tacoma~3|74479|76897|132|16L,3627,46,1,1,180,,1590,230,132,,-1670,230,106;16C,2873,46,1,1,180,,1590,-70,131,,-990,-70,111;16R,2591,46,1,1,180,,1590,-770,131,,-740,-770,111
#US|M
KACV|1|ACV|California Redwood Coast-Humboldt~8|9781|58910|67|14,1843,46,1,1,152.7,,760,-400,57,243,-710,600,67;01,1372,46,1,1,29.7,,-560,-400,57,,510,400,63
KAST|1|AST|Astoria~4|61580|61210|5|08,1766,30,1,1,95,,180,-1100,4,92,30,1200,4;14,1362,30,1,1,154,,490,-400,4,100,-740,400,5
KAWO|1||Arlington~5|81614|78416|43|16,1625,30,1,1,179,,790,140,42,,-670,240,37;11,1066,23,1,1,127,,30,-1060,39,,-550,140,38
KBFI|1|BFI|King County International Airport - Boeing~a|75270|77001|6|14R,3050,61,1,1,140,,1355,-1147,5,,-1026,865,6,270;14L,1131,30,1,1,140,,1102,-758,6,76,220,-12,6,114
KBLI|1|BLI|Bellingham~3|87928|74620|52|16,2042,46,1,1,180,,910,0,49,,-930,100,52
KCEC|1|CEC|Jack Mc Namara~g|17789|57636|19|11,1525,46,1,1,133,,610,-560,16,,-330,840,15;17,1525,46,1,1,193.2,,780,40,17,,-560,-360,14
KCLM|1|CLM|William R Fairchild~3|81202|65000|89|09,1935,46,1,1,105,,80,-1200,87,,-350,1400,86,410;13,992,15,1,1,148,,640,-500,69,,-110,200,83
KCVO|1|CVO|Corvallis~5|44972|67100|76|17,1798,46,1,1,187,,630,-100,73,,-980,-400,75;10,945,23,1,1,112,,404,68,73,46,109,1089,74
KDLS|1|DLS|Columbia Gorge~4|56210|88292|75|13,1554,30,1,1,145,,250,-220,64,61,-890,880,73;07,1416,30,1,0,88,,-20,-720,65,134,30,1080,74,60
KEAT|1|EAT|Pangborn~i|73989|97930|381|12,2134,46,1,1,135,,430,-700,372,0,-670,1000,376,244;07,1359,46,1,2,90,,-30,-800,367,,-30,1000,381
KEKA|1|EKA|Murray~a|8034|58870|2|12,918,23,1,1,135,,290,-400,1,,-290,400,2;07,618,15,1,2,78.2,,180,-900,1,,290,-200,1
KEUG|1|EUG|Eugene~1|41246|67880|114|16R,2441,46,1,1,179,,1080,-700,110,,-1110,-700,112;16L,1829,46,1,1,179,,840,900,111,,-810,1000,114;03,1593,46,1,2,47,,-810,-1300,112,,170,100,111
KFHR|1|FRD|Friday Harbor~1|85237|69754|34|16,1037,23,1,1,177,,290,-40,34,,-640,60,26
KGRF|1|GRF|Gray Army Air~a|70792|74190|91|15,1867,46,1,1,167,,820,-300,88,,-820,300,92
KHIO|1|HIO|Portland Hillsboro~1|55404|70500|63|13R,2012,46,1,1,144,,920,-1000,60,,-540,600,59;02,1164,23,1,1,40,,-680,-300,61,,170,800,62;13L,1097,18,1,1,144
KHQM|1|HQM|Bowerman~1|69712|60630|5|06,1524,46,1,1,80,,-120,-900,5,,120,1000,5
KKLS|1|KLS|Southwest Washington~4|61180|71020|6|12,1338,30,1,1,140,,460,-600,6,,-460,500,5
KLMT|1|LMT|Crater Lake-Klamath~4|21561|82670|1248|14,3140,46,1,1,158,,1310,-700,1247,,-1310,700,1248;07,1603,30,1,1,90,,20,-1000,1247,94,10,1000,1246,157;01,1573,30,1,2,24,,-30,-800,1246,,1280,-100,1245
KMFR|1|MFR|Rogue Valley International-Medford~1|23742|71270|407|14,2682,46,1,1,159,,1202,-620,396,,-1048,559,407;09,956,30,1,3,113,,-30,-600,399,,-370,400,402
KMMV|1||McMinnville~5|51944|68640|50|04,1652,30,1,1,57,,-260,-1200,49,,540,500,49;17,1323,23,1,0,186,,490,500,49,,-790,300,50
KNUW|1|NUW|Whidbey Island Naval Air Station (Ault Field)|83518|73440|14|14,2439,61,2,0,155,,990,-700,12,,-990,800,14;07,2438,61,2,1,87,,-50,-1700,5,,60,1600,7
KOLM|1|OLM|Olympia~4|69694|70970|64|17,1676,46,1,1,191,,700,100,60,,-780,-400,62;08,1267,46,1,0,104,,-80,1100,63,,-350,2700,62
KONP|1|ONP|Newport~5|45804|59420|49|16,1645,30,1,1,177,,640,-100,46,,-830,0,47;02,915,23,1,1,37,,-170,-200,40,,490,500,49
KORS|1|ESD|Orcas Island~1|87082|70900|9|16,884,18,1,0,,,410,-100,9,,-380,-100,9
KOTH|1|OTH|Southwest Oregon~4|34171|57540|5|05,1823,46,1,1,61,,-240,-1500,5,,480,300,4;13,1362,46,1,1,150,,270,0,4,,-780,800,5
KPAE|1|PAE|Seattle Paine Field~3|79063|77180|185|16R,2746,46,1,1,179,,1504,-387,170,,-966,-332,176;11,1376,23,1,3,134,,410,-500,174,244,-450,800,183;16L,916,23,1,1,180,,13,1029,182,,-810,1038,182
KPWT|1|PWT|Bremerton National~1|74902|72350|135|02,1829,46,1,1,33,,-690,-600,135,,700,700,134;16,1561,46,1,2,179,,900,1000,,,-520,1000
KRBL|1|RBL|Red Bluff~5|1507|77480|107|15,1655,30,1,1,168.1,,760,-200,105,,-770,200,104
KRDD|1|RDD|Redding~5|5090|77070|154|16,2135,46,1,1,180,,1130,-200,154,,-790,-200,150;12,1544,46,1,1,140,,290,-400,152,,-780,800,150,152
KRDM|1|RDM|Roberts~a|42541|88500|939|05,2145,46,1,1,60,,-460,-1200,936,,500,1200,930;11,2135,30,1,1,122,,480,-1100,927,,-530,1200,938
KSLE|1|SLE|Salem-Willamette Valley Airport/McNary~a|49095|69970|65|13,1771,46,1,1,150,,740,-400,59,,-640,700,65;16,1569,30,1,1,181,,660,0,60,,-750,-100,64
KTCM|1|TCM|McChord Air Force Base|71377|75240|98|16,3081,46,1,1,180,,1380,-100,87,,-1390,0,98;160/340,914,18,1,0
KTIW|1|TIW|Tacoma Narrows~1|72674|74227|90|17,1525,30,1,1,187,,730,30,88,,-630,-170,89
KTTD|1|TTD|Portland Troutdale~1|55494|75990|12|07,1646,46,1,1,89,,-20,-1100,9,,10,1000,12
KUAO|||Aurora State~1|52471|72300|61|17,1525,30,1,1,187,,680,100,60,,-680,-100,60
KYKM|1|YKM|Yakima Air Terminal McAllister~a|65682|94560|335|09,2318,46,1,1,110,,440,-1600,334,,-280,1300,319;04,1169,46,1,1,60,,-430,-400,327,,100,900,321
#US|S
00S|||McKenzie Bridge State~1|41815|79140|494|06,792,27,4,0
00WA|||Howell~1|71784|72280|46|08,488,23,4,0
02OR|||Rowena Dell~1|56815|86840|215|E/W,610,9,4,0
02WA|||Cawleys South Prairie~1|71523|79060|210|16,808,15,4,0
03S|||Sandy River~1|54016|77712|215|08,645,30,4,0
03WN|||Aerostone~b|58750|93300|707|07,671,18,5,0
05S|||Vernonia~9|58515|67580|197|09,896,14,4,0
06WN|||Western~j|69250|74470|120|09,867,9,1,1,,273.9,130,-500,,161,-140,500,,20
08OR|||Saxon Sycan~1|28380|88849|1521|18,853,6,5,0
0O9|||Ward~a|18457|60150|109|06,911,15,1,0,,,-70,-500,,152,50,600,,149
0OR3|||Long~b|20190|82960|1247|10,594,30,5,0
0OR7|||Marr~a|48540|67360|84|16,549,12,4,0
0OR8|||Sutton on Rogue~1|24846|71336|384|07,762,23,4,0
0OR9|||Hanel~a|55926|84510|496|16,579,8,1,1
0WA1|||Dwight~a|66171|71740|107|16,610,15,4,0
0WA2|||Curtis~1|65897|68950|77|N/S,651,24,4,0
0WN1|||Shangri-La~1|67519|93980|457|12,853,12,6,0
11S|||Sekiu~1|82661|56860|108|08,913,15,1,1,,,80,-600,95,274,-70,600,108
13OR|||Aubrey Mountain~6|37407|75740|512|12,594,12,4,0
13W|||Camano Island~9|82570|75630|44|16,533,7,1,0
14S|||Westport~1|68969|58990|4|12,707,15,1,1,137,,240,-300,2,,-230,300,2
14WA|||Lz~b|69707|72630|73|16,792,15,4,0
15WA|||Sunset~1|82723|76430|48|16,655,23,4,0
16S|||Myrtle Creek~5|29972|66846|189|03,792,18,1,1,,,-220,-360,187,,240,340,189
17OR|||Glide Aero~1|32642|68900|299|13,701,30,4,0
17S|||Chehalem~j|53237|69460|58|07,696,12,1,1,,,,,,91
18JY|||Skamokawa East Valley~1|62847|65570|6|06,696,30,4,0
19OR|||Nelson~b|51096|87760|610|07,762,12,6,0
19WA|||Key Way~1|57196|81140|296|15,701,30,4,1
1JY2|||Mahogany Mtn.~1|30671|89470|1408|16,792,30,6,0
1O6||MHS|Dunsmuir Muni-Mott~1|12632|77280|993|14,853,18,1,0,,,330,-200,,105,-360,200
1OR0|||Sunnyhill~1|34832|57970|98|04,549,15,4,0
1OR3|||Sunset Air Strip|55915|69900|63|06,930,61,4,0
1OR4|||North Plains Gliderport|56040|69750|64|09,610,61,4,0
1OR7|||Skyhill~1|52879|75440|224|07,762,20,4,0
1RL|||Point Roberts~j|89773|69207|3|16,690,38,4,0
1S2|||Darrington~5|82586|83900|169|10,759,12,1,1,111,,120,-500,166,,-120,500,169
1S8|||Arlington~5|57227|98236|271|06,1524,15,6,0
1W1|||Grove~a|56278|75960|131|07,826,12,1,1,,,10,-600,125,150,0,500,131,126
1WA2|||Pilot's Pastures~1|65192|71100|137|08,671,26,4,0;16,549,26,4,0
1WA6|||Fall City~1|75595|81360|43|E/W,914,8,1,0,88,,-10,-600,,,20,600
1WA9|||Friday West~1|85299|69526|46|15,640,18,5,1,,327.7
20OR|||Warner's~1|52972|75248|99|17,805,46,4,0
21OG|||Ames~1|47718|70293|219|14,549,12,1,0
21W|||Ranger Creek State~1|70129|84660|808|15,876,9,1,0
22OR|||Iron Crown~1|49418|72370|241|16,488,15,4,0
24S|||Pinehurst State~1|21102|76170|1109|04,853,9,1,0
27W|||Lake Wenatchee State~1|78194|92800|591|09,754,30,4,0,109,,110,-500,590,,-110,500
28WA|||Robert L Delanoy~1|57304|72650|9|14,427,15,4,0
2CL3|||Longbell~b|16421|81100|1404|15,1524,18,4,0
2OR1|||Big Muddy~b|48287|95047|500|04,1276,21,1,1,57,,-340,-670,,,300,730
2OR3|||Davidson~a|47946|69020|57|13,762,30,4,0
2OR4|||Heavens Gate~b|34748|66540|294|11,1554,24,5,0,,,,,,305
2S0|||Twisp~5|83506|99060|488|10,823,18,1,1,,,170,-500,487,,-180,500,487
2S1|||Vashon~5|74586|75260|96|17,610,18,4,1,187,,270,-200,99,,-270,-300,94;H1,30,30,4,1
2S2|||Beaver Marsh State~1|31290|81820|1414|18,1372,18,6,0
2S5|||Waterville~1|76560|99440|806|07,908,15,1,1,,,0,-700,805,82,0,600,805
2S6|||Sportsman~j|52957|70450|55|17,840,15,1,1,,,290,200,55,112,-460,0,49,96
2W1|||De Vere~a|71776|91470|549|08,626,9,1,1,,259.1,40,-400,,,-40,400
2W3|||Swanson~1|68716|77430|257|16,911,11,1,1,,285
2WA1|||Diamond Point~6|80926|70710|80|11,712,7,1,1,,299.2,,,,30,,,,61
2WA3|||Stuart Island West~1|86840|67772|61|09,475,15,6,0
2WN9|||Hillcrest~1|58451|92990|733|07,832,30,4,0
32OR|||Pine Hollow~1|52548|87060|555|07,742,38,4,0
33OR|||Crow-Mag~1|40637|66090|137|15,914,15,4,0
36OR|||Jasper Ridge~6|40036|71194|343|12,488,8,4,0
38W|||Lynden~1|89559|75420|32|07,739,12,1,1,,189.3,10,-500,,80,-10,500,,132
38WA||BYW|Blakely Island~1|85792|71762|20|01,671,12,1,1,,258.9,,,,77,,,,37
39P|||Strom~a|65504|77330|287|07,552,12,1,1,90,,0,-300,,61,0,400,,60
3B8|||Shady Acres~1|70704|76290|136|16,549,6,1,1,,,,,,,,,,61
3OG3|||Dillon~g|21222|82083|1247|17,701,12,6,0
3OR8|||Cline Falls Air Park|42832|87310|890|E/W,914,46,6,0
3S6|||Toketee State~1|32235|75790|1024|11,1631,18,6,0
3S7|||Nehalem Bay State~1|56982|60700|7|15,716,15,1,0
3W5|||Mears~g|85298|82420|81|07,795,18,1,0,,,10,-600,80,,0,500,80;H1,12,12,2,0
3WA0|||Taylor~1|68976|73300|143|15,488,15,4,0
3WA9|||Flying Carpet~1|69645|72001|78|10,975,24,4,0
41CA|||Silver Creek~b|3176|67460|765|13,457,15,4,0
42OR|||Shotgun Ranch~6|41341|96751|1045|01,503,15,3,0
43IG|||Grayland Intergalactic~1|68015|59271|85|04,610,23,4,0,,292.3
44OR|||Compton~1|52223|72730|49|09,610,18,4,0
44T|||Hoskins~a|69924|71720|65|07,614,35,4,0
45CL|||Hell'er High Water~1|1419|66009|760|18,792,15,6,0
45OR|||Gederos~1|31548|58290|85|10,533,9,1,0
45S|||Silver Lake F S Strip|31110|89060|1369|03,914,17,5,0,,,,,1369
48OR|||Lookingglass~1|31593|64980|177|07,792,6,1,0
48WA|||West Valley~1|65622|92197|579|07,732,11,1,0
49CN|||Rancho Tehama~1|160|76100|168|09,1143,12,1,0,,231,,,,,,,,184
49WA|||Cougar Mountain~9|68470|74780|143|N/S,985,15,4,0
4OR0|||Springbrook~1|25551|67960|475|09,762,18,1,0
4OR3|||Lambert~a|47304|69240|59|16,518,30,4,0
4OR4|||Schrock~1|44436|67620|75|07,549,23,4,0
4OR5|||Fly 'N' W~1|49679|70590|63|N/S,477,15,4,0
4OR6|||Auberge Des Fleurs~1|54498|77460|155|09,564,15,4,0
4OR7|||Lusardi~a|49854|70540|62|17,671,18,4,1
4S4|||Skyport~1|55826|69470|53|16,610,14,4,0,,,,,,,,,,61
4S6|||Tieton State~1|66376|88760|903|02,765,30,4,0,,,-260,-300,903,,250,300,903
4S7|||Malin~1|20010|86040|1235|14,853,9,1,0
4W0|||Bandera State~1|73954|84640|499|08,714,30,4,0,,,60,-500,,,-70,400
4WA1|||Brown's Cape Horn~1|56072|78022|280|07,610,18,4,0
4WA2|||Cricket~a|69272|70320|56|N/S,792,12,4,0
4WA4|||Windsock~1|85415|71130|9|02,564,23,4,0
4WA8|||Riverside~1|88359|77347|53|07,671,24,4,0
4WA9|||Port Orchard~1|74323|73320|113|18,750,9,1,1,,298
50OR|||Goering Ranches / Chocheta Estates~1|40958|90532|1052|17,1676,18,6,0
51WA|||Evergreen Sky~b|72682|79320|177|16,792,23,4,1
52CN|||Ponderosa Sky~b|3439|82274|1053|09,610,30,6,0
55OR|||Muddy Creek~1|44360|66920|77|14,671,12,4,0
55S|||Packwood~1|66042|83220|322|01,718,18,1,1,,,-290,-200,,,280,200
55WA|||Wilkinson~b|65301|92532|509|11,625,9,4,0
56S|||Seaside~5|60165|60950|4|16,674,15,1,1,,256,150,-300,4,47,-450,-300,3
58OR|||Umpqua~1|33097|68730|213|07,579,30,4,0
59AS|||Becker~a|58507|74555|524|09,411,15,4,0,,337.3
59WA|||Sorrell~1|68501|70637|76|11,427,27,4,0
5OR0|||Backachers~b|22851|64670|445|02,914,30,4,0
5OR4|||Flying T~b|24347|86491|1323|10,792,18,4,0
5OR5|||Juniper Air Park|40346|88820|1064|06,805,30,6,0
5OR8|||Hatch~1|47732|71500|116|15,762,15,4,1
5OR9|||Lone Oaks~b|47768|72400|192|16,518,38,4,0
5S1|||George Felt~1|32248|66030|130|10,701,30,4,0
5S4|||Toledo State~1|46010|60600|2|13,533,12,1,0
5S5|||Lake Billy Chinook~1|45198|86804|821|16,762,10,1,0,,,,,,201
5WA4|||Boisselle~1|63721|93599|265|1,515,15,4,0
5WA5|||Ross~1|77632|98480|280|7,424,18,6,0
5WA7|||Wild Hair~1|57184|90148|494|07,701,24,4,0
5WA8|||Hogan's Corner~1|70417|58543|15|06,1128,12,1,0,79,,20,-730,,,220,770
5WA9|||Brush Prairie~e|57239|74560|88|07,853,18,4,0
60OR|||Whitaker~1|34265|67200|191|01,610,30,5,0
61OR|||The Citadel~1|43350|86280|938|07,549,30,6,0
61WA|||Burden Field-(Rabbit Run)~1|84720|69820|15|E/W,762,30,4,0
63OR|||Mountaindale~1|56165|69540|55|17,701,30,6,0
64OR|||Plum Valley~1|50337|68280|70|07,701,15,4,0
66WA|||Trout Lake~1|60023|84770|583|07,549,18,4,0
67OG|||George~1|50314|65939|134|10,457,18,4,0,,310
67OR|||Mc Gee~1|52337|71440|53|16,597,27,4,0
68CA|||Lake California Air Park|3611|77840|187|15,914,23,1,0,166.5,,400,-100,,,-400,100
68WA|||Mc Mahon~a|63937|97780|259|07,610,15,4,1,,228.8
6CA1|||Triple R~b|17427|81220|1335|15,701,12,4,0
6OG3|||Sky Wagon~b|21303|84684|1265|18,975,24,4,0
6OR1|||Pointers~1|55841|87318|347|08,488,18,4,0
6OR2|||Chenoweth~j|56107|87207|186|07,762,9,1,1,,348
6OR4|||Tailwheel~1|42732|92053|954|12,518,30,4,0,,219.4
6OR7|||Schmidt~1|54529|76818|198|07,701,17,4,0
6S4|||Davis~1|47457|75790|313|07,591,15,4,0
6S6|||Powers~1|28696|59410|99|13,762,18,4,0
6S9|||Stehekin State~1|83457|92790|375|13,802,30,4,0
6WA2|||Gower~a|71115|71790|40|16W/34W,1524,30,12,0;06,549,12,4,1,,299
6WA5|||Wilding~h|85754|70564|18|18,610,9,4,0
70OR|||Goodin Creek~1|54101|68512|75|01,488,23,4,0
72OR|||Ochs Private~1|47843|90450|546|08,488,20,4,0
75WA|||Port Elsner~1|58021|85200|186|17,488,12,4,0
76WA|||Heineck~h|80051|78660|3|07,762,23,4,0
78WA||CWS|Center Island~1|84900|71684|35|17,488,30,4,1
7OR4|||Pineridge~b|43112|85430|936|17,518,18,4,0
7OR7|||Hollin~1|50540|70930|52|16,533,24,4,0
7S3|||Stark's Twin Oaks~j|54285|70580|52|02,751,15,1,1,5,319,-292,-315,52,30,241,222,52
7W1|||Port of Ilwaco~1|63149|59960|4|10,634,15,1,1,120,,140,-300,,,-140,400,,91
7WA0|||Big Andy~1|80984|63570|253|07,427,15,4,0
7WA3|||West Wind~1|88861|76710|49|16,549,15,4,0
7WA5||SSW|Stuart Island~j|86734|68246|3|09,610,17,4,0
80OR|||Wilderness~1|23643|90340|1384|08,762,24,5,0
82OR|||Lost Creek~1|38993|71830|213|16,690,9,4,0
84OR|||B Bar~b|22476|64300|427|17,457,12,4,0
84WA|||D and B~j|69695|66140|17|11,549,15,4,0
85OR|||Allen's~6|24046|89510|1344|15,792,24,6,0
86WA|||Kapowsin~a|70038|77652|219|16,762,7,1,1,,208.5
87OR|||Moondance~b|26518|86710|1518|12,518,15,4,0
89WA|||Williams Airpatch~1|82707|79810|40|18,427,21,4,0
8OR2|||Kingston~j|47785|72700|265|14,914,15,4,0
8OR3|||Riverview~b|29337|68790|256|09,549,18,4,0
8OR5|||Pilot Butte~1|40473|87240|1120|18,732,6,1,0
8OR6|||Grabhorn's~1|57823|71060|78|16,549,24,4,0
8OR7|||Gates~1|46271|67750|67|03,488,15,4,0
8S2|||Cashmere-Dryden~1|75147|95150|262|07,549,15,1,1,,3,,,260,,,,,55
8S3|||Santiam Junction State~1|44343|80576|1152|06,853,46,5,0
8W9|||R & K Skyranch~1|68327|69090|45|18,838,14,4,0,,344.7,,,,175,,,,91;16,756,11,4,0,,283.7,,,,213,,,,100
8WA0|||Flying B~1|68776|73990|136|13,671,18,4,0
90WA||WDN|Waldron~6|87114|69818|43|14,823,91,4,0
94OR|||Umpqua RV Park Fly In~1|35307|64510|70|10,716,15,4,0
94WA|||Wishkah River~b|70843|62269|11|14,518,15,5,0
95OR|||Flournoy Valley~1|32076|64670|241|01,762,30,4,0
95WA|||Black Diamond~1|73157|79900|181|18,640,12,1,0
96VE|||Beiter~1|69070|95670|582|14,488,12,4,0,,194
9CL3|||Likely~1|12395|94739|1347|06,597,15,5,0
9OR0|||Lafferty~a|43151|69750|110|16,549,12,4,0
9OR1|||Shaniko~b|50029|92600|1006|11,945,24,4,0
9OR8|||Wooldridge Agstrip~1|47326|69440|62|16,555,18,4,0
9S3|||Lakeside State~1|35832|58200|6|15,655,30,4,0
9WA4|||Piper Canyon~1|58104|90471|491|07,640,9,5,0,,329.3
9WA7|||Albritton~1|72174|78670|162|16,610,30,4,0
A26|||Adin~1|11865|90455|1289|09,869,12,1,0,,313,140,-450,,,-140,450,,87
A28|||Fort Bidwell~1|18763|98530|1403|16,1116,15,5,0,181,,520,100,,,-480,0,,152
CA04|||Flying N~b|3463|76610|162|16,792,46,4,0
CA06|||Bates~a|14214|94313|1341|16,671,24,4,0
CA09|||Round Mountain~b|18853|71567|1067|03,457,15,6,0
CA11|||Mc Cloud~6|12732|78780|1079|17,853,23,6,0
CA53|||Tews~a|6725|76580|226|08,549,7,1,0
CKR||CKR|Crane Island~6|85978|70021|33
CN42|||Double Creek~b|4457|81180|619|06,1036,24,4,0
D63|||Dinsmore~1|4920|64019|724|09,763,15,1,0,,306.6,120,-390,,24,-110,410
FA99|||Fantasy Field~6|65878|71342|91|10,640,24,4,0
H47|||Hyampom~1|6276|65290|381|14,908,18,1,1,,270,170,0,,,-560,500,,213
K0Q5|||Shelter Cove~1|282|59257|22|12,1036,23,1,0,138.4,314.4,290,-370,21,30,-400,430,16,152
K0S9||TWD|Jefferson County~3|80538|71890|33|09,914,23,1,1,104,337,100,-600,,,-100,600,,259
K1O5||ROF|Montague-Yreka Rohrer~a|17304|74540|770|14,1024,15,1,1,160.1,323,400,-100,769,,-460,300,767,91;05,634,30,4,0,69,256,30,-500,767,,230,300,769
K1Q2|||Spalding~1|6502|92315|1559|16,1402,15,1,1,181,,640,50,1559,,-620,-50,1559
K22S|||Paisley~1|27179|94370|1340|13,1311,18,1,1,149,175.6,520,-400,,,-510,400
K2S7||CHZ|Chiloquin State~1|25794|81209|1285|17,1143,18,1,1,180,321,890,310,,128,-130,310
K2S9|||Willapa Harbor~1|66976|61770|4|11,916,16,1,1,135,269,290,-500,,,-290,400
K35S|||Wasco State~1|55894|93260|458|07,1052,18,1,1,90,,0,-700,,,0,600
K36S|||Happy Camp~1|17907|66110|369|04,914,15,1,0,58.6,,-240,-400,368,,180,500,368
K3S4|||Illinois Valley~1|21037|63180|425|18,1465,18,1,1,197,,620,200,,38,-640,-300
K3S8||GTP|Grants Pass~1|25101|66120|343|12,1219,23,1,1,142,,430,-500,334,,-430,500,343
K3S9|||Condon State Pauling~a|52466|98340|887|07,1067,18,2,1,90,,0,-700,886,,0,600,885
K4S1||GOL|Gold Beach~5|24134|55760|6|16,975,23,1,1,176,,440,-100,,27,-420,0
K4S2|||Ken Jernstedt~9|56726|84640|192|07,927,23,1,1,88,,-10,-700,,,20,500
K4S9|||Portland Mulino~1|52163|74100|79|14,1044,30,1,1,160,,470,-300,76,,-460,200,79
K5S0|||Oakridge State~1|37526|74970|425|09,1100,14,1,0,108,,160,-600,,,-150,700
K5S2|||Crescent Lake State~1|35326|80500|1466|13,1189,9,1,0,148,,430,-400,,,-450,400,,84
K5S6|||Cape Blanco State~1|28579|54820|65|14,1554,46,1,0,160,,650,-300,,,-650,400
K5S9|||Valley View~1|53077|76819|224|16,1152,10,1,0,178,,560,-90,,149,-460,-90
K61S|||Cottage Grove State~1|37998|69710|195|15,976,18,1,1,167,,860,-400,192,,0,-200,195
K62S|||Christmas Valley~1|32362|93349|1316|07,1585,18,1,1,87,,-10,-1090,,,70,910
K64S|||Prospect State~1|27432|75120|786|02,1219,15,1,1,37,,-430,-500,,,430,400
K6K5|||Sisters Eagle Air~1|43046|84610|966|02,1085,18,1,0,38,,-400,-400,,104,370,400
K6S2||FMU|Florence~5|39828|58890|16|15,889,18,1,1,167,,390,-200,16,27,-390,100,12
K74S||OTS|Anacortes~1|84985|73375|73|18,920,18,1,1,198,,430,150,,,-350,-150,70
K77S|||Hobby~a|39308|69930|164|15,945,18,1,1,174,,420,0,164,,-430,100,163
K7S5|||Independence State~1|48670|68020|55|16,915,18,1,1,179,,400,0,57,,-410,0,54
K7S9|||Lenhardt~j|51804|72570|50|02,901,14,1,1,40,,-200,-400,,70,420,300
KA24|||California Pines~1|14124|93160|1341|05,1268,18,1,0,67.7,,-210,-800,1339,,230,700,1341
KA30|||Scott Valley~1|15582|71450|831|16,1128,15,1,1,177.6,,510,-100,830,,-490,0,831,61
KA32|||Butte Valley~1|18872|80240|1293|16,1311,18,1,1,179.9,,590,0,1293,,-600,0,1293
KAAT|||Alturas~5|14827|94343|1334|13,1289,15,1,1,148.4,,510,-430,1331,64,-490,370,1333;03,764,18,1,1,46,,-220,-330,1329,85,340,470,1333
KAHC|1|AHC|Amedee Army Air~a|2662|98470|1223|09,3048,46,1,1,99,,150,-1200,1221,,-160,1300,1223
KBDN|||Bend~5|40948|87990|1055|17,1585,23,1,0,180,,690,100,1037,,-740,100,1055
KBOK|1|BOK|Brookings~1|20746|57100|140|12,884,18,1,1,,315.6
KBVS|1|MVW|Skagit~4|84709|75790|44|11,1670,30,1,1,126,,690,-1000,44,,-200,800,30;04,914,18,1,1,56,,-680,-300,26,,-230,700,30
KCLS|1|CLS|Chehalis Centralia~1|66770|70170|54|16,1524,43,2,1,178,,690,0,51,,-680,100,53
KCZK|1|CZK|Cascade Locks State~1|56766|81211|46|06,549,9,1,0,,309,,,,,,,,74
KELN|1|ELN|Bowers~a|70330|94690|538|07,1704,46,1,2,88,,-160,-1200,521,,-110,1000,535;11,1311,46,2,1,133,,590,-400,537,,-220,800,532
KESW|1|ESW|Easton State~1|72542|88140|678|09,805,30,4,0,,,170,-400,677,,-170,500,677
KF62|||Hayfork~1|5471|68180|707|07,1250,18,1,1,85.7,,-70,-700,702,,10,800,707
KFOT|||Rohnerville~1|5539|58670|120|11,1220,30,1,1,127,,340,-500,104,,-330,600,119
KH37|||Herlong~1|1388|98210|1236|06,994,12,1,0,77.4,,-100,-500,1231,,90,600,1234
KLKV|1|LKV|Lake~8|21611|96010|1443|17,1621,30,1,1,180,,730,0,1443,,-730,0,1440
KNOW|||Port Angeles Cgas~1|81415|65860|4|07,1372,46,1,1,94,,20,-900,3,,-60,900,2
KNRA|||Coupeville Nolf~1|81883|73680|61|14,1646,61,2,1,156,,670,-400,61,,-660,400,59
KO05|||Rogers~a|2824|87590|1380|05,1622,37,5,0,70,,300,-600,1379,,800,1100,1372;16,1530,30,1,1,173,,680,-100,1380,,-710,100,1373
KO16|||Garberville~1|860|61860|166|18,848,23,1,0,196.2,,370,200,162,24,-430,-100,166
KO46|||Weed~1|14808|75452|896|14,1524,18,1,1,157,,60,-220,889,,-1220,580,896
KO54|||Lonnie Pool Field Weaverville~1|7457|70780|716|18,970,15,1,1,195.8,,390,200,716,,-390,-200,680
KO59|||Cedarville~1|15527|98340|1409|01,1346,15,1,1,29.7,,-520,-500,1409,37,540,400,1391
KO81|||Tulelake~5|18874|86410|1233|11,1090,13,1,1,128.6,,290,-600,1231,,-320,500,1233
KO86|||Trinity Center~1|9832|73060|728|14,980,15,1,0,161.3,,370,-200,728,61,-430,200,728,61
KO89|||Fall River Mills~1|10188|85670|1013|02,1524,23,1,1,33.1,,-410,-400,1013,,430,300,1012
KOKH|1|ODW|AJ Eisenberg~1|82515|73260|59|07,995,18,1,1,90,,0,-600,43,155,0,700,59
KPFC|1|PFC|Pacific City State~1|51998|60380|2|14,567,9,3,0
KPLU|||Pierce County-Thun~a|71039|77130|164|17,1113,18,1,0,180,,500,0,164,,-500,0,163
KRBG|1|RBG|Roseburg~4|32388|66440|161|16,1525,30,1,1,180,,630,0,160,213,-630,0,154,113
KRNT|1|RNT|Renton~5|74931|77840|10|16,1640,61,3,1,174,,738,-88,7,91,-730,135,10,104
KS03||AHM|Ashland Municipal Airport Sumner Parker~a|21903|73394|575|12,1098,23,1,1,141,,380,-440,562,,-390,460,575,58
KS05||BDY|Bandon State~1|30865|55920|37|16,1098,18,1,1,178,,490,0,32,,-500,0,37
KS12|||Albany~5|46378|69410|69|16,916,23,1,1,180,,410,0,69,,-410,0,69
KS20|||Goldendale~1|58321|91550|511|07,1064,12,1,1,89,,-10,-700,,,10,700,,101
KS21||SUO|Sunriver~1|38763|85470|1269|18,1664,23,1,1,196,,720,300,1267,301,-720,-300,1269
KS33||MDJ|Madras~5|46702|88450|743|16,1552,23,1,1,180,,380,200,741,,-1010,200,743;04,823,15,1,0,55,,370,-800,737,,800,100,739
KS36|||Norman Grier~a|73371|78960|144|15,1002,12,1,0,171,,440,-100,,,-450,200,,86
KS39||PRZ|Prineville~1|42870|90960|991|11,1647,23,1,1,120,,510,-800,991,,-180,900,988;15,1229,12,1,1,172,,340,-200,989,,-760,100,988
KS45|||Siletz Bay State~1|48769|59710|21|17,1005,18,1,1,191,,450,200,18,,-440,-100,21
KS48|||Country Squire~j|53544|77320|358|07,943,10,1,0,90,,-50,-600,,,-50,600
KS50|||Auburn~5|73277|77730|19|16,1036,23,1,1,180,,460,0,17,,-470,0,19
KS52|||Methow Valley State~1|84249|98540|520|13,1539,23,1,1,147,,580,-600,516,41,-570,600
KSHN|1|SHN|Sanderson~a|72336|68520|83|05,1526,30,1,1,68,,-260,-900,79,,250,1000,83
KSIY|1|SIY|Siskiyou~8|17814|75320|807|17,2283,46,1,1,191,,1010,300,807,,-1000,-300,801
KSPB|||Scappoose Industrial~j|57710|71380|18|15,1554,30,1,1,169,,690,-200,17,,-680,200,8
KSVE|1|SVE|Susanville~5|3757|94270|1265|11,1235,23,1,1,129,,410,-400,1264,,-290,700,1256;07,664,18,6,0,89,,-120,-500,1265,,-110,300,1259
KT42|||Ruth~1|2113|67020|848|13,1067,15,1,0,142.6,,310,-400,843,,-440,400,848
KTDO|1|TDO|Ed Carlson Memorial Field South Lewis~8|64772|71940|114|06,1365,46,1,1,74,,-180,-900,109,,170,800,114
KTMK|1|OTK|Tillamook~1|54182|61860|11|13,1524,23,1,0,155,,610,-500,5,,-640,300,11;01,887,23,1,0,30,,-310,-200,8,,380,300,10
KUIL|1|UIL|Quillayute~1|79366|54370|59|04,1284,30,2,0,58,,-300,-700,53,,300,800,59
KVUO|||Pearson~a|56205|73440|8|08,998,18,1,1,98,,60,-700,9,,-70,600,6,232
KW28||SQV|Sequim Valley~1|80981|68130|44|09L,1067,30,4,0,110,,190,-700,,,-140,700;09R,1067,12,1,1,104,,120,-700,,,-110,700
KZ10|||Fort Lewis Road / Pacemaker Landing Zone~1|70217|75540|121|16,1067,18,1,0,177,,470,0,120,,-480,0,118
O19||NLN|Kneeland~1|7186|60727|834|15,692,15,1,0,,,350,-70,,,-260,30
O21|||Hoopa~1|10429|63320|109|14,709,15,1,0,,,160,-100,,,-450,100
O33|||Samoa~g|7810|57880|6|16,823,18,1,0,,,360,0,6,,-380,0,3
O39|||Ravendale~1|8036|96338|1615|17,795,9,1,0,,,370,20,,,-430,-80
O55|||Southard~a|11396|88760|1267|04,908,11,1,0,,,-230,-400,,,220,500
O85||BZF|Benton~a|5749|75920|219|15,738,24,1,0,,,260,0,219,,-400,100,218
OG00|||3 Rivers Recreation Area~1|45568|85943|821|05,1524,15,6,0
OG01|||Dunning Vineyards~1|46146|67652|73|07,488,18,4,0
OG05|||Sundance Meadows~1|39900|87940|1173|12,1052,40,4,0
OG06|||Table Rock~1|32115|91570|1312|18,1006,24,6,0
OG10|||Mt Hope~1|45574|71728|122|13,533,15,4,0
OG12|||Wilson~b|42122|94760|1286|18,526,15,4,0;06,287,15,4,0
OG13|||Fly By Night~1|22467|69293|506|17,488,18,4,0
OG15|||Sage~b|42332|86090|966|14,732,21,6,0
OG16|||Jim's~6|43826|67870|84|16,671,15,4,0
OG19|||Bombay Farms~1|46501|87620|727|15,648,15,4,0;03,640,15,4,0
OG20|||Fairways~1|53217|74482|160|16,884,49,4,0;07,762,49,4,0
OG21|||Dry Creek~j|41951|91770|1105|07,914,11,1,1,88,,-10,-600,,,20,600
OG23|||Poverty Hollow~1|51571|66090|101|03,427,21,4,0
OG24|||Flying D~b|33887|67780|223|08,494,12,4,0
OG25|||Firefly Ranch~9|25112|70760|399|16,640,6,1,0
OG28|||The Green Trees~b|46832|72170|347|12,914,30,4,0
OG29|||Mc Kinnon~j|54307|77580|201|07,914,15,4,0
OG30|||Aeroacres~1|53165|73950|128|04,549,76,4,0
OG31|||Shady Cove~j|26087|71705|458|18,792,8,4,0
OG34|||Meyer Riverside~j|53998|71710|77|16,483,30,4,0
OG40|||Napier~b|32373|65070|148|16,792,15,4,0
OG48|||Greer~1|41959|69270|110|15,576,20,4,0
OG51|||Six Springs~b|44835|90840|1152|15,1036,12,4,0
OG52|||Jpm~1|48392|67410|79|17,579,15,4,0
OG54|||Shaniko Cattle~1|49601|91150|1006|07,610,30,4,0
OL05|||Skydive Oregon~1|51454|73815|110|18,884,10,1,0
OR00|||Flying K~b|54339|71263|107|07,518,6,4,0
OR02|||River Run~b|43372|90053|792|09,762,8,6,0
OR04|||Kennel~6|40296|88350|1096|07,701,40,4,0
OR06|||Snider Creek~1|25390|70770|436|15,701,18,4,0
OR21|||Miller~6|45932|70100|85|16,518,11,4,0
OR22|||Roppair~1|46193|69680|75|16,518,18,4,0
OR23|||Karpens~1|61614|63600|38|10,579,23,0,0
OR25|||Flying E~1|48448|70990|99|09,701,14,4,0
OR27|||Chadwick~1|56332|68320|204|11,488,15,4,0
OR28|||Harvey's Acres~1|54393|71097|76|E/W,640,30,4,0
OR30|||D M Stevenson~b|40032|87280|1158|16,640,18,4,0
OR34|||Whippet~a|43227|85685|927|06,747,18,4,0
OR35|||Flying K Bar J~b|54425|76798|194|17,442,30,4,0
OR38|||Western Helicopter Services~1|50793|70741|56|07,698,23,1,0
OR39|||Flying Tom~1|46576|67880|91|16,488,12,4,0
OR40|||Dietz~j|52557|73490|55|16,805,18,4,0
OR41|||Workman~j|52072|73306|64|07,683,30,4,0
OR46|||Ajax~1|53812|95301|660|E/W,762,15,6,0
OR47|||Strauch~a|41884|68101|102|16,488,21,4,0
OR50|||Lehman~a|54857|77660|306|E/W,701,8,4,0
OR51|||Gillette~a|47196|73000|224|08,884,9,4,0
OR52|||Venell~1|44735|66970|75|15,716,15,1,0
OR53|||Wapinitia~1|51457|87710|582|03,732,27,4,0
OR54|||Winn~1|45985|67930|62|16,701,18,4,0
OR57|||Walker~1|38687|69660|177|18,531,24,4,0
OR61|||Apple Valley~1|56784|68140|75|11,753,18,4,0
OR65|||Eagle Nest~b|53548|76529|130|12,762,24,4,0
OR66|||Beaver Oaks~1|53177|76368|122|15,518,23,4,0
OR73|||Calvert Peak~1|27788|62654|1161|NE/SW,496,37,1,0
OR78|||Daniels~a|42705|69379|98|16,914,12,4,0
OR81|||Olinger~j|55533|69789|56|07,610,24,4,0
OR86|||Gilmour Ag Air~1|47555|69544|74|N/S,762,18,4,0
OR87|||Blue Skies~h|49661|70775|61|01,410,14,4,0
OR89|||Kinzua~1|49999|99470|1209|NE/SW,1097,30,5,0
OR90|||Lafayette~6|52443|68710|49|03,823,21,4,0
OR94|||J & J~1|43917|69705|91|01,625,11,4,0
OR95|||Vineyard~1|50498|67650|58|E/W,549,18,4,0
OR96|||Beagle Sky~b|25390|70960|438|15,914,40,4,0
R33|||Wakonda Beach State~1|43846|59150|12|16,610,9,4,0
S16|||Copalis State~1|71248|58150|0|14,1372,46,8,0
S18|||Forks~1|79377|56040|91|04,732,23,1,0
S30|||Lebanon State~1|45298|70700|105|16,837,18,1,0
S31||LPS|Lopez Island~1|84839|70620|64|16,885,19,1,0,,,400,0,64,,-400,0,50
S43|||Harvey~a|79082|78950|7|15L,814,11,1,0,,,10,100,5,,-690,400,7;15R,741,30,4,0,,,0,0,5,,-650,300,7
S51|||Andy Mc Beth~1|15121|60040|13|11,732,15,1,0,,,200,-300,10,,-210,400,12
S86|||Sky Harbor~1|78707|82080|86|07,588,30,4,0
S88|||Skykomish State~1|77109|86610|305|06,625,30,4,0
S93|||Cle Elum~5|71943|91170|593|07,725,18,1,0,,,-20,-600,593,,10,500,593
US-0058|||Avery Ranch~6|16294|75886|799|16,671,12,4,0,180,,,,800,46,,,799
US-0087|||Mettie~6|67150|96712|656|12,1227,23,1,0,135.5,,190,-320,664,,-580,780,642
US-0368|||Evergreen North-South~j|56313|74693|95|18,518,23,4,0
US-0778|||Flying L~1|60248|87250|579|4,645,44,4,0,,,-167,-339,579,,167,342,579
US-0837|||RNR Farms~1|61664|66380|2|14,488,24,4,0
US-0905|||Rocky Pond~6|77705|98664|252|9,830,18,4,0
US-1170|||Agape~h|40604|92012|1220|9,1519,21,6,0,,,20,980,1182,,20,980,1220
US-1173|||Grave-King~1|26755|68102|783|4,592,9,5,0,,,-206,-231,773,,208,225,783
US-12770|||Bryant~1|46703|88046|726|17,682,9,4,0
US-13058|||Island Aire Farms~1|61790|66071|2|17,480,6,4,0
US-3282|||Pair-A-Dice~1|46731|69951|88|7,639,15,4,0,90,,0,-400,76,,0,410,88
US-36WA|||Bob's~a|59597|85135|503|13,543,15,4,0
US-5185|||Pearson~6|40686|91967|1189|10,842,15,6,0,116,,168,-476,1164,,-166,469,1189
US-7378|||Chamberlain~1|24667|72864|436|9,456,18,4,0
US-8444|||Placer~1|26277|66780|421|3,610,15,4,0
US-8784|||Lettie's Landing|57197|89374|504|9,716,15,4,0
US-8970|||Nail Spring~b|21334|87817|1295|17,766,18,4,0
W04|||Ocean Shores~5|69993|58576|4|15,823,15,1,0
W10|||Whidbey Air Park|80175|75620|83|16,753,8,1,0,,,350,0,,,-320,100
W12|||Lost River~1|86496|94980|736|11,960,26,4,0
W16|||First Air~a|78714|80043|15|07,636,10,1,0,92,,10,-330,,,-10,470
W27|||Woodland State~1|58988|72630|9|14,684,8,1,0,156,,250,-200,,,-240,100
W52|||Goheen~1|58268|74230|89|15,782,15,4,0,,,410,-200,89,,-270,100,89;07,457,15,4,0
W56|||Fly For Fun~1|56873|74780|91|07,742,15,4,0,,,0,-500,,,0,500
W58|||Cedars North~j|57645|74848|84|08,597,15,4,0
WA01|||Wirkkala~1|63562|61850|11|N/S,914,12,4,0
WA04|||Kyles~1|78149|79561|143|15,549,9,4,0
WA05|||Apex~j|76568|72670|160|17,762,9,1,1
WA07|||Barker~1|83748|76610|2|16,594,37,4,0
WA09||RCE|Roche Harbor~1|86123|68610|30|06,1311,11,1,1,79,,-120,-800,,,100,900;07,1095,9,1,0
WA12|||Acme~a|87136|78041|92|N/S,427,19,4,0
WA18|||Decatur /Jones/~1|85101|71970|38|01,457,15,4,0
WA25|||Green Valley~9|80959|79850|91|12,462,76,4,0
WA26|||Harrah~1|64114|93656|258|E/W,808,30,6,0
WA29|||La Center View-Air~1|58943|74059|247|09,518,18,4,0
WA45|||Olympic~a|79953|71000|152|16,762,37,4,0
WA46|||Daybreak~1|58303|73630|8|13,671,18,4,0
WA58|||Eliza Island~1|86525|74140|2|NW/SE,457,30,4,0
WA59|||Rake's Glen~1|81256|68497|15|09,488,7,1,0
WA61|||Thompson~1|77983|74700|15|05,610,30,4,0
WA66|||Spring Creek~b|58082|85052|145|18,472,12,4,0
WA67|||Green Mountain STOLport|56631|75270|82|E/W,610,11,1,0
WA68|||Sky Valley~6|80769|71593|43|16,732,21,4,0
WA77|||Enumclaw~1|71957|79780|225|07,549,8,4,0
WA78|||Sky River~b|56290|78090|378|07,549,36,4,0
WA79|||Walter Sutton's Private Strip|59332|75820|137|E/W,610,18,4,0
WA84|||Auburn Academy~1|72807|78500|127|09,808,23,4,0
WA87|||Parkside~j|58159|74470|84|E/W,640,8,1,0
WA88|||Horse Fly~1|88924|74387|21|07,671,14,4,0
WA95|||Skyqueen~1|67186|70890|162|16,549,30,4,0
WA96|||Leisureland~j|76075|72260|131|NW/SE,732,24,4,0
WN05|||Harris~1|65148|72080|117|16,640,15,4,0
WN07||DTR|Decatur Shores~1|85002|71860|12|15,777,23,4,0
WN10|||Mount St Helens Aero~b|59929|76200|137|07,792,30,4,0
WN13|||Vaughan Ranch~9|74650|74317|73|02,564,15,4,0
WN15|||Burnett Landing~1|71297|79440|244|13,762,34,4,0
WN17|||Hoverhawk~b|73398|96840|747|08,411,15,4,0
WN18|||Becker's Landing~1|84568|74610|47|17,579,23,4,0
WN19|||Bell-Aire~1|63320|95563|234|9,535,6,4,0
WN20|||Van De Plasch~1|78723|80770|18|04,411,6,4,0
WN21|||Lawson~j|80815|66020|198|04,732,21,4,0
WN23|||Grand View~3|81018|68200|46|07,518,18,4,0
WN29|||Blue Ribbon~1|81304|67930|30|07,598,18,4,0
WN35|||Meadow Mist~1|89087|74350|17|14,610,24,4,0
WN36|||Kari~a|69690|71790|68|09,686,20,4,0
WN40|||Coupeville~j|81904|73570|61|06,762,24,4,0
WN42|||Flying H~b|71838|78800|179|07,732,23,4,0
WN45|||Take Five~1|67801|95548|470|06,610,9,1,0
WN47|||Bear Valley Skyranch~1|70817|67300|105|04,792,24,4,0
WN48|||Kimbrel~h|67904|66900|42|16,590,18,4,0
WN49|||Blue Heron~a|81218|69120|6|17,914,23,4,0
WN51|||Bayview Farms~1|85209|75350|2|07,610,37,4,0
WN53|||Frontier~j|81108|79370|146|15,1158,9,1,1,171,,480,-100,,366,-550,200
WN55|||Randle-Kiona~j|65115|79940|285|07,732,10,4,0,,,,,,152
WN59|||Nelsons Nitch~1|65376|72820|158|14,564,8,1,0
WN64|||J K D Farms~1|69743|95380|480|16,762,18,5,0
WN65|||My~1|69752|65233|24|09,427,18,1,0
WN74|||Burnt Ridge~6|65854|73740|326|16,610,9,4,0
WN76|||Bergseth~a|72438|80757|335|10,640,18,4,0
WN88|||Martin~1|65193|59680|3|16,823,46,4,0
WS87|||Port~a|83319|99417|503|18,427,15,5,0,,,,,,,,,,30
WT01|||Hillcrest Farms~1|69492|95189|454|15,853,8,1,0
WT44|||Michair~1|61773|66150|4|07,607,15,4,0
#US|W
0W0|||Seattle Seaplanes~7|76322|76723|4|18W/36W,2896,91,12,0
0W7|||Floathaven~7|87282|76640|94|12W/30W,3048,1219,12,0,,,,,94,,,,94
1O0|||Lake Woahink~7|39042|58850|12|N/S,2743,305,12,0;NW/SE,975,305,12,0
2OG3|||Wiley's~7|54310|73500|4|N/S,914,91,12,0
60W|||Tacoma~7|72832|75264||14W/32W,1229,152,12,0,,,352,-622,,,-353,630
69WT|||Quartermaster Harbor~7|73929|75395|0|4W/22W,1718,61,12,0,59,,231,-63,0,,1029,1886,0;15W/33W,1288,61,12,0,165,,878,1372,0,,-239,1825,0
83Q||PUL|Port of Poulsbo Marina Moorage~7|77340|73530|0|13,3658,1219,12,0
DHB||DHB|Deer Harbor SPB|86167|69972|0|18W/36W,1220,152,12,0
H77|||Bridge Bay Resort~7|7576|76770|325|NE/SW,3048,1219,12,0
S60||KEH|Kenmore Air Harbor LLC~7|77548|77410|4|16,3048,305,12,0;18,914,305,12,0
US-10378|||Siltcoos Lake~7|38892|58986|3|13W/31W,1524,305,12,0,144,,,,3,,-820,540,3
US-1146|||Port Angeles~7|81186|65804|0|11W/29W,975,304,12,0
W33||FBS|Friday Harbor~7|85373|69900||03,3048,610,12,0;12,1829,305,12,0
W36|||Will Rogers Wiley Post Memorial~7|74998|77810|4|12,1524,61,12,0
W37|||American Lake~7|71415|74390|72|02,1676,152,12,0
W39|||Roche Harbor~7|86108|68400||NE/SW,1524,305,12,0;NW/SE,762,152,12,0
W49||RSJ|Rosario~7|86457|71320||16,3048,305,12,0;07,762,305,12,0
W55||LKE|Kenmore Air Harbor~7|76290|76610|4|16,1524,152,12,0
WA13|||Seaplane Landing Area~7|82083|94080|335|10,305,30,12,0
WA81|||Fishermans Bay~7|85165|70820||05,1219,61,12,0;14,762,61,12,0
WA83||WSX|Westsound/WSX~7|86179|70431||18,1524,152,12,0;10,1219,152,12,0
