#CA|M
CYEN|1|YEN|Estevan~1|92103|70340|581|08,1524,30,1,1,90,,-240,-1000,580,,-230,1100,580;15,914,23,1,1,158,,610,-400,,,-150,100
CYVD|||Virden / RJ (Bob) Andrew Field Regional~e|98783|90820|443|08,1219,23,1,0,,,,,442,,,,443
#CA|S
CBR3|||Brigden~a|96173|72299|615|17,1372,15,5,0,180
CBS2|||Blue Sky~1|92939|69803|586|12,932,21,4,0,,,277,-603,,,-267,375;03,454,18,4,0,,,-2,-89,,,341,253
CJC5|||Shaunavon~1|96588|15939|923|02,1018,12,6,0,30.3,,-350,-190,,,360,510;12,914,23,1,1,134,,200,-490,920,,-380,410,923
CJE3|||Weyburn~1|96975|61990|589|12,1219,23,1,1,132.4,,350,-700,587,,-390,600,587;06,914,23,1,0,72.3,,140,-500,586,,390,700,589
CJH4|||Ferland~1|94450|30680|777|09,893,21,4,0
CJJ4|||Deloraine~1|91506|94990|512|08,1213,23,1,1,90,,20,-600,510,,20,1100,513;17,676,30,4,1,178,,660,200,,,50,200
CJM4|||Gravelbourg~1|98662|34289|700|17,762,23,1,0
CJM5|||Frontier~1|91725|14254|902|07,1105,18,1,1,89,,-590,60,,,-570,1560
CJN4|||Assiniboia~1|97347|40530|722|08,899,46,1,0;13,869,46,1,0
CJQ2|||Lampman~1|93667|72330|594|11,914,20,1,0
CJQ3|||Carlyle~1|96444|77130|632|10,960,23,1,1,112,,120,-500,632,,-200,700,631
CJQ4|||Maple Creek~1|98958|5250|767|06,938,23,1,1,73,,-140,-600,768,,110,600,767;17,477,23,6,0,185,,170,0,,,-270,-100
CJQ8|||Maryfield~e|98464|84858|575|13,1074,,5,0;14,797,,4,0
CJT5|||Melita~1|92617|89860|450|17,686,20,4,0;08,610,12,4,0
CJW2|||Oxbow~1|92333|78500|564|09,808,23,4,0
CJX5|||Souris Glenwood Industrial Air Park|96333|98000|451|14,884,30,1,1,149.2,,340,-300,,,-360,300;08,671,24,4,0,87.5,,-360,-800,,,-330,300
CKC7|||Rockglen~1|91667|40670|823|08,732,46,4,0
CKC9|||Pangman~1|96464|53340|701|17,792,30,4,0
CKF2|||Radville~1|94606|57280|630|17,754,23,4,0
CKK4|||Estevan (South)~1|90389|70240|579|12,741,23,4,0;03,675,15,4,0
CKN5|||Fillmore~1|98689|65550|610|11,884,30,4,0
CKR7|||Virden (Gabrielle Farm)~1|97847|90440|439|08,812,21,10,0
CKS6|||Bryant~1|94100|68560|600|11,823,17,4,0;07,457,12,4,0
CKT5|||Hartney~1|94500|94500|442|11,625,23,4,0;17,570,23,4,0
CKV7|||Wawota~1|98945|79695|661|16,792,41,4,0
CRP2|||R.M. of Pipestone~1|95806|89470|454|08,914,21,5,0
#US|M
KAIA|1|AIA|Alliance~5|20525|71960|1198|12,2805,46,1,1,134.3,,750,-1500,1197,,-1010,1000,1196;17,1924,23,1,0,179.3,,690,900,1196,,-1040,900,1196;08,1887,23,1,1,89.3,,620,-1600,1198,,640,700,1196
KBFF|1|BFF|Western Neb. Rgnl/William B. Heilig~1|18740|64040|1209|12,2523,46,1,1,136,,830,-900,1208,,-790,1200,1202;05,2439,46,1,1,68,,-420,-1500,1204,,400,1300,1209
KBIL|1|BIL|Billings Logan~3|58089|14588|1113|10L,3206,46,1,1,112,,380,-1380,1092,,-680,2420,1063;07,1677,23,1,1,84,,-120,-1680,1108,,40,420,1077;10R,1158,23,1,1,112,,30,-2180,1113,,-360,-780,1099
KBIS|1|BIS|Bismarck~5|67727|92531|506|13,2680,46,1,1,138,,1130,-1510,504,,-650,890,501;03,2012,30,1,1,39,,-1010,-110,506,,400,1490,506
KCDR|1|CDR|Chadron~5|28376|69050|1005|03,1828,30,2,1,35,,-460,-500,1004,88,890,800,996,152;12,1341,23,2,1,125,,50,-900,1004,,-640,400,1001
KCOD|1|COD|Yellowstone~4|45202|9760|1555|04,2520,30,1,1,52.3,,-690,-1200,1554,210,690,1300,1547,122
KCPR|1|CPR|Casper-Natrona County~3|29074|35384|1631|03,3098,46,1,1,43.9,,-1400,-1340,1622,,610,1260,1622;08,2645,46,1,2,89,,110,-2040,1628,,150,1160,1622;17,2346,18,1,0,178.9,,1270,-840,1630,,-840,-740,1623;12,1976,18,1,2,134,,1260,-840,1630,,20,860,1621
KCYS|1|CYS|Cheyenne Regional Jerry Olson~a|11557|51880|1877|09,2825,46,2,1,95.3,,110,-900,1873,186,-130,2400,1859;13,2039,46,1,1,135.3,,650,-1500,1875,323,-650,200,1867
KDIK|1|DIK|Dickinson Theodore Roosevelt~4|67975|71981|790|14,2225,46,1,1,150,,740,-610,788,,-780,690,787;7,1433,23,1,1,80,,-130,-1010,784,,100,890,790
KFNL|1|FNL|Northern Colorado~4|4497|49887|1529|15,2591,30,1,1,160.4,,1260,-570,1516,,-940,430,1529;06,667,12,1,0,70.6,,310,-70,1521,,520,730,1520
KGCC|1|GCC|Northeast Wyoming~4|43489|44610|1330|16,2286,46,2,1,169.7,,810,-500,1322,,-1210,0,1330;03,1769,23,2,1,38.3,,-370,-500,1324,,880,900,1316
KGDV|1|GDV|Dawson Community~1|71377|51931|749|12,1739,30,1,1,136,,570,-710,749,,-560,890,747;02,915,18,1,1,36,,-40,-710,748,,620,-10,747
KGGW|1|GGW|Glasgow Valley County Airport Wokal~a|82125|33850|700|12,1525,30,1,1,134,,390,-700,697,,-560,800,696;08,1524,23,1,1,90,,30,1500,696,,30,3600,699
KHDN|1|HDN|Yampa Valley~1|4812|27820|2014|10,3048,46,1,1,113.7,,550,-1600,2006,155,-550,1700,2012
KHVR|1|HVR|Havre City~8|85414|2371|790|08,1586,30,1,1,90,,260,-1010,787,,260,1190,786;03,1127,18,1,1,44.9,,-350,-510,789,,370,590,787
KLAR|1|LAR|Laramie~4|13121|43250|2220|03,2592,46,1,1,45.6,,-940,-1200,2220,,690,1000,2217;12,1921,30,1,1,134.6,,760,-600,2217,,-450,1000,2217
KLBF|1|LBF|North Platte Regional Airport Lee Bird~a|11262|93160|846|12,2439,46,2,1,126,,600,-600,846,,-680,1700,844;17,1352,30,1,1,181.1,,680,-900,846,,-530,-900,845,92
KLND|1|LND|Hunt~a|28152|12700|1703|04,1524,23,1,1,42,,-500,-600,1703,,510,600
KLWT|1|LWT|Lewistown~5|70484|5339|1271|08,1859,30,1,1,90,27,460,-390,1258,,460,2110,1253;03,1707,31,1,1,38,,-800,-1490,1271,,410,-90,1259;13,1250,19,1,0,140,,340,-990,1259,,-520,110,1269
KMBG|1|MBG|Mobridge~5|55465|95920|523|12,1344,23,1,1,126.8,,360,-700,519,,-360,700,518;17,728,76,4,0,180,,290,500,523,,-370,500,515
KMCK|1|MCK|McCook Ben Nelson~4|2078|94072|787|12,1966,30,2,1,131.5,,470,-620,787,,-700,1080,776;04,1219,23,2,0,46,,-500,-720,781,,260,380,779;17,405,49,4,0,181.5,,-230,80,780,,-600,80,780
KMIB|1|MIB|Minot Air Force Base|84156|86420|508|11,4022,91,2,1,125,,1060,-2200,508,,-1020,2200,502
KMLS|1|MLS|Miles City Airport - Frank Wiley~a|64273|41146|802|04,1757,23,1,1,52,,-560,-1160,801,,400,640,800;13,1714,30,1,1,135,,760,-760,802,,-330,840,800
KMOT|1|MOT|Minot~3|82580|87209|523|13,2347,46,2,1,138.4,,730,-990,519,,-850,1110,505;08,1935,30,1,1,90.3,,0,-1190,522,119,0,1410,505
KOLF|1|OLF|L M Clayton~1|80945|44250|605|11,1552,30,1,1,120,,350,-900,605,,-350,900,604
KPIR|1|PIR|Pierre~4|43827|97140|532|13,2103,30,1,1,141,,220,-800,527,,-1240,900,523;07,2097,30,1,1,77.2,,300,-1300,531,,720,1200,518
KPNA|1|PWY|Ralph Wenz~a|27955|1930|2165|11,2713,30,1,1,122.8,,580,-1200,2160,,-480,1000,2153
KRAP|1|RAP|Rapid City~4|40453|69430|977|14,2652,46,2,1,151.8,,850,-800,973,,-1250,800,958;05,1098,23,1,1,61.9,,260,-700,967,,720,500,977
KRCA|1|RCA|Ellsworth Air Force Base|41450|68960|999|13,4114,91,2,1,138,,1420,-1700,999,,-1340,1700,970
KRIW|1|RIW|Central Wyoming~4|30642|15400|1684|10,2501,46,1,1,114.3,,540,-1300,1684,,-390,1500,1663;01,1463,23,1,1,24.3,,-710,-600,1664,,490,200,1669
KRKS|1|RKS|Southwest Wyoming~4|15942|9350|2062|09,3049,46,1,1,103.2,,350,-1700,2051,,-280,1800,2060;03,1593,23,1,1,45.2,,-560,-800,2051,,450,500,2056
KRWL|1|RWL|Rawlins Municipal Airport/Harvey~a|18056|28000|2077|04,2136,30,1,1,54,,-550,-1000,2055,,580,1100,2077;11,1317,18,1,1,115,,220,-700,2077,,-260,700,2077
KSDY|1|SDY|Sidney - Richland~4|77051|58056|605|01,1739,30,1,1,24,,-750,-660,604,,680,240,603;11,1227,30,1,1,117,,720,40,603,,220,1440,599
KSHR|1|SHR|Sheridan~8|47692|30200|1226|15,2530,30,1,1,156,,780,-800,1223,,-1300,500,1212;13,2026,46,1,2,140.8,,1190,-400,1208,,-220,1200,1202;06,1536,23,1,1,68,,170,-800,1226,,690,1000,1201
KSNY|1|SNY|Sidney Municipal Airport Lloyd W Carr~a|11013|70150|1315|13,2012,30,2,0,135,,640,-900,1315,,-640,800,1305;03,1434,23,4,0,36,,-880,-500,1309,,160,600,1305
KVEL|1|VEL|Vernal~4|4362|4883|1609|17,2134,30,1,1,179,,1070,70,1604,,-640,170,1604;07,1252,18,1,3,89,,850,-430,1609,,860,970,1595
KVTN|1|VTN|Miller~a|28562|94508|791|14,1434,23,1,1,145,,560,-280,789,,-500,720,787;03,1128,18,1,1,36,,70,-180,789,,690,420,787
KWRL|1|WRL|Worland~5|39657|20490|1288|16,2134,30,1,1,175,,1050,-300,1268,,-870,-100,1288;10,763,18,4,0,118.5,,190,-100,1275,,-130,700,1286;04,683,18,4,0,56.9,,-480,100,1284,,-140,800,1287
KXWA|1|XWA|Williston Basin~3|82609|62488|714|14,2287,46,2,1,148,,866,-816,702,,-873,827,716
#US|S
01WY|||Keyhole~1|43483|51894|1295|12,1329,23,4,0;16,792,20,4,0
03WY|||Perala~a|43679|54894|1585|17,629,30,4,0
04MT|||Pluhar~1|71375|35119|828|E/W,640,30,4,0;N/S,579,30,4,0
04NE|||Mc Connell~g|11600|87010|925|N/S,762,30,4,0
05CO|||Rancho de Aereo~1|2150|50156|1517|18,808,18,4,0
06ND|||Fitterer's Strip|67489|83310|664|08,853,15,4,0
07MT|||Glasgow Industrial~1|84211|34720|842|10,4115,91,2,1,120,,920,-2400,840,,-930,2400,838
07WY|||Stallions~1|49601|38941|1242|13,671,15,4,0
08MT|||Matovich~1|70657|11904|1052|07,792,24,6,0
0CO1|||Dave's~1|333|48760|1576|N/S,762,15,4,0
0CO8|||Cartwheel~1|2083|49870|1527|17,610,9,6,0
0NA9|||Boyd's Turf~1|67500|61990|838|13,671,15,4,0
0ND7|||Saville Private~1|64653|98950|598|N/S,792,18,4,0
0NE0|||Merrihew~1|18500|80500|1163|NE/SW,701,30,4,0;NW/SE,549,30,4,0
0NE1|||Runner Landing Area~1|24072|80680|1146|E/W,762,15,4,0
0SD0|||Lenling~1|54250|91080|653|15,914,30,4,0
0SD3|||Bledsoe~b|52694|67830|875|09,1128,15,5,0
0SD7|||Porch~b|35243|82653|846|NW/SE,610,15,4,0
0WY1|||Dorsey Creek~b|44111|18367|1224|06,1036,21,6,0,,196.9
10MT|||Hoolie~1|78344|35272|770|N/S,610,18,4,0;NW/SE,488,18,4,0;E/W,457,18,4,0
10ND|||Smith Strip|71875|76380|671|18,549,15,4,0;09,396,15,4,0
10WY|||Willow Creek~b|34233|31764|1683|05,1372,30,4,0,,290
11MT|||Lammers~1|64628|5094|1249|18,539,9,5,0;10,383,9,5,0
12ND|||Pietschtree~6|82953|85730|477|14,422,30,4,0
12NE|||Reisig Brothers~1|19066|63000|1215|17,610,12,4,0
12WY|||Black Diamond~1|44500|16153|1341|16,762,15,4,0,,217.5
13NE|||Hock~1|3167|91910|846|N/S,792,61,4,0
14ND|||Hagen Private~1|62078|70920|856|NW/SE,646,30,4,0
15MT|||Saubak~1|85004|40900|823|E/W,457,30,4,0
16MT|||Bangart~a|54052|8700|1317|17,1006,12,5,0
16ND|||Kalberer~1|66968|94032|557|18,701,21,4,0
17CO|||Skylane~b|2723|49674|1524|09,762,12,4,0
18ND|||Bearpaw~1|67791|94851|532|8,655,23,4,0
19MT|||N Bar~b|68381|10632|1355|6,1829,30,1,0,,,-280,-1132,1355,,274,1126,1332
19NE|||Hoyt~1|1083|91910|825|N/S,1219,152,4,0
1CD1|||Reed~3|6883|51377|1631|10,853,18,4,0
1CD2|||Tonga~1|1674|52014|1501|08,914,7,1,0,80,223,-90,60,,,50,1160
1CD4|||Eagle Soaring~1|5062|30521|2012|02,1646,46,4,0
1CO3|||Bellmore Farms~1|7041|52020|1593|18,1524,15,5,0;14,914,9,5,0
1MT9|||Wilcox~1|57892|13107|1033|09,579,12,4,0;18,244,12,4,0
1NA8|||Preszler~6|66905|99050|547|08,686,24,4,0
1NE0|||Higgins Bros~1|23275|95757|872|NW/SE,762,30,4,0;N/S,610,30,4,0
1NE6|||Miller~6|13408|72220|1250|N/S,579,23,4,0;E/W,549,23,4,0
1SD0|||Dorsey~b|53230|82580|716|16,792,15,4,0
1SD4|||Vig Limousin~1|48667|75830|778|13,671,15,4,0,,240.6,,,,61
1SD6|||Bogner Number II~1|31103|67700|1067|17,549,61,4,0
21ND|||Rosenau~1|85822|91450|442|08,762,12,4,0
22WY|||Kissack/Reynolds~1|43381|48379|1335|16,640,9,4,0
23ND|||Minnkota Private~1|70822|87330|643|08,1219,18,1,1,80,,-90,-800,,,100,800
24NE|||Orr~1|23839|75610|1166|15,701,6,1,0;09,457,15,4,0
25CO|||Crystal Lakes~1|8516|43670|2573|07,1288,12,6,0
25ND|||Landeis~6|68663|90131|565|18,450,23,4,0
25NE|||Corr~1|17241|64890|1219|08,805,30,4,0;17,488,15,4,0
26ND|||Fleck~9|69196|90442|564|7,412,24,4,0
27NE|||Hendricks~a|7228|82040|1052|14,792,30,4,0
2CD9|||Kellogg~6|6814|48615|1579|01,671,15,4,0,,357;8,579,15,4,0
2CO3|||Jackrabbit Strip|3750|51270|1524|17,762,18,4,0
2NA0|||Soderquist~1|72567|92040|573|08,402,30,4,0
2ND1|||Westerlind~1|74925|93000|582|12,732,24,4,1
2ND2|||Makeeff~1|75669|92790|582|E/W,792,21,4,0
2ND5|||Cloud 9~1|76420|91788|580|17,676,18,4,0
2ND7|||Johnson~1|87517|91860|445|N/S,1219,18,4,0;NW/SE,853,18,4,0
2ND9|||Brekhus~a|88167|80830|564|E/W,1609,23,4,0
2NE4|||Spring Lake~1|24500|78521|1163|E/W,610,18,4,0;NE/SW,549,18,4,0;N/S,396,18,4,0
2NE5|||Fiese~6|8990|99085|773|N/S,610,15,4,0
2NE6|||Coppersmith~1|9208|87030|988|18,805,6,4,0
2NE7|||Kumor~1|8514|80570|1073|N/S,1067,18,4,0;E/W,792,30,4,0
2SD0|||Paradise Valley~1|41636|65210|1372|17,610,15,4,0
32NE|||Mc Ginn~b|17211|99120|841|12,610,15,4,0
33NE|||Orr~b|23829|74258|1183|10,1093,9,4,0;13,442,9,4,0
34CD|||Elk Park~b|2627|45520|2408|10,549,20,4,0
34NE|||Evans~b|12239|90650|882|N/S,805,12,4,0
35MT|||Haynes~b|58617|13532|1103|12,610,15,4,0
35NE|||Shelburnes~1|10518|81936|1059|17,853,38,4,0
36MT|||16~b|68008|11885|1207|10,1036,24,4,0,90
37N|||Garrison Dam Recreational~j|74831|85910|525|11,974,18,5,0,,,190,-500,523,,-270,600,518
37ND|||Sunset Strip|72320|74910|719|16,488,15,4,0
37S|||Fort Peck~1|80050|35180|698|12,1250,38,4,0,,1,,,,405;05,823,30,4,0
38V|||Arthur~5|15625|82881|1111|06,823,61,4,0
3CO2|||Mertens~1|6164|66676|1278|18,1219,30,5,0
3MT3|||Three Cross~b|61256|6350|1198|05,853,18,4,0
3NE2|||Phillips Private~1|23263|68052|1332|N/S,975,30,4,0;E/W,274,46,4,0
3NE7|||Pawlet~b|18291|76570|1173|N/S,853,14,4,0
3SD3|||Brown~a|38118|72800|847|18,488,14,4,0
3Y7|||Isabel~5|53898|85623|731|13,917,46,4,1,,232,290,-330,727,,-340,370,726
44ND|||Fredericks~b|75278|77590|678|09,762,9,5,0;15,488,8,5,0
44WY|||Underwood~1|28518|45006|1482|10,993,21,6,0,,265.9
46NE|||Jantzen~1|8938|84992|1029|9,853,18,4,0;18,640,18,4,0
47CO|||Mile Hi~1|9000|51660|1606|04,823,8,6,0;11,671,8,6,0
48CO|||Shaull Farm~6|7216|52220|1596|16,792,15,6,0
48ND|||Schirmeister Private~1|65125|94500|503|N/S,762,24,4,0
48U|||Greater Green River Intergalactic Spaceport|14580|5100|2189|04,1723,23,6,0
49CO|||Air Dusters Inc~1|933|56250|1457|08,805,18,5,0
49MT|||Firebuster~1|56057|8787|1189|10,1829,30,5,0,114,,342,-1066,1189,,-339,1070,1189
49U|||Shoshoni~5|32513|18790|1468|08,1417,27,6,0;11,899,23,6,0
4CO2|||Owl Canyon Gliderport|8047|50150|1690|01L,914,5,1,0;01R,914,7,1,0;15,762,15,4,0;09,549,15,4,0
4E8|||Richardton~1|68958|76450|760|11,1165,34,4,0
4MT4|||West Wind~9|56836|5983|1240|11,701,30,4,0
4NA0|||Lindvig~6|80084|64090|664|09,549,24,4,0
4NA1|||Ring Rock~b|82547|63270|688|11,518,15,4,0
4NA3|||Peterson~6|88572|86980|471|17,792,15,4,0
4NA5|||Berg Strip|82883|81720|686|09,536,11,4,0
4NA6|||Nicks Landing~1|84550|61200|744|11,610,18,4,0;17,457,18,4,0
4ND4|||Pfau Private~1|85639|91200|443|08,701,14,4,0
4NE0|||Regier Brothers~1|9161|84400|1025|09,792,23,4,0
4NE8|||Malone M-Bar~b|3828|88480|914|17,914,30,4,0;13,805,46,4,0
4NE9|||Holzfaster's~1|9992|85530|1007|N/S,945,24,4,0
4SD4|||Dan's~1|40417|69540|965|13,732,30,4,0
4U4|||Maddox Ranch Co~1|85134|9347|789|04,1113,15,4,1;11,687,17,4,0
4V6|||Hay Springs~5|26822|72990|1168|11,846,91,4,1,,319.4
52NE|||Svitak~1|20450|60340|1275|09,549,12,4,0
55ND|||Pete's Port~1|73556|72890|689|09,762,15,4,0
57NE|||Cole~i|29243|83063|993|11,732,15,1,0
5B4|||Bowbells~5|88097|77550|596|08,884,61,4,1,,276,-20,-900,596,,30,300,594,140
5CO8|||Pleasant Valley~1|3414|31510|2170|08,701,15,4,0
5NA0|||Semchenko~1|77736|87210|629|08,610,18,4,0;15,335,18,4,0
5ND0|||Stiehl~1|80764|59680|694|N/S,488,11,4,0;E/W,427,15,4,0
5NE3|||Diamond Bar Jones~1|14883|95125|884|N/S,610,61,4,0
5NE4|||Snyder~b|15713|88270|1015|17,549,30,4,0
5P5|||Presho~5|39060|99631|536|10,1021,46,4,1,,,100,-510,535,,-150,690,531
5T4|||Herreid~5|58483|99260|526|12,680,61,1,0,,,180,-300,524,,-210,400,524
5U0|||Denton~1|73208|580|1095|09,777,55,4,0
5U6|||Fairview~1|78611|59270|656|08,914,29,4,0
5V8|||Kadoka~5|38333|85030|750|12,792,46,4,1,,,250,-300,746,,-250,400,752;04,488,30,4,0,52,,-90,-200,750,,180,300
64ND|||Z. P.~a|68508|89250|561|15,811,14,4,0
64V|||Wallace~5|8319|88355|945|13,853,15,1,1,,288,,,,61
65CO|||WKR~1|5208|50333|1475|11,640,12,4,0
67CO|||Highline Farm~6|4700|51862|1446|17,427,23,4,0
69MT|||Flying H~1|77807|54729|751|1,899,18,4,0
69ND|||Tengesdal~1|87431|89580|456|N/S,457,12,4,0
6CO1|||Burnham~a|7814|50830|1711|08,1219,30,4,0
6CO6|||Skywagon~b|3119|48542|1581|07,792,11,4,0,,194
6H8|||Hazelton~5|64819|97300|611|17,1158,30,4,0,,340,550,600,608,,-490,600
6NA0|||Strom Private~1|89931|72620|588|17,805,18,4,0;08,488,18,4,0
6NA5|||Chase~6|69139|79900|652|13,1158,30,4,0
6NA6|||Marsh Brothers~6|86192|90220|451|08,488,12,4,0
6ND9|||Skinningsrud~1|83928|82360|613|11,945,23,4,1
6NE0|||Van Boening~1|7872|88341|945|12,920,24,4,0
6NE7|||Lee~a|2444|96620|747|E/W,640,38,2,0
6NE8|||Hoppy's~1|869|84310|984|15,792,30,4,0
6SD4|||Xpoint~1|31672|60902|1189|12,1057,30,4,0
6U5|||Hinsdale~1|83876|29167|677|07,671,23,4,1,,224;10,658,61,4,0;16,597,23,4,0
6U6|||Hogeland~1|88590|13405|956|07,957,18,9,1;16,375,15,4,0
74CO|||Westberg-Rosling Farms~1|472|57910|1480|14,762,12,5,0
75ND|||Jurgens~6|69075|75090|722|12,975,23,4,0;09,518,15,4,0
76V|||Thomas~i|25197|49799|1422|16,1340,21,4,0,,,,,1422,,,,1421
7CO0|||Parkland~1|717|49660|1539|08,1280,15,1,1,90.7,,0,-700,,,-10,800,1539;17,610,9,6,0,181
7G2|||Mc Clusky~5|74622|95130|579|13,956,24,4,1,,,330,-400,579,,-360,300,579
7N6|||Grenora Centennial~1|86256|60700|654|17,792,30,4,0,180,,260,500,654,,-450,500,654
7NA2|||Undlin~6|86878|86500|480|14,558,15,4,0
7NA9|||Sjule Private~6|89283|94220|512|17,1189,30,4,0
7ND1|||Wolberg's Private~1|70361|72220|774|09,457,15,4,1
7NE5|||Lierley Farms~1|10667|86320|981|N/S,914,12,4,0
7Q7|||White River~5|35608|92564|656|12,914,46,4,1,,344.3,290,-440,649,,-230,460,656
7U8|||Richey~1|76265|49204|760|14,820,23,4,1,,0.5
80ND|||Troy~a|88786|66300|634|08L,610,23,4,0;08R,610,23,4,0
80S|||Lavina~1|63072|10440|1064|07,1055,30,4,0
80V|||Medicine Bow~1|18836|38176|2026|10,966,24,4,0;06,817,15,4,0
81CO|||Mesa 1~1|4061|31790|2134|08,610,18,4,0
81ND|||Millers~6|83886|89550|471|13,732,15,4,0
82NE|||DRC~1|19252|88147|1019|12,1386,23,4,0
82WY|||Miller Strip|29609|54137|1494|12,517,6,4,0
83V|||Upton~5|40905|53590|1308|13,1131,24,5,1,,190
86CO|||Lazy W~1|3136|48550|1585|08,792,24,4,0
89ND|||Poleschook~1|79114|87510|684|17,518,21,4,0
8CO0|||Kent~1|2492|60055|1366|07,777,15,6,0
8CO2|||William Leon Schawo~1|6708|57920|1509|14,1158,15,6,0
8CO7|||Colorado Antique~a|1225|48280|1545|07,1036,46,4,0
8CO8|||Koenig~1|1080|72760|1265|12,823,12,4,0
8D6|||McIntosh~5|59108|86571|686|14,1128,46,4,1,,360,480,-410,692,,-410,390,685
8NE3|||Smith~a|4820|81928|1030|NW/SE,1006,18,5,0
8OA5|||Camp Crook~5|55551|60201|957|E/W,1219,11,6,0;N/S,914,11,6,0
8U0|||Ryegate~1|62905|7520|1124|07,1049,30,4,0
8U1|||Sand Springs Strip|71042|24970|969|10,732,18,4,0
8U3|||Scobey Border Station /East Poplar International/~1|89995|46010|762|07,1015,23,4,0
8WY6|||Lazy T~b|39254|27054|1480|17,1524,23,4,0,162,,650,-290,1467,,-320,290,1480
91N|||Turtle Lake~5|75094|90840|582|08,960,37,4,1,,326.1,20,-700,576,,20,600,582
96MT|||Powers Propair Service~1|56655|12827|995|6,440,15,4,0;7,414,15,4,0;12,324,15,4,0
96WY|||Cedar Creek~b|14089|34065|2365|04,457,15,4,0;12,244,15,4,0
99UT|||Sundog~1|3506|5990|1494|08,732,15,6,0
99WY|||Xingu~6|48458|27230|1323|18,823,30,4,0
9CO7|||Beaugh~1|3406|54270|1454|17,792,10,5,0
9MT0|||Pale Morning Dun~b|54030|22254|953|07,1082,21,1,0,,,,,950,61,,,953
9NA4|||Bodmer~1|86661|81090|575|17,792,23,4,0
9NE1|||El-Co~1|11433|80735|1113|11,792,15,4,0,,274.2,,,,76
9NE3|||Davis~b|21897|82140|1148|02,884,9,1,0
9NE8|||Brosius~a|14001|95217|917|12,610,30,4,0
9S7|||Winifred~1|75554|6140|1009|8,1341,46,1,0
9SD7|||Beaman~1|54750|99650|597|17,914,12,4,0;13,457,12,4,0
9V2|||Trenton~5|1880|89742|852|14,719,85,4,1,,344.3;01,689,91,4,0
9V3|||Harrison Skyranch~1|26958|61250|1482|12,853,15,4,0
CD20|||Sprague~1|4750|47800|1708|16,533,12,1,0
CD39|||Pond's~a|2650|48630|1539|08,762,18,4,0
CD99|||Lucky L~b|3583|31700|2134|17,549,15,4,0
CO06|||Wirth~a|5136|60880|1488|14,1347,12,4,0
CO48|||Crop Air Inc~1|5122|53487|1463|17,805,6,8,0
CO53|||Yankee~a|6347|50090|1539|18,823,17,4,0
CO55|||Christman~a|5972|48560|1573|16,1219,18,1,0,170.5,359.2,540,-100,,,-540,200,1573
CO58|||Wings N Things Airpark & Museum~1|1058|50450|1524|18,853,15,6,0
CO59|||Hay Fever~h|5458|54360|1475|17,457,15,4,0
CO60|||Horseshoe Landings~1|1053|55703|1463|18,762,23,4,0
CO82|||Land~1|958|54110|1524|17,914,9,1,0;08,366,6,2,0
D49|||Columbus~5|88986|72080|588|07,780,30,4,0,,181.5,-120,-500,588,,120,500,587,61
D58|||Timber Lake~5|54150|89170|668|12,1006,46,4,1,,339,310,-800,663,,-310,200,665;17,732,37,4,0,,,300,100,668,,-360,100,664
D61|||Towner~5|83583|96080|452|03,856,37,4,0,,,-270,-600,450,,370,100,452;16,833,46,4,1,,217.9,540,-700,452,,-290,-200,450
HAD|||Harford~a|29237|36899|1637|07,1161,9,6,0,,300
K00F||BDX|Broadus~1|54705|45429|1000|10,1341,23,1,1,114,214.6,450,-490,,,-40,1110
K05D|||New Town~5|79670|75220|587|12,832,18,1,1,131,312,280,-500,582,,-260,500,586,46
K08D|||Stanley~5|83008|75940|684|9,1189,18,1,1,108,,170,-800,684,,-170,700,683
K11V|||Easton/Valley View~1|3288|53854|1469|08,1219,8,4,0,91.4,270,-110,-240,1453,,-170,1260,1469;14,732,20,4,0,159,315,520,-340,,,-120,-40
K17V|||Haxtun~5|6275|73991|1230|08,1177,12,1,1,90,270.9,-250,-210,1225,,-250,1190,1222;17,503,9,4,0,180,308.2,-250,-210,,,-690,-210,,68
K18V|||Platte Valley~j|1000|52990|1513|15,1250,12,1,1,165,,500,-200,1513,,-580,200,1513;09,762,27,4,0,96.6,315,780,-500,,,690,300
K1S3|||Tillitt~a|62711|33760|831|08,1463,23,1,1,96,,80,-900,831,,-70,1000,831
K1V2|||Grant~8|20100|82299|1131|17,1212,15,1,1,178.4,350,600,10,,114,-490,110,,206
K20U|||Beach~1|69252|60180|840|12,1280,18,1,1,133,,390,-600,840,,-400,600,838
K20V|||McElroy~9|534|36309|2259|09,1689,23,1,1,104,,190,-990,2254,,-170,910,2259
K2V5|KRYA||Wray~5|1003|77590|1118|17,1646,23,1,1,180,,750,0,1121,,-730,0,1109;14,1536,21,1,2,150.2,,600,-400,1118,,-600,500,1103
K2V6|||Yuma~5|1042|72870|1261|16,1280,23,2,1,169.4,225.5,590,-200,,,-550,-100;12,999,18,1,0,129.2,346,170,-300,,,-340,600
K33U|||Dutch John~1|9177|6090|2000|11,1829,18,1,0,123.2,358.9,540,-900,1994,,-460,900,1999;03,1417,46,4,2,45,270,-190,-200,,,720,1000,,303;07,1356,30,4,2,82.1,313,230,-600,,,400,900
K33V|||Walden Jackson~8|7504|37290|2485|03,1799,23,1,1,45.8,,-590,-800,2485,,540,700,2484
K3P3|||Mott~5|63597|76770|735|09,1067,18,1,1,103.6,,110,-700,734,,-110,700,734
K3U4|||Saint Labre Mission~1|56066|37255|887|13,1167,29,5,0,147,,-220,350,,,-1100,1150
K3V0|||Custer State Park~1|37250|66500|1213|15,1219,15,1,1,158,,430,-300,1213,,-590,300,1189
K40U|||Manila~1|9861|3220|1882|07,1617,18,1,1,82.7,,-100,-1000,1882,,90,900
K42V|||Jones~1|580|84530|953|15,1067,8,2,0,150,,420,-300,,,-410,300,,305
K47V|||Curtis~5|6400|95255|816|12,1037,18,1,1,128.3,,-60,50,816,,-640,950;17,671,37,4,0,177.5,,-110,350,,,-710,350
K48S|||Harlem~1|85661|12270|806|11,1250,23,1,1,125,,620,-900,806,,-20,500,792;15,589,37,4,0,174,,-190,500,,,-720,600
K49B|||Sturgis~5|44180|66250|988|11,1554,23,1,1,113,,270,-900,988,,-270,900,977
K4U6|||Circle Town~8|74186|44380|739|12,1250,23,1,1,138,,220,600,,,-610,1700;03,695,59,4,0,48,,-510,600,,,-50,1300
K4V0|||Rangely~1|940|12370|1608|06,1953,23,1,1,77.4,,-190,-1100,1595,91,190,1100,1608;03,640,18,1,2,44.2,,70,200,1596,,490,700,1598
K5C8|||Washburn~5|73512|89741|582|08,1128,18,2,1,81,,-110,-610,581,,50,890,580;17,681,37,4,0,188,,580,90,581,,60,-10,581
K5P2|||Mc Laughlin~5|57968|92160|611|13,1158,18,1,1,140,,400,-500,608,,-400,500,609
K5U7|||Fort Smith~f|53198|20685|988|07,1166,15,1,0,90,,100,-750,988,,100,750,,43
K6S0|||Big Timber~1|58067|208|1369|06,1611,23,1,1,75,,-480,-1080,,,-90,920;18,1059,23,4,0
K6S1|||Bridger~5|52917|10784|1134|16,1036,13,1,1,174,,470,-440,,37,-480,-340,,145
K6S3|||Woltermann~i|56305|7610|1090|10,1158,23,1,1,112,,200,-700,1090,61,-190,700,1085
K6S8|||Laurel~5|57031|12390|1072|04,1585,23,1,1,50,,-150,-300,1063,,760,1300,1053;14,915,18,1,1,152,,120,-600,1072,,-420,-200,1055;09,335,18,4,0,98,,130,-500,1072,,90,-100,1064
K6U7|||Hysham~1|62935|28064|800|07,933,14,1,1,90,,-430,-840,,,-430,360
K6V0|||Edgemont~5|32952|61560|1099|12,1189,18,1,1,131.8,,370,-500,1099,,-350,600,1093;16,614,30,4,0,173.8,,-80,400,1094,,-630,500,1094
K6V4|||Wall~5|39993|77455|857|12,1067,18,1,1,135,,360,-450,853,,-320,450,857
K6V5|||Bison~5|55183|75321|849|11,1067,18,1,1,122.8,,280,-510,,,-250,690,848
K7K5|||Kenmare~5|86676|79520|598|08,1128,18,1,1,90,,20,-1000,598,,20,600,596
K7L2|||Linton~5|62183|97550|542|09,1128,18,1,1,105.4,,430,-900,538,,160,500,542
K7V5|||Brush~5|2643|64230|1305|07,1311,18,1,1,79.5,,-150,-1200,1303,,60,400,1305
K7V6|||Camp Guernsey~1|22596|52720|1341|14,1542,27,1,1,152.2,,680,-500,1341,,-660,400,1320
K7V8|||Julesburg~5|9708|76850|1065|13,1250,18,1,1,138.9,,390,-500,1073,87,-380,400,1070
K82V|||Pine Bluffs~5|11533|58700|1570|08,1625,23,1,1,89,,-10,-1000,1570,,10,900,1563
K84D|||Cheyenne Eagle Butte~1|49844|87490|746|13,1280,23,1,1,134.9,,400,-600,741,,-410,600,746
K8F6|||Murdo~5|38517|92880|690|14,1036,18,1,1,148.3,,390,-300,690,,-390,300,687
K8U6|||Terry~1|67771|46869|696|08,1311,23,1,1,91,,10,-890,695,,0,810,696
K95D|||Beulah~1|72508|81860|546|10,1228,18,1,1,114.4,,230,-700,546,,-220,700,546
K97M|||Ekalaka~1|58778|54630|1068|13,1158,23,1,1,139,,410,-600,,,-390,400
K98D|||Onida~5|47008|98990|571|13,1158,18,1,1,139,,380,-400,567,,-260,400,571;08,658,37,4,0,90,,-90,-400,,,-90,400
K9D2|||Harding~8|55806|64700|881|12,1189,18,1,1,132.8,,360,-500,881,,-370,600,868;08,686,30,4,0,95.1,,20,-500,876,,-30,400,873
K9S2|||Scobey~1|88076|45607|741|12,1225,23,1,1,134,,390,-570,727,,-370,630,741
K9U0|||Turner~1|88542|15910|929|07,1101,18,1,1,80.3,,-90,-700,,,80,700;10,668,27,4,0,127,,240,-1000,,,-210,-100
K9U4|||Dixon~1|10383|25030|1987|06,2134,23,1,1,72.2,,-230,-1000,,,230,900
K9V5|||Modisett~1|27365|75557|1143|14,1189,18,2,1,150,,470,-370,1142,,-450,330,1143
K9V6|||Martin~5|31656|82873|1004|14,1127,18,1,1,146.1,,430,-430,1004,,-420,370,999
K9Y1|||Weydahl~a|73928|72290|688|12,1280,15,1,1,133,,300,-600,689,,-480,700,683
KAKO|1|AKO|Colorado Plains~4|1756|67780|1437|11,2134,30,1,1,119.3,,470,-1100,1437,,-470,1100,1423
KBDU|1|WBU|Boulder~5|391|47740|1612|08,1250,23,1,0,,,0,-700,,,0,700;08G/26G,1250,6,1,0
KBHK|1||Baker~5|63466|57419|907|13,1800,23,1,1,138,,600,-790,902,,-390,510,906
KBWW||BWM|Bowman~4|61655|66993|904
KBYG|1|BYG|Johnson~8|43811|32780|1514|13,1872,23,1,1,138,,620,-800,1514,,-630,800,1494
KCAG|1|CIG|Craig Moffat~1|4952|24780|1888|07,1709,30,1,1,83,,-90,-1000,1884,,100,1000,1888
KCNP|||Billy G Ray~a|10775|75360|1122|12,1219,17,1,1,129.9,,350,-600,1122,,-360,600,1119,40
KCSB|||Cambridge~5|3066|98380|736|15,1249,18,2,1,155,,510,-300,735,,-510,300,730
KCUT|||Custer~8|37333|63820|1707|08,1676,18,1,1,83.9,,-100,-1200,,,60,900
KCZD|||Cozad~5|8691|99960|763|13,1524,23,2,1,137.5,,420,-500,763,,-420,490,761;18,914,91,6,0,190.2,,430,300,762,,-380,100,761
KD05|||Garrison~5|76559|85630|590|13,1127,18,1,1,139.9,,300,-400,590,,-480,500,581;03,798,37,4,0,40.6,,-230,-300,587,,380,400,589
KD07|||Faith~5|50361|79800|787|13,1277,19,1,1,144.4,,490,-500,,,-440,500
KD09|||Bottineau~5|88304|95830|512|13,1128,18,1,1,135.1,,300,-500,511,,-420,600,506;03,645,52,4,0,33,,-120,-400,507,,340,0,512
KD50|||Crosby~5|89285|67030|594|12,1158,18,1,1,135.1,,370,-600,594,,-370,500,593;03,817,30,4,0,44.2,,-350,-200,593,,180,600,591
KD57|||Glen Ullin~4|68128|81400|637|11,1158,18,1,1,118,,400,-1200,637,,-100,200,637
KD60||VEX|Tioga~5|83805|71020|692|12,1555,23,1,1,133,,390,-700,682,,-450,700,691;03,975,37,4,0,41,,-280,-400,687,,380,400,682
KD64|||Westhope~5|89134|89670|455|13,914,18,1,1,140.1,,300,-400,455,,-310,300,455
KDGW|1|DGW|Converse~8|27972|46140|1504|11,1992,30,1,1,117.8,,160,-700,1496,,-680,1400,1503;05,1451,23,1,1,66.8,,90,-1300,1493,,600,400,1497
KEAN|1|EAN|Phifer~9|20555|50710|1456|08,1798,23,1,1,89.4,,-10,-1000,1455,,10,1100,1453
KECS|1|ECS|Mondell~a|38838|56858|1272|14,1618,23,1,1,144,,740,-780,1272,152,-430,420,1272;17,813,12,4,2,180,,510,-480,1272,183,-220,-480,1272;05,677,15,4,2,60,,60,-1080,1262,,370,-380,1266
KEEO|||Meeker~1|488|21140|1957|03,1982,30,1,1,39.5,,-690,-700,1935,,690,700,1957
KEFC|||Belle Fourche~5|47342|61380|973|14,1372,18,1,1,152.2,,550,-400,965,,-550,400,969;18,1109,37,4,0,192.6,,550,200,972,,-420,-100,972
KEIK|||Erie~5|102|49520|1564|16,1433,18,2,1,167,,630,-200,1546,,-630,200,1559;09,686,15,1,2,105.4,,80,-400,1549,,-80,400,1564
KFMM|||Fort Morgan~5|3358|61956|1393|14,1747,23,2,1,151.6,,520,-560,1392,,-740,340,1392;17,1590,24,6,0,181.2,,310,340,1392,,-730,340,1373;08,752,30,6,0,89.9,,-300,-560,1376,,-300,340,1375
KGEY|1|GEY|South Big Horn~8|45168|19170|1201|16,2135,46,1,1,169,,1000,100,1190,,-700,500,1193;8,2119,23,1,0,86,,-280,-1200,1199,,-230,200,1194
KGGF|||Grant~5|8695|82670|1044|15,1462,18,2,1,150,,570,-400,1042,,-570,400,1043
KGNB|||Granby Grand~8|897|40830|2500|09,1524,23,1,1,100.8,,130,-900,2488,,-130,900,2500
KGRN|1|GRN|Gordon~5|28060|78250|1086|04,1584,23,1,1,48.6,,-400,-600,1080,,540,800,1086;11,696,15,1,1,122.8,,0,-700,1082,,-340,0,1080
KGTE|||Gothenburg~5|9263|98520|780|14,1006,46,4,1,148.6,,250,0,779,,-530,600,779;03,792,15,2,1,38.3,,-280,-300,779,21,280,300,780
KGXY|1|GXY|Greeley–Weld~8|4374|53670|1432|17,3048,30,1,1,177.8,,1880,100,1432,,-860,200,1418,335;10,1768,30,1,1,105.4,,-670,-1300,1421,,-1090,700,1416;18,1097,23,1,2,181.1,,-360,600,1418,,-1350,500,1414
KHBC|||Mohall~5|87684|84630|503|13,1097,23,1,1,140,,320,-400,501,,-330,400,502
KHEI|||Hettinger~5|60149|73440|824|12,1418,23,1,1,135,,510,-500,824,,-380,700,822;17,616,34,4,0,179.4
KHEQ|||Holyoke~1|5694|77270|1137|14,1524,23,1,1,148.7,,590,-400,1137,,-580,500,1135
KHSG||THP|Hot Springs~8|37136|16103|1492|05,1942,23,1,1,,,,,1491,,,,1491
KHSR|||Hot Springs~5|33666|66095|960|01,1373,30,1,1,21.6,,-320,-150,960,,830,450,957;06,1197,72,4,0,76,,-70,-350,959,,190,1050,957
KHWQ|||Wheatland County Airport at Harlowton|64486|1470|1314|09,1280,18,1,1,96,,610,-1000,,,500,600
KHZE|||Mercer County~4|72899|84190|553|15,1524,23,1,1,152,,590,-400,544,,-630,500,553
KIBM|||Kimball Municipal Robert E Arraj~a|11881|63230|1501|10,1889,23,2,1,104.8,,210,-1100,1501,,-220,1100,1494
KIEN|1|XPR|Pine Ridge~1|30209|74939|1016|12,1524,23,1,1,129,,470,-790,1005,,-390,710,1015;06,915,15,1,2,77,,270,-1790,999,,460,-690,1006
KIML|1|IML|Imperial~5|5093|83790|998|13,1531,30,2,1,144,,550,-500,997,,-560,600,995;03,840,85,6,0,45.4,,0,-200,997,,590,600,998
KJDN|1|JDN|Jordan~1|73288|30470|811|10,1311,23,1,1,115,,700,1100,,,200,2700
KLEM|1|LEM|Lemmon~5|59187|78940|784|11,1372,23,1,1,125.9,,400,-600,782,,-320,800,783;17,579,18,4,0,185,,90,-200,,,-430,-300
KLMO|||Vance Brand~1|1637|48370|1541|11,1463,23,2,1,123,,410,-800,1541,,-300,600,1533
KLSK|1|LSK|Lusk~5|27538|55950|1513|10,1542,23,1,1,115.5,,300,-800,1513,,-300,900,1509
KM46|||Colstrip~1|58529|32910|1044|06,1554,23,1,1,75,,-190,-1000,1044,,180,900,1031
KM75||MLK|Malta~1|83669|20810|687|08,1372,23,1,1,84.7,,-100,-1000,687,,10,900,687
KOGA|1|OGA|Ogallala Municipal Airport Searle~a|11195|82300|999|08,1555,23,2,1,89.9,,-170,-1100,994,,-170,700,989;13,1128,18,1,1,144.3,,640,-100,999,,-180,700,989
KOKS|1|OKS|Garden County Airport/King Rhiley~a|14010|76450|1034|12,1432,18,2,1,133.6,,540,-800,1034,,-350,500,1031
KPHP|1|PHP|Philip~1|40485|83991|673|12,1219,23,1,1,128.2,,280,-510,673,,-400,690,668;05,1094,37,4,0,63.2,,-130,-310,671,,320,890,670
KPOY|1|POY|Powell~5|48672|12070|1552|13,1890,30,1,1,145,,880,-600,1522,,-510,800,1552;03,799,30,4,0,44,,-540,-600,1552,,-110,0,1543;16,732,30,4,0,180,,120,-100,1527,,-530,-100,1541
KPWD|1|PWD|Sher-Wood~1|87903|54660|686|12,1189,23,1,1,132,,190,500,686,,-530,1700,682;08,899,18,4,0,87,,240,500,,,290,1700;16,488,25,4,0,180,,-80,200,,,-630,200
KRED|||Red Lodge~1|51846|7423|1757|16,1219,23,1,1,175,,820,-1030,,,-270,-930
KRPX|1|RPX|Roundup~1|64751|14585|1067|07,1554,23,1,1,78,,-150,-950,1064,,150,950,1046;16,750,30,4,0,168,,300,-650,1056,,-360,-450,1061
KRUG|||Rugby~5|83904|99760|472|12,1097,18,1,1,128.2,,310,-600,467,,-310,600,472
KS25|||Watford City~5|77957|67460|643|12,1996,23,1,1,134,,430,-600,627,312,-400,700,643,229;18,707,46,4,2,180
KS71|||Edgar G Obie~1|85921|7490|736|08,1219,23,1,1,100,,100,-800,736,,-90,900,734
KS85|||Big Sky~a|81533|54960|596|08,1158,18,1,1,90,,0,-800,,,0,800
KSAA|1|SAA|Shively~a|14449|31760|2137|05,2683,30,1,1,66,,-630,-1800,2137,,350,1100,2106
KSBS|1|SBS|Steamboat Springs Bob Adams~a|5163|31340|2098|14,1357,30,1,1,152.9,,540,-400,2094,,-550,300,2096,183
KSPF|1|SPF|Black Hills Airport-Clyde Ice~a|44803|62170|1198|13,1951,23,1,1,135,,1050,-1400,1184,,-200,400,1187;08,1220,30,4,0,90,,-360,-1100,1198,,-360,400,1198;04,608,37,4,0,41,,-320,300,1189,,90,800,1177
KSTK|1|STK|Sterling~5|6135|67362|1231|15,1585,23,1,1,166,,960,-320,1230,125,-290,80,1227;04,762,46,5,0,45,,-320,-420,1229,,170,280,1228
KTIF|||Thomas~8|19627|94296|892|11,1342,18,1,1,118.2,,180,-460,892,,-290,740,888
KTOR|1|TOR|Torrington~5|20645|58470|1282|10,1738,23,1,1,115.4,,270,-1100,1281,,-410,800,1278;02,1037,18,1,0,28.5,,-220,100,1279,,510,600,1278
KU25|||Dubois~5|35483|3100|2222|11,2042,23,1,1,113,,390,-1300,2217,,-260,800,2206
KU68|||North Big Horn~8|49120|15565|1247|09,1585,23,1,1,105.8,,200,-950,1244,,-190,950,1247;16,569,20,4,0,171.8,,110,-750,1244,,-400,-650,1245
KW43|||Hulett~5|46629|54320|1300|13,1676,23,1,1,142.1,,590,-600,1279,,-600,700,1300
KY19|||Mandan~5|67682|91060|593|13,1341,23,1,1,145.3,,550,-500,590,,-440,500,591;04,890,43,4,1,55.6,,-320,-500,586,,120,400,593
KY27|||Standing Rock~1|60664|93650|498|14,1127,18,1,0,155.1,,560,-100,497,,-360,500,497
KY74|||Parshall Hankins~1|79364|78580|619|12,978,18,1,1,129,,250,-600,609,,-510,800,622;17,411,6,4,0,180.1,,440,-200,,,70,-200
MHN||MHN|Hooker~8|20422|89409|994|09,770,8,3,0
MT04|||Olfert~1|84042|39910|838|E/W,945,21,5,0;N/S,853,18,4,0
MT05|||Laird~b|56681|52970|1055|12,792,18,4,0
MT08|||Zortman~1|79167|15170|1189|13,1158,15,1,1,144,,-450,400,,,-1290,1300
MT20|||Hollstein~b|68583|59010|847|08,792,15,4,0;13,792,15,4,0
MT29|||Sunday Creek~j|64789|41420|759|12,1067,23,4,0;18,914,23,5,0
MT38|||Swank~1|84034|48430|672|08,610,15,4,0
MT50|||Lanning~b|50878|51810|1218|16,914,30,4,0
MT51|||Zerbe~1|82770|40380|829|16,805,23,4,0;07,610,15,4,0
MT58|||Nelson~1|77667|38120|739|E/W,762,61,4,0;NW/SE,762,61,4,0
MT65|||Smithfield~1|71165|6179|1332|6,807,15,4,0
MT79|||Sand Creek Wildlife Station~1|75842|12910|896|08,792,15,4,0
MT80|||Vine~1|80423|43928|632|07,549,30,4,0
NA07|||Kornkven~6|88864|93050|459|E/W,805,15,4,0
NA12|||Johnson Private~1|74317|91580|585|17,518,21,4,0
NA13|||Linrud~6|81222|90630|489|08,1524,23,4,0
NA18|||Hought~6|84134|61640|732|08,610,18,4,0
NA22|||Vernon Miller Private~1|60125|62040|945|12,549,5,4,0
NA39|||Dorbrinski~1|78978|81450|650|17,805,24,4,0
NA49|||Paul~6|84178|99450|466|08,610,14,4,0
NA54|||Moser~6|59550|95580|533|17,792,9,4,0;08,305,15,4,0
NA63|||Storseth~6|86667|61440|671|16,427,15,4,0
NA73|||Welstad Farms~6|85639|90000|451|08,792,37,4,0;13,792,37,4,0
NA79|||Philbrick Private~6|74042|91180|584|17,536,15,4,0
NA88|||Regan~6|72239|95770|628|09,762,18,4,0
NA90|||Circle Z~f|74667|87770|610|13,579,15,4,0;08,305,15,4,0
NA92|||Overland-Lohse~a|85786|65340|647|08,693,46,4,0
NA98|||Dilse Private~6|63024|68299|877|12,610,23,4,0
ND15|||Simon~a|71347|85248|688|17,448,30,4,0
ND16|||Frei Private~1|74417|77580|640|01,518,18,4,0
ND18|||Judy Strip|85064|87830|479|12,762,30,4,0,,,230,-200,479,,-280,500,476
ND22|||Fischer Private~1|76833|84000|629|N/S,732,18,4,0
ND26|||Gajewski~a|79000|63410|640|17,701,12,4,0,,,259,-379,640,,-353,-384,640
ND41|||Voller~1|61347|98870|579|17,427,15,4,0
ND42|||Warren Pietsch~1|81031|89220|472|11,853,21,4,0
ND43|||Flying S~b|82000|85960|561|17,1219,91,4,0
ND44|||Underwood~1|74667|88660|620|13,1036,24,4,0
ND56|||Rustad~1|76891|81207|610|8,1036,18,4,0
ND62|||Brands~1|68483|75420|739|E/W,732,46,4,0;NW/SE,366,30,4,0
ND72|||Lonetree~6|76844|99150|502|12,872,46,4,0
ND75|||Pete's Tractor Salvage~1|77200|97310|504|13,914,18,4,0
ND85|||Humann Private~6|64931|98210|604|17,701,23,4,0
ND86|||Peterson~1|85639|60370|668|12,664,27,4,0
ND96|||Sauter~1|68017|93210|527|08,914,30,4,0
ND98|||Cloud Nine~1|67608|93450|558|13,640,30,4,0
NE25|||Orr~a|11819|91400|872|08,591,12,4,0
NE34|||Fehringer~e|10386|70450|1311|17,701,20,4,0
NE95|||Frenchman~1|2293|91432|789|10,884,30,4,0
PO1|||Poplar Muni~1|81329|48350|621|09,1341,23,1,1
S00|||Opheim~1|88667|35830|995|16,815,46,4,0;04,474,30,4,0;10,366,30,4,0
S28|||International Peace Garden~1|89978|99570|705|10,914,18,1,0,112,,110,-600,705,,-200,500,705
SD14|||Valburg~b|37339|96079|515|09,914,15,4,0
SD21|||Hayes Emergency~6|43749|89857|605|14,640,30,4,0
SD24|||Eden Valley~1|44470|66019|936|10,1177,18,4,0;09,960,18,4,0
SD33|||Sky Ranch for Boys~1|54793|59945|975|11,1463,9,1,1,121;04,610,15,5,0,51
SD35|||Bruch~9|44943|66043|908|09,914,12,4,0
SD36|||Booth~b|51292|92440|686|13,610,15,4,0;09,408,15,4,0
SD41|||Shambo~b|55333|81660|762|11,1448,23,4,0
SD47|||Hunt~a|50028|87870|744|NW/SE,610,38,4,0
SD48|||Blomberg 42 Ranch Private~1|52000|73500|796|14,724,24,4,0;06,518,15,4,0
SD57|||W L Thompson~1|45666|92500|644|N/S,792,24,4,0;E/W,732,24,4,0;NW/SE,732,24,4,0
SD68|||Flying T~1|33847|65690|1120|NW/SE,1036,15,4,0
SD71|||Bogner~a|31166|66330|1116|NW/SE,762,30,4,0;E/W,366,30,4,0
SD74|||Vander Wal Private~1|59955|96240|596|15,792,15,4,0
SD76|||Tennant~b|58286|60594|942|03,640,9,5,0;12,427,15,5,0
SD98|||Barber~1|44628|74471|809|14,975,46,4,0
UM-0003|||Whomble~1|211|78251|1128|14,975,12,4,0
US-0937|||Kutcher-Lakeview~1|5192|55417|1454|18,762,18,4,0,,,344,-4,,,-337,-1
US-1094|||Steppler~a|79804|52911|644|14,823,34,6,0
US-1193|||Landing Pointe~1|57336|13258|1001|7,767,23,4,0,,,30,-490,1001,,30,230,999
US-1251|||Ostlunds~1|56760|14294|1167|11,551,18,4,0
US-12709|||Stuhlmiller~a|21565|71184|1212|17,1191,24,4,0
US-12712|||5 Springs~1|47746|18319|1122|12,732,30,4,0
US-12736|||Blu Skyz~1|81369|88424|503|13,429,15,4,0
US-1504|||Stevens~b|52880|38547|1006|15,691,12,4,0,155,,310,-220,1000,,-260,150,1006;1,479,12,4,0,7,,-240,20,1006,,1075,90,1006
US-1513|||Husky~b|57875|12705|1068|3,716,27,4,0;13,488,27,4,0;9,396,27,4,0
US-1534|||Taylor Flat~1|8898|8356|1718|8,762,21,6,0
US-5528|||Frontier~a|6170|92742|908|18,762,23,4,0,,,348,-61,895,,-339,-63,908
US-6883|||Rothwell~1|17393|81951|1129|6,648,15,4,0,80,,81,-346,1129,,178,421,1128;13,611,15,4,0,138,,57,-291,1129,,-351,203,1129
US-7520|||Flying Dog~j|57353|13154|1004|7,789,9,4,0,90
US-8376|||Infinity Landing~1|42187|67486|963|13,1524,15,1,0
US-8447|||Michael Skypark~1|11667|55505|1719|9,622,9,2,0
US-8480|||Maga~a|1822|59008|1399|17,1480,9,5,0
US-9102|||Nilhas Aero~b|6791|52723|1554|18,763,30,4,0
US-9273|||MRW Farms~9|6861|52003|1577|15,537,18,4,0
UT67|||Paradise Air Park|4411|1530|1737|01,1158,15,5,0
UT69|||Pelican Lake~1|1814|3280|1468|08,1189,23,6,0
UT79|||3-I Rocker~b|4156|6560|1483|14,671,15,4,0
WY00|||Red Reflet~b|39677|26203|1408|10,1524,23,1,0,,,270,-830,1395,,-270,870,1442
WY01|||Dilts~b|33948|44499|1463|06,792,18,4,1
WY05|||Skyview~j|12172|54160|1779|08,1189,21,4,0
WY06|||Luckinbill~6|48383|3768|2012|08,732,15,5,0
WY07|||Hardy~b|33252|43240|1547|17,1219,18,4,1;03,1117,18,4,1;07,844,18,4,1
WY09|||Sherwin Field Number 1~1|35070|51182|1277|NW/SE,1006,30,4,0
WY11|||A Bar A Ranch~6|11556|34440|2402|NW/SE,1739,15,1,0
WY12|||Ohman~b|39264|43470|1495|03R,908,23,4,0;10,753,30,4,0;03L,396,23,4,0;12,366,23,4,0
WY13|||Little Buffalo~b|37861|43360|1499|NEL/SWR,1433,18,4,0;N/S,686,18,4,0;NW/SE,610,18,4,0;NER/SWL,549,18,4,0
WY14|||Ipy~b|46375|53110|1207|11,914,18,6,0
WY15|||Bunch Grass Intergalactic~1|46897|13215|1344|08,610,23,6,0;13,610,23,6,0
WY16|||Robbins~1|22600|41410|2207|06,1036,15,4,0;12,610,15,4,0
WY17|||Ellis~b|20219|35735|1990|08,945,23,4,0
WY18|||Iberlin Ranch Number 2~1|35601|39901|1530|NW/SE,1524,11,6,0
WY22|||Iberlin Ranch Number 1~1|39733|40281|1372|03,610,9,6,0
WY23|||Iberlin Strip|40733|37340|1320|01,610,9,6,0
WY25|||Snell - North Laramie River~1|21421|50598|1369|12,610,12,4,0
WY27|||Wagonhound~1|25867|44620|1667|08,945,18,4,0
WY29|||Vowers~b|16193|52145|1692|06,1219,18,5,0
WY34|||Bridger Creek~1|33405|23130|1631|14,975,18,6,0
WY36|||Bakers~a|47939|12654|1326|07,762,18,6,0
WY38|||Orchard~b|36236|25920|1608|04,1006,15,4,0,,,,,1608
WY42|||Yu~b|43075|12630|1576|02,1524,24,4,0
WY44|||Robbers Roost~b|34266|57638|1135|13,762,11,4,0;16,762,11,4,0
WY46|||Radio~b|10728|51743|1864|8,565,15,4,0,84,,-27,-330,1864,,23,340,1857
WY53|||Moburg Aero~1|40829|58679|1819|1,908,30,4,1
WY55|||Taylor~a|44186|54060|1509|14,762,14,4,0
WY56|||Pierce~b|49701|54315|1082|17,736,5,4,0
WY58|||Hilty~a|20720|50133|1448|8,554,15,4,0
WY59|||Two Bar~b|19334|49092|1558|17,1463,15,5,0
WY65|||Madsen~1|43489|46630|1372|09,732,12,4,0
WY66|||Chamberlain Brothers~b|27522|43800|1596|08,1097,23,4,0
WY70|||Lowmiller~1|48348|19825|2426|10,823,18,6,0
Y71|||Elgin~5|63828|81550|718|12,866,37,4,1,,,310,-400,713,,-280,400,718
Y99|||Trulson~a|80306|80470|642|08,975,18,4,1,,,-20,-500,638,,-20,800,640
