#RU|L
URKK|1|KRR|Krasnodar Pashkovsky~3|50345|91742|36|05R,2998,44,2,1,53,,-850,-80,34,,790,2940,36;05L,2200,49,1,1,53,,-540,-3280,33,,660,-1070,34
URRP|1|ROV|Platov~3|74939|99247|65|05,3600,45,2,1,54,,-936,-1934,69,,950,1949,86
URSS|1|AER|Sochi~3|34499|99566|27|06,2895,45,2,1,58,,-1040,-3070,12,,70,190,26;02,2500,49,2,1,22,,-1410,-1080,15,,330,250,27
#RU|M
RU-0089||NOI|Krymsk~d|49629|79991|20|04,3000,60,2,1
RU-0090|||Krasnodar Central~d|50824|89443|32
RU-0211|||Taganrog Tsentralny~d|72465|88403|46|05,2505,44,2,1,55,,-670,-1370,46,,640,1330,46
RU-0372|||Rostov-on-Don Central~d|72774|96356||05,2500,44,2,1,60,,-520,-1390,77,,580,1480,91
RU-10077||EIK|Yeysk~1|66800|82100|18|08,3600,60,2,1
URKA|1|AAQ|Anapa Vityazevo~1|50021|73473|53|04,2500,42,2,1,42.3,,-840,-1060,42,,840,1060,53
URKG|1|GDZ|Gelendzhik~1|45821|80125|30|01,3100,45,2,1,14,,-1360,-420,27,,1340,520,40
URRT||TGK|Taganrog Yuzhny~1|71983|88492|36|10,2759,40,2,0,104,,300,-1740,36,,-250,1460,21
#TR|L
LTAC|1|ESB|Esenboğa~3|1281|29951|953|03L,3750,45,1,1,36.3,,-1030,-1140,945,350,1430,1210,952;03R,3750,60,1,1,35.4,,-1400,-1190,944,,1320,1400,953
#TR|M
LTAE|1||Akıncı~d|789|25656|843|03,3350,45,1,1,32.8,,-1270,-1060,832,,1270,1070,843
LTAL|1|KFS|Kastamonu~1|13142|37958|1073|18,2250,45,1,0,182,,960,150,1073,,-1000,-130,1073
LTAP|1|MZH|Amasya Merzifon~1|8294|55220|536|05,2926,45,1,1,54.6,,-770,-1410,536,,760,1410,531
LTAS|1|ONQ|Zonguldak Çaycuma~1|15064|20886|13|18,2131,45,2,0,,,810,110,,,-870,-100
LTAW|1|TJK|Tokat~1|3247|63906|567|06,2700,45,2,0,,,-388,-1529,564,,436,1462,564;04,1615,30,1,0,49,,-2332,-3239,557,,-1199,-1527,557
LTBQ|1|KCO|Cengiz Topel~1|7350|833|55|09,3000,30,1,1,96,,150,-1760,55,,-140,1750,53
LTCB|1|OGU|Ordu–Giresun~1|9669|80860|3|10,3002,45,1,0,102,,270,-1713,,,-280,1762
LTCG|1|TZX|Trabzon~3|9951|97897|32|11,2640,45,1,1,112.2,,440,-1450,32,,-450,1450,29
LTCM|1|NOP|Sinop~1|20183|50718|6|05,1976,45,1,0,54,,-510,-930,,,550,990
LTFH|1|SZF|Samsun-Çarşamba~1|12540|65675|5|13,3000,45,2,1,133.5,,970,-1330,3,,-880,1250,5
#TR|S
TR-0018|||Bolu~9|7486|16517|744|06,1895,45,2,0,65,,-362,-1005,744,,368,1025,736
TR-0080|LTON||Samsun / Ondokuz Mayis~1|15129|61203|2
#UA|H
UA-0031|UKBA||Oleksandriya Helicopter Base|86800|31800|155
#UA|L
UKFF|1|SIP|Simferopol~3|50522|39751|195|01L,3701,60,2,1,13,,-1610,-540,182,,1610,550,176
UKOO|1|ODS|Odesa~3|64272|6726|52|16,2800,45,1,1,156,,1160,-130,52,,-1250,910,50;18,899,58,0,2,182,,1960,-540,,,1150,-570;07,553,60,4,0,75.4,,-20,-530,,,100,160
#UA|M
UA-0010|||Oktyabrskoe~d|53200|41000
UA-0012|||Kirovskoe~d|51670|51830
UA-0020|||Melitopol~d|68800|53050
UA-0022|UKKA||Kacha~d|47798|35722|123
UA-0025|||Bila Tserkva~d|97952|244|178|18,2500,80,2,0,189
UA-0047|||Dolgintsevo~d|78870|35330|104
UKCM|1|MPW|Mariupol~3|70761|74496|77|02,2570,50,1,1,21.1,,-1080,-610,72,,1080,610,75;11,1409,85,6,0,111.9,,140,370,74,,-330,2100,69
UKDB|1|ERD|Berdyansk~1|68150|67581|52|09,2500,48,2,0,95
UKDD|1|DNK|Dnipro~3|83572|51006|147|09,2841,44,2,1,90,,0,-1920,138,,0,1910,144
UKDE|1|OZH|Zaporizhzhia~3|78670|53147|114|02,2502,42,2,1,23.2,,-1030,-560,103,,1040,760,114
UKDR|1|KWG|Kryvyi Rih~3|80433|32100|124|18,2500,42,2,1,186,,1110,170,124,,-1110,-170,115
UKFB|1|UKS|Sevastopol International Airport / Belbek~d|46918|35746|105
UKFG|||Gvardeyskoye (Hvardiiske)~d|51162|39766|220
UKFI|||Saky~d|50906|35985|11
UKFY|||Dzhankoy~d|57009|44189|23
UKHH|1|HRK|Kharkiv~3|99269|62908|155|08,2220,50,1,1,90.4,,-200,-1630,151,,-220,1460,148
UKHP|1|PLV|Suprunovka~1|95686|43972|154
UKKE|1|CKC|Cherkasy~3|94156|19953|114|15,2493,42,1,1,149.6,,960,-870,114,,-970,870,108
UKOH|1|KHE|Kherson~3|66758|25064|45|03,2500,42,2,1,,,-924,-903,42,,961,875,42
UKON|1|NLV|Mykolaiv International Airport [CLOSED]|70579|19198|56|05,2572,44,1,1,50.9,,-730,-1310,46,,730,1310,56;05L,1800,76,4,0,51,,-250,-610,,,770,1240
#UA|S
UA-0016|UKFP||Yukharina Balka~9|45490|34886|102
UA-0027|||Bliznyuki~d|88770|65500||08,2500,40,2,0,90
UA-0049||MXR|Myrhorod~d|99320|36410|122
UA-0050||KHU|Kakhnovka~9|91368|34779|81
UK59|||Chuhuiv~d|98382|66412|138|17,2500,47,2,0,173,,1110,-210,,,-1120,210
UKCK|1|KRQ|Kramatorsk~1|87068|76309|197
UKFK|1|KHC|Kerch~1|53725|64014|52|07,1652,35,1,0,73,,-180,-870,52,,260,1150,49
UKKG|1|KGO|Kirovograd~1|85428|22850|173
UKOR|||Kulbakyne~d|69364|20986|54|05,3221,,2,0
