#AM|L
UDSG|1|LWN|Shirak~3|7504|38593|1524|02,3220,45,1,1,24,,-1330,-760,1506,,1320,770,1524
UDYZ|1|EVN|Zvartnots~3|1489|43979|865|08,3850,56,1,1,90,,-170,-2460,853,,-150,2060,865
#AM|M
UDYE|||Erebuni~1|1221|44650|899|03,2784,40,1,0,32.8,,-1060,-870,884,,1060,870,901,503
#AM|S
UD21|||Arzni~1|2941|45646|1346|05,1000,76,2,0,60.3,,220,-850,,,660,170;18,991,76,2,0,186.1,,390,730,,,-500,600
UDLS|||Stepanavan~1|10485|43372|1474|13,1998,28,1,0,130.7,,580,-900,1474,,-590,900,1469
#AZ|L
UBBG|1|GNJ|Ganja~3|7387|63204|330|12,3300,45,2,1,128,,932,-1560,328,,-891,1507,330
#AZ|M
AZ-0001|UBTT|ZXT|Zabrat~1|4949|99771|11
AZ-0013|||Sitalchay Airbase|8073|94315|-14
UB12|UBBI||Nasosnaya~d|5916|95574|-4|17,2505,40,2,0,180,,1120,10,,,-1130,0
UB14|||Kyurdamir~d|2736|81636|-11|08,2499,44,2,0,88.2,,-40,-1470,,,30,1470
UBBQ|1|GBB|Gabala~3|8086|77254|285|16,3600,60,3,1
UBBY|1|ZTU|Zaqatala~3|15578|66695|390|15,3000,45,1,1
UG11|||Dollyar~d|8876|59570|335|10,2494,41,2,0,110.2,,390,-1390,,,-390,1390
#AZ|S
AZ-0002|UBBH||Khachmaz~1|14592|88326|19
AZ-0003|UBEI||Shaki~1|11366|71595
AZ-0004|UBEN||Naftalan~1|5159|68295
AZ-0010|UBEY||Agjabedi~1|223|74494
AZ-0014|UBLL||Güzdək Military~1|3471|96713
AZ-0017|UBBM||Hajigabul Kazı Magomed~1|309|89028
UB16|||Balakan~1|17330|63557|285|13,1209,37,1,0,138,,2440,-530,,,1630,440
UBEE|1|YLV|Yevlakh~1|6319|71419|15
#GE|L
UGKO|1|KUT|David the Builder Kutaisi~3|21774|24854|68|07,2500,44,2,1,81,,-260,-1770,60,,110,1210,68
UGSB|1|BUS|Alexander Kartveli Batumi~3|16094|16003|32|12,2500,45,1,1,131,,680,-1010,26,,-630,1020,32
UGSS|1|SUI|Vladislav Ardzinba Sukhum~3|28582|11281|16|12,3661,52,2,1,122.6,,890,-1880,6,,-880,1890,16
UGTB|1|TBS|Tbilisi~3|16692|49547|495|13R,3000,45,2,1,136,,860,-1460,495,,-1100,1020,475;13L,2500,60,1,2,133,,770,-1080,494,,-780,1100,479
#GE|M
GE-0007|||Ozurgeti~d|19291|18635
GE-0010|||Senaki~d|22403|20455
UG0U|||Gudauta~d|31040|5793|24|15,2988,50,2,0,151.2,,1180,-890,,,-1170,880
UG22|||Tbilisi Marneuli~d|14592|47832|398|09,2490,40,2,0,91.2,,20,-1490,,,-30,1480
UG24|||Tbilisi Soganlug~d|16492|49364|381|14,2478,78,2,0,140.3,,860,-950,,,-860,960
UG27|||Vaziani~d|16280|50308|445|14,2501,53,2,0,142.7,,900,-910,,,-890,900
UG28|||Bolshiye Shiraki~d|13795|63673|547|13,2701,40,2,0,136,,880,-1120,,,-870,1120
UGAM|1||Ambrolauri~1|25269|31354|544|11,1100,30,2,0,,,209,-600,541,,-211,612,541
#GE|S
UG25|UGGT||Telavi Kurdgelauri~1|19534|55080|456|10,1692,34,1,0,102.2,,160,-1000,,,-160,1000
UGMS|1||Mestia Queen Tamar~1|30536|27490|1456
UGSA|1||Natakhtari~9|19212|47142|510
#RU|L
URMG|1|GRV|Akhmat Kadyrov Grozny~3|33881|56998|167|08,2500,45,2,1
URML|1|MCX|Makhachkala Uytash~3|28168|76523|4|14R,2648,70,4,2,148,,960,-940,,,-1050,790;14,2640,45,2,1,149,,703,-583,-1,,-1007,868,4
URMM|1|MRV|Mineralnye Vody~1|42251|30819|321|11,3900,60,2,1,122,,930,-2060,318,,-940,2060,319
URWA|1|ASF|Astrakhan Narimanovo Boris M. Kustodiev~3|62828|80105|-20|09,3200,45,2,1,96,,178,-2036,-23,,-164,2086,-20;11,1551,100,6,0,121,,-7,-1584,-24,,-905,583,-23
URWW|1|VOG|Volgograd~3|87813|43392|147|05,2800,45,2,1,64,,-648,-2070,118,488,443,1364,141;11,2469,49,1,3,120,,680,-820,131,,-430,2090,147;11R,1699,101,4,2,120,,-50,780,,,-810,2770;08,486,107,4,2,84,,90,1300,,,140,1950
#RU|M
RU-0128|||Budyonnovsk~d|48300|40130
RU-0152|||Mozdok~d|37850|46000
RU-0282|||Millerovo~d|89552|2964|152|08,3000,48,2,1
RU-0303|||Privolzhskiy~d|63957|78877|-20|08R,3500,60,2,1;07L,2500,40,2,1
RU-0304|||Kapustin Yar~9|86670|57320||09,1175,48,2,1
RU-0380|||Akhtubinsk~d|83085|62365|15|12L,4000,60,2,1;12R,2450,50,2,1
RU-10062|||Khanskaya~d|46796|361|183|05,2500,48,2,1
URMN|1|NAL|Nalchik~1|35129|36366|445|06,2200,42,1,1,63.4,,-460,-1220,446,,460,1210,420
URMO|1|OGZ|Vladikavkaz Beslan~3|32051|46066|510|09,3000,45,2,1,102,,270,-1800,498,,-270,1810,510
URMS|1|IGT|Magas~1|33233|50126|355|09,3000,46,1,0,96,,160,-1890,,,-110,1800
URMT|1|STW|Stavropol Shpakovskoye~1|51092|21128|453|07,2600,48,1,1,76,,-280,-1620,453,,290,1630,437
URWI|1|ESL|Elista~1|63739|43309|153|09,3200,45,1,1,98,,266,-2762,153,,-124,1357,148;09L,2303,85,6,0,97.5,,190,-1380,,,-80,1580
XRMU|||Khankala~d|32981|57841|167|08,2502,45,1,0,87,,-123,-1431,,,31,388
#RU|S
RU-0101|||Ashuluk~9|74226|79272|-20|08,2600,40,2,1
RU-0164|||Tikhoretsk~d|58790|1050|77|08,2500,48,2,1
RU-0298|||Marinovka~d|86370|37890|73|06,2480,44,2,1
RU-0307|||Kotelnikovo~d|76350|30950|58|12L,2500,40,2,1;12R,2500,40,2,1
RU-0312|||Belaya Kalitva~9|82170|8200|145|08,1350,30,2,1
RU-0313|||Zernograd~d|68350|3800|91|11,2500,40,2,1
RU-10060|||Veshenskaya~9|96568|17007|77|13,1600,35,2,0
RU-10078|||Morozovsk~d|83130|17910|122|09,2500,40,2,1
#TR|M
LTCF|1|KSY|Kars~1|5622|31150|1795|06,3500,45,2,1,64.4,,-690,-1860,1790,,670,1860,1789
LTFO|1|RZV|Rize–Artvin~1|11798|8488|5|06,3000,45,1,1,,,-430,-1680,5,,437,1703,5
