#JP|L
RJCC|1|CTS|New Chitose~1|27748|16904|25|01L,3000,61,1,1,353,,-1320,259,19,,1360,-240,25;01R,3000,61,1,1,353,,-1280,560,17,,1400,160,23
RJCH|1|HKD|Hakodate~1|17700|8220|46|12,3000,45,1,1,108,,430,-1701,28,,-400,1700,46
RJSA|1|AOJ|Aomori~1|7338|6895|202|06,3001,61,1,1,52,,-890,-1450,197,,780,1350,202
#JP|M
RJCB|1|OBO|Tokachi-Obihiro~1|27333|32170|154|17,2500,46,1,1,159.3,,1080,-499,143,,-1020,601,154
RJCJ|||JASDF Chitose~d|27945|16660|27|18L,4000,61,2,1,172.6,,1650,0,21,1001,-1920,600,26;18R,2701,45,1,1,172.5,,1610,-400,20,,-790,0,27
RJCK|1|KUH|Kushiro~1|30410|41930|100|17,2500,46,1,1,159,,1050,-600,98,,-1050,601,88
RJCM|1|MMB|Memanbetsu~1|38806|41640|41|18,2500,46,1,1,174.7,,1120,-101,31,,-1120,99,41
RJCN|1|SHB|Nakashibetsu~1|35775|49600|71|08,1999,46,1,1,71,,-300,-1200,71,,290,1099,65
RJCO|1|OKD|Sapporo Okadama~1|31174|13813|8|14,1500,45,1,1,135,,320,-731,6,,-570,470,8
RJCS|||JASDF Kenebetsu~9|34252|47414
RJCT|||Tokachi~1|28905|31580|86|13,1500,46,1,1,123.2,,370,-700,86,,-370,800,78;13L,399,23,6,0,123.6,,400,100,,,200,499
RJCW|1|WKJ|Wakkanai~1|54042|18010|9|08,1999,46,1,1,68.9,,-330,-1200,7,,310,1200,9
RJEB|1|MBE|Monbetsu~1|43039|34040|24|14,2000,45,1,1,131.9,,600,-900,24,,-600,899,22
RJEC|1|AKJ|Asahikawa~1|36708|24470|220|16,2499,61,1,1,154.2,,1000,-601,201,,-1020,699,220
RJER|1|RIS|Rishiri~1|52420|11860|34|07,1800,45,1,1,57,,-440,-801,30,,440,1101,34
RJSH|1|HHE|JMSDF Hachinohe Air Base / Hachinohe~1|5512|14654|46|07,2249,45,1,1,63.5,,-360,-1040,46,,540,1360,37;06,777,14,1,0,47.9,,290,-440,38,,750,160,35;12,360,15,1,0,109,,800,260,,,690,660
RJSM|1|MSJ|Misawa Airport / Misawa~d|7032|13680|36|10,3048,46,1,1,95.1,,120,-1799,35,,-120,1800,29
RJSR|1|ONJ|Odate Noshiro~1|1919|3710|89|11,2000,45,1,1,100.3,,150,-1100,79,,-160,1200,89
#JP|S
JP-0472|||Shinshinotsu Gliderport|32743|16524||18,1000,8,1,0
JP-0473|||Toma Skypark Gliderport|38748|25112||05,802,20,1,0
JP-0474|||Biei Gliderport|35313|25639||13,597,18,1,0
RJ04|||Shikabe~9|20450|7933|19|07,1010,30,1,1,58.4,,-240,-531,19,58,240,470,19,58
RJCA|||JGSDF Camp Asahikawa~9|37947|23654|115|08,800,50,4,0,73.1,,-150,-540,115,,60,360,115
RJCR|1|RBJ|Rebun~1|54550|10390|28|14,800,,1,0,,,,,30,,,,24
#RU|L
UHSS|1|UUS|Yuzhno-Sakhalinsk~3|68855|27175|18|01,3400,45,2,1,1,,-1510,-51,13,,1530,50,15
#RU|M
RU-1892|||Dolinsk-Sokol~d|72617|27680|29|02,2500,44,2,1
UHKG|1||Kamenny Ruchey Naval~d|92357|1931|201|12,3400,78,2,1
UHKM|1|GVN|Sovetskaya Gavan (Maygatka)~1|89251|353|234|09,3000,46,2,1
#RU|S
RU-7218|||Matrosovo~d|94017|28830|102|01,2500,35,2,1
UHKP|||Sovetskaya Gavan (Postovaya)~1|90311|2268|73|13,2500,42,2,1
UHSB|1|BVV|Burevestnik~1|49200|76220|24|14,2380,,2,0
UHSI|1|ITU|Iturup~1|52564|79555|118|13,2300,42,2,1
UHSK|1|EKS|Shakhtyorsk~1|91903|20830|15|16,1600,,0,0
UHSM|1|DEE|Yuzhno-Kurilsk Mendeleyevo~1|39611|56850|178
