#CN|M
ZYFY|1|FYJ|Fuyuan Dongji~1|81972|43630||05,2500,45,0,0
ZYJM|1|JMU|Jiamusi Songjiang~3|68428|4643|80|06,2500,45,2,1,48,,-690,-1130,80,,650,1071,80
ZYJS|1|JSJ|Jiansanjiang Shidi~1|71082|26579||15,2500,,2,0
ZYJX|1|JXA|Jixi Xingkaihu~1|52930|11930|232|12,2300,47,2,0
#CN|S
ZYSD|1|HSF|Suifenhe Dongning~1|44539|8439|429
#JP|M
RJEO|1|OIR|Okushiri~1|20717|94330|49|13,1500,45,1,1,121,,330,-800,55,,-350,799,43
#RU|L
UHWW|1|VVO|Vladivostok~3|33963|21482|18|07L,3500,60,2,2,60.9,,-500,-1920,10,,1030,1881,10;07R,3500,60,1,1,61.1,,-260,-620,10,,820,2081,13;06,973,20,1,2,50.5,,-3170,-919,,,-2610,80;16,602,20,1,2,146.6,,-2380,-820,,,-2830,-320
#RU|M
RU-0132|||Chernigovka~d|43224|25453|100|08/24,2500,44,2,1
RU-0327|||Vozdvizhenka~d|39075|19250|37|03,2500,80,2,0;03L,1100,80,0,2;03C,700,80,2,2
RU-5105|||Chuguyevka~d|40833|38680|305|18,2500,42,2,1
UHHH|1|KHV|Khabarovsk Novy~1|85283|51886|74|05R,4000,60,2,1,42,,-1360,-1560,69,,1300,2040,72;05L,3500,45,1,1,42,,-1190,-1860,69,,1140,1340,68
#RU|S
DHG||DHG|Dalnegorsk~1|45587|54900|254
DLR||DLR|Dalnerechensk~1|58799|37376|83
RU-0149|||Uglovaya~d|33480|20588|12|03,2500,37,2,1
RU-0297|||Pereyaslavka-2~d|79970|50882|82|03,2500,38,2,1
RU-0299|||Varfolomeyevka~d|42618|34117|148|05,2500,40,2,1
RU-0329|||Khorol~d|44490|21240|96|16,3700,70,2,1
RU-0333|||Novorossiya~9|33470|25570|61|09,2000,58,2,1
RU-0538|||Nikolayevka~d|30856|31905|55|04,2800,55,2,1
RU-0743|||Khabarovsk Tsentralny~9|84626|51516|58|05,2400,35,2,1
RU-10178|||Roshchino~1|59034|48763|139|09,600,55,6,0
UHHO|1||Troitskoye~1|94448|65710|28
UHHT|||Khabarovsk MVL~1|85255|51525|80|06,950,30,2,1
UHK1|||Kalinka~1|84073|54116|46|05,2300,40,2,1
UHK2|||Garovka~d|83959|52235|88|02,2300,35,2,1
UHTG|1|AEM|Amgu~1|58413|76736|3
UHTQ||ETL|Svetlaya~1|65417|83217|40
UHU1|||Zolotaya Dolina~d|29600|31150|18|03,2500,40,2,1
UHWE||EDN|Yedinka~1|71782|86574|30
UHWK||KVR|Kavalerovo~1|42726|50290|223|13,1300,40,2,1
UHWP|1|TLY|Plastun~1|48150|62920|20|13,1600,,5,0
UHWT||NEI|Terney~1|50825|65912|10
UIKP||RZH|Preobrazheniye~1|29217|39044|10
