#AD|H
AD-ALV||ALV|Andorra la Vella~2|25112|15337|1052
#AT|H
AT-0006|LOJN||Nenzing~2|72089|96597|495
AT-0083|LOIQ||Feldkirch~2|72748|95912|442
AT-0084|LOIX||Bregenz Hospital Helistop|74967|97451|455
AT-0085|LOIY||Doctor Schenk Sanatorium Helistop|70738|99133|683
LOIF|1||Feldkirch State~c|72312|95787|484
LOIG|1||Ludesch~2|72003|97802|550
LOJB|1||Bludenz State Hospital Helipad|71595|98212|613
LOJD|1||Dornbirn City~c|74063|97401
#AT|S
LOIH|1|HOH|Hohenems-Dornbirn~9|73845|96998|412|04,630,18,1,0,,,-202,-305,,40,201,292
#BE|S
EBAR|1||Arlon-Sterpenich Ultralight~9|96620|58860|347|09,150,30,4,0,85
EBBX|1||Jehonville~d|98915|52274|461|06,2400,45,2,0,58.4,,-990,-1279,,,140,1571
#CH|H
LSER|1||Raron~2|63016|78329
LSEZ|1||Zermatt~2|60293|77534|1615
LSHA|1||Gstaad-Inn Grund~2|64295|72713|1097
#CH|L
LSGG|1|GVA|Geneva~3|62381|61090|430|04,3900,50,2,1,46,,-1230,-1808,430,330,1230,1799,416;04L,823,30,4,2,46,,-330,-950,420,187,180,-178,425,303
LSZH|1|ZRH|Zürich~1|74581|85481|432|16,3700,60,2,1,155,,1750,-1215,424,,-1270,863,423,470;14,3300,60,2,1,137,,2500,-1337,427,150,320,1636,427;10,2500,60,2,1,96,,80,-1063,424,,-150,2235,432;01H/19H,308,28,4,0,,,-877,-38,,,-614,89
#CH|M
LSGC|1||Les Eplatures~1|70839|67928|1027|05,1130,27,1,1,54,,-290,-578,1027,70,300,629,1019,100
LSGS|1|SIR|Sion~1|62192|73269|482|07,2000,40,1,1,73,,-250,-1233,480,50,278,1249,482,50;07G/25G,560,30,4,0,73,,-70,-583,480,,80,105,481,100;HEL,43,43,4,2,,,-328,-950
LSMA|1||Alpnach~d|69439|82842|445|01,1498,40,1,1,11,,-766,-237,445,,554,165,434
LSMD|1||Dübendorf~d|73986|86482|448|11,2355,40,1,1,107.8,,300,-1448,435,,-330,1452,448;11R,649,30,4,1,108,,99,-1316,435,,-146,-196,438
LSME|1|EML|Emmen~d|70924|83052|427|04,2502,40,1,1,37.6,,-890,-1013,427,111,890,997,422,182
LSMP|1|VIP|Payerne~d|68432|69151|447|05,2858,40,1,1,48.4,,-850,-1404,446,416,850,1397,444,414
LSZA|1|LUG|Lugano~1|60043|89106|279|01,1415,30,1,1,19,,-580,-284,273,110,570,279,279,205
LSZB|1|BRN|Bern~1|69127|74988|509|14,1730,30,1,1,140,,661,-798,508,200,-531,657,510;14L,650,30,4,0,140,,180,-370,,,-270,178;14R,648,30,4,0,140,,150,-431,,,-300,115;16R,515,50,4,0,,,27,-417,,,-407,-180;16L,152,61,4,0,,,-205,-190,,,-332,-125
LSZG|1||Grenchen~9|71816|74172|430|06,1000,23,1,1,64,,-175,-577,429,113,188,600,428;06R,700,30,4,1,70,,-233,-508,,82,27,333,,61;06G/24G,700,30,4,0,,,-270,-483,429,,-10,358,429;06L,500,18,4,0,66,,-83,-491,,15,64,-18
LSZR|1|ACH|Sankt Gallen Altenrhein~1|74850|95608|398|10,1455,30,1,1,99,,100,-919,398,,-80,816,398;10L,810,20,4,0,99,,141,-339,,,30,723
LSZS|1|SMV|Engadin~1|65341|98841|1707|03,1800,40,1,1,29,,-708,-600,1707,,739,574,1699,110
#CH|S
CH-0002|LSYQ||Croix de Coeur Altiport|61233|72341|2160
CH-0004|LSYZ||Altiport du Glacier de Tsanfleuron|63207|72329
LSGB|1||Bex~9|62583|69864|400|15,700,30,4,0,,,137,-147,400,,-277,245,400
LSGE|1||Ecuvillens~9|67553|70757|699|09,800,23,1,1,95,,30,-517,695,,-33,526,699
LSGK|1||Saanen~9|64865|72484|1008|08,1466,40,1,1,81,,-117,-915,999,320,129,967,1005,370
LSGL|1||Lausanne la Blécherette~1|65451|66166|622|18,875,23,2,0,,,340,40,619,,-293,-27,608
LSGN|1||Neuchâtel~9|69574|68646|435|05,700,20,2,0,,,,,437,,,,434
LSGP|1||La Côte~9|64064|62581|412|04,560,30,4,0,,,-210,-259,,,227,271
LSGR|1||Reichenbach~d|66136|76778|727|03,805,18,1,0,38,,-269,-324,754,155,299,341,747,100
LSGT|1||La Gruyère~9|65942|70944|688|17,884,30,4,0,,,390,-66,688,146,-400,62,688,130
LSGY|1||Yverdon-les-Bains~9|67619|66132|433|04,872,18,1,1,,,-268,-413,433,,269,419,433;05R,725,20,4,0
LSMM|||Meiringen~d|67423|81089|578|10,2003,40,1,1,95,,107,-1300,575,37,-99,1303,578,37
LSPA|1||Amlikon~9|75740|90478|418|09,780,30,4,0,,,26,-435,417,,-15,500,417
LSPD|||Dittingen~9|74386|74914|536|11,620,30,4,0,,,148,-539,526,,-43,238,560
LSPF|||Schmerlat~9|76902|85262|463|07,540,30,4,0,,,-62,-245,463,,122,426,463
LSPG|1||Kägiswil~9|69083|82542|465|03,900,40,1,0,,,-449,-364,,159,276,164,,180
LSPH|1||Winterthur~9|75150|87719|459|01,695,30,4,0,,,-322,-123,,37,281,117,,76
LSPL|1||Langenthal~9|71828|77412|480|05,585,18,2,0,,,-140,-267,,,120,226;05R,335,20,4,0,,,-84,-120,480,,100,230,480
LSPM|1||Ambri~1|65125|86898|988|11,1237,40,2,0,,,119,-412,988,123,-147,1159,988,123
LSPN|1||Triengen~9|72267|80781|486|15,570,15,1,0,,,,,,65,,,,110
LSPU|1||Münster~9|64803|82633|1335
LSPV|1||Wangen-Lachen~9|72048|88673|407|08,500,18,1,0,74,,-39,-315,407,30,48,328,407,49
LSTA|1||Raron~9|63045|78191|618|10,839,40,1,0,91,280,10,-540,635,183,-7,552,636,100
LSTB|||Bellechasse~9|69793|71325|433|08,490,50,4,0
LSTO|1||Môtiers~9|69167|66150|732|05,566,30,4,0
LSTR|||Montricher~9|65903|64006|664|03,610,40,4,0
LSTS|1||Sankt Stephan~9|64974|74126|1007|14,1740,40,1,0,135,,610,-897,,263,-505,695,,560
LSTZ|1||Zweisimmen~9|65517|73810|935|17,587,18,1,0,172,,256,-42,932,35,255,-42,934,65
LSVD|1||Clariden-Hüfifirn Mountain Landing Site|68219|88803
LSVP|1||Petersgrat Mountain Landing Site|64689|78283
LSVV|1||Vorabgletscher Mountain Landing Site|68783|91519
LSYI|1||Limmerenfirn Mountain Landing Site|68106|89678
LSYK|1||Kanderfirn Mountain Landing Site|64858|78283
LSYR|1||Rosa Blanche Mountain Landing Site|60608|73547
LSYX|1||Glacier du Trient Mountain Landing Site|59883|70425
LSZC|1|BXO|Buochs~1|69744|83969|450|06,2000,40,1,1,62,,-368,-1110,450,61,361,1115,437,61;07R,845,40,1,2,62,,-544,-804,450,,41,970,440
LSZE|1||Bad Ragaz~9|70149|94818|493|12,495,11,1,0,,,108,-269,493,,-111,302,493
LSZF|1||Birrfeld~9|74436|82336|396|08,718,20,1,0,,,-44,-419,,73,59,479;08R,690,20,4,0,,,-69,-315,,,24,488
LSZI|1||Fricktal-Schupfart~9|75089|79500|545|07,530,30,4,0
LSZJ|1||Courtelary~9|71834|70909|685|06,560,30,4,0,,,-110,-338,685,,111,328,685
LSZK|1||Speck-Fehraltorf~9|73764|87575|533|12,625,18,4,0,,,158,-343,536,,-151,349,536
LSZL|1||Locarno~1|61625|88789|198|08L,800,23,1,0,78,,212,-616,198,131,348,406,198,52;08C,700,30,4,0,78,,-254,-434,198,,-136,456,198;08R,700,30,4,0,78,,-376,-400,198,,-257,489,198,100
LSZM|1||Mollis~9|70784|90647|453|01,1800,40,1,0,13,,-750,-253,453,,610,208,440
LSZN|1||Hausen am Albis~9|72386|85156|588|09,700,18,1,0,91,,,,,100,,,,100;09L,700,30,4,0,91,,39,-463,,98,27,460,,196
LSZO|1||Luzern-Beromünster~9|71890|82046|654|15L,510,30,4,0,,,223,-73,,,-102,130;15R,485,30,4,0,,,210,-176,,,-182,70
LSZP|1||Biel-Kappelen~9|70882|72891|438|04,690,25,4,0,,,-214,-333,438,,217,320,438
LSZQ|1||Bressaucourt~9|73924|70290|569|07,800,18,1,0
LSZT|1||Lommis~9|75244|90031|469|06,549,29,4,0,63,,-86,-281,,64,135,372
LSZU|1||Buttwil~9|72647|83025|723|16,675,30,4,0
LSZV|1||Sitterdorf~9|75089|92628|506|07,480,20,4,0,,,-39,-320,506,,58,301,506
LSZW|1||Thun~9|67564|76006|560|14,800,30,4,0,,,267,-352,560,130,-287,316,560,100
LSZX|1||Schänis~9|71717|90394|416|16,520,15,2,0
#DE|H
EDGL||ZOE|Ludwigshafen Accident~c|94865|83892|95
EDGO|1||Oedheim~2|92415|92344|144|18H/36H,500,30,4,0,175,,189,-14,,,-172,16
ETED|1||Kaiserslautern Depot Army~2|94479|78396|290
ETIP|1||Landstuhl Army~2|94031|75361|358
ETIY|1||Landstuhl Regional~k|94025|75586|346
#DE|L
EDDS|1|STR|Stuttgart~1|86899|92220|389|07,3345,45,2,1,72,,-420,-2187,386,300,410,2180,360;H-NORTH,30,30,1,1,72,,64,-212;H-SOUTH,30,30,1,1,72,,-666,-2495
EDFH|1|HHN|Frankfurt-Hahn~1|99464|72617|503|03,3800,45,1,1,32,,-1500,-1482,501,300,1380,1359,484,300
EDNY|1|FDH|Bodensee Airport Friedrichshafen|76713|95115|417|06,2356,45,1,1,60,,-530,-1361,407,270,530,1359,417,206;06L,659,30,4,0,,,-299,-1215,,,133,-102
EDSB|1|FKB|Karlsruhe Baden-Baden~1|87794|80805|124|03,2983,45,1,1,32,,-1150,-1074,123,253,1140,1075,123,253
#DE|M
EDDR|1|SCN|Saarbrücken~1|92145|71097|322|08,2000,45,1,1,87,,-30,-1302,312,26,50,1402,322;08L,545,50,4,2,88,,130,252,,,150,1000
EDFE|1||Frankfurt-Egelsbach~1|99600|86430|117|08,1400,25,1,1,84,,27,-1336,113,,128,821,117,234;08R,670,30,4,0,86,,-55,-192,,120,-14,784,,190
EDFM|1|MHG|Mannheim-City~1|94731|85142|94|09,1066,25,1,1,93,,-10,-817,94,6,-60,650,93,53;09C,840,30,4,0,92,,60,-488,,75,18,707,,25;09L,800,40,4,0,,,161,-379,,,142,674
EDFZ|1||Mainz-Finthen~9|99675|81472|232|07,1000,22,1,1,74,,45,-607,232,,282,724,232;07R,1000,80,4,0,77,,-155,-480,,,42,809
EDTD|||Donaueschingen-Villingen~9|79733|85222|680|18,1290,30,1,1,178,,660,-24,680,90,-500,21,676
EDTL|1|LHA|Lahr~1|83693|78277|156|03,3000,45,1,1,28,,-1190,-957,156,,1180,962,152
EDTM|||Mengen-Hohentengen~9|80539|93728|554|07,1566,,1,1,79,,-179,-1101,555,300,147,943,552,35;07L,700,30,4,0,79,,-80,-1008,,,66,-91
EDTY|||Adolf Würth~1|91183|97839|396|10,1540,30,2,1,99,,110,-1069,400,175,-100,1016,396,126;10L,750,30,4,0,99,,80,-217,,,-20,806
ETAD|1|SPM|Spangdahlem~d|99765|66984|365|05,3050,45,1,1,44.7,,-970,-1484,344,,980,1506,365
ETAR|1|RMS|Ramstein~d|94369|76003|237|08,3200,45,1,1,82.8,,-430,-2147,232,,-50,2224,237;09,2828,45,1,0,87,,-80,-1938,234,,80,1940,238
ETHL|1||Laupheim~d|82203|99100|538|09,1646,30,1,1,93,,18,-1086,537,,-56,1127,538;03,600,50,4,0,34,,83,-590,,,532,-137;09G/27G,200,30,4,0,,,-71,-636,,,-80,-366
ETHN|1||Niederstetten Army~d|93916|99567|468|07,1012,30,1,1,75,,-90,-520,468,,140,813,468
#DE|S
DE-0047|EDSV||Wächtersberg-Hub Glider~9|86149|87555|599|06,600,40,4,0,64,,-99,-355,595,,125,389,593;07,250,30,4,0,,,55,294,,,124,611,,58
DE-0114|EDSC||Farrenberg Gliderfield|83857|90763|820|10,747,35,4,0,100,,51,-498,820,,-88,493,800;10G/28G,300,40,4,0,,,120,-472,812,,88,-248,820;10L,300,40,4,0,,,32,129,810,,-30,524,805
DE-0137|||Bensheimer Stadtwiesen~9|96926|85819|96|14,640,,0,0
DE-0202|EDTE||Eutingen~9|84854|87780|500|06,834,30,4,0,,,-190,-478,,27,199,487,,55
DE-0215|||Ludwigshafen~9|94131|83518|97|05,940,30,4,0,,,-412,-632,,,188,301
DE-0234|||Heiligenberg Glider~a|78329|93013|759|18,500,30,0,0
DE-0238|||Klippeneck~9|81075|87628|980|05G/23G,1231,46,4,0,,,-351,-471,,,380,747;05,750,60,4,0,,,-264,-583,,,156,205;04,310,58,4,0,,,407,764,,58,708,1072,,30
DE-0247|||Übersberg~9|84584|92977|783|08,1020,30,4,0,,,-100,-739,,50,77,733,,200;08G/26G,250,30,4,0,,,63,149,,,104,480;08L,250,30,4,0,,,-56,-751,,,-14,-417
DE-0279|||Esslingen-Jägerhaus~9|87622|93339|495|13,700,51,4,0,,,184,-399,,,-156,404
DE-0282|||Berneck~9|85737|97291|756|16,900,21,1,0,,,357,-187,,,-411,214;15,191,27,4,0,,,-242,190,,,-407,288
DE-0286|||Ernzen~9|98283|64347|349|06,500,30,4,0
DE-0289|EDRQ||Imsweiler UL|96065|77956|290
DE-0293|||Riedlingen~9|81444|94667|528|04,600,,0,0
DE-0295|EDSM||Müllheim~9|78243|76395|291|16,700,,0,0
DE-0298|EDSD||Deckenpfronn-Egelsee~9|86385|88175|578
DE-0300|EDTA||Bohlhof Glider~a|76509|83867|575
DE-0304|||Hayingen Glider~a|82848|94657|710|13,830,30,4,0,,,256,-410,,41,-251,412,,66
DE-0309|||Hülben~9|85293|93980|727|09,682,30,4,0,,,-17,-511,,,10,413;11,390,30,4,0,,,40,-99,,27,-4,426,,61
DE-0310|EDSF||Hütten Glider~a|76333|79412|879
DE-0313|||Leibertingen~9|80445|90314|838|10,935,28,4,0,,,92,-711,,30,-63,524;10G/28G,250,30,4,0,,,-27,335,,71,-66,664,,41
DE-0315|||Malmsheim~9|87847|89175|454|08,1035,30,4,0,,,-75,-534,,,84,534
DE-0321|||Münsingen-Eisberg~9|84093|94425|727|08,481,30,4,0,,,-48,-323,,62,40,314,,46
DE-0322|||Musbach~9|85027|84786|700|16L/36R,1000,30,4,0,,,448,-165,,,-435,151;16R,1000,30,4,0,,,402,-191,,,-441,112
DE-0324|||Seißen Ultralight~9|84135|97649|696|11,540,30,4,0,,,51,-185,,,-49,190
DE-0326|||Oppingen-Au Gliderfield|85566|98219|682|10,620,30,4,0,,,84,-420,,,-16,225
DE-0328|||Rastatt-Baldenau Gliderfield|88742|82129|113|05,1000,29,4,0,,,-254,-513,,,277,540
DE-0332|||Roßfeld~9|85132|93331|803|07,633,31,4,0,,,-77,-405,,,93,415
DE-0334|EDTK||Sinsheim~9|92472|88938|158
DE-0394|||Morbach Ultralight~9|90339|95897|495|09,432,20,4,0,,,41,-409,495,,-30,413,495
DE-0478|||Teck Glider~a|86088|94742|370|13,540,30,4,0,,,107,-126,,,-208,431;09,200,30,4,0,,,51,-480,,,89,-211
DE-0931|||Bockwiese~9|85094|92919|480|02,450,27,4,0,20,,-97,-53,480,,134,119,480
EDEL|1||Langenlonsheim~9|99083|79078|90|01,450,30,4,0,,,,,90,,,,90
EDEP|1||Heppenheim Glider~a|96219|86244|110|15R,1101,40,4,0,,,376,-416,96,,-481,347,96;15L,1047,40,4,0,,,356,-202,96,,-460,524,96
EDEW|||Walldürn~9|95817|94022|400|06,820,,0,0,,,,,399,,,,403
EDFC|||Aschaffenburg~9|99388|90628|125|08,840,,1,1,,,,,125,,,,125
EDFO|||Michelstadt-Odenwald~9|96785|89716|348|08,549,,1,1,,,,,347,,,,335
EDFV|1||Worms~9|96069|83683|90|06G/24G,920,30,4,0,61,,-170,-654,,,230,460;06,800,23,2,1,61,,-196,-492,90,,127,497,90
EDFW|||Würzburg-Schenkenturm~9|98178|98975|302|11,670,21,1,0
EDFX|||Hockenheim~9|93253|85286|96|14,840,,0,0,,,,,96,,,,96
EDGM|||Mosbach-Lohrbach~9|93989|91239|554|15,615,20,1,0,,,,,330,75,,,330,30
EDGP|||Oppenheim~9|98417|83767|85|02,800,,0,0,,,,,85,,,,85
EDGZ|1||Weinheim/Bergstraße~9|95668|86115|97|17,775,,0,0,,,,,97,,,,97
EDMB|||Biberach an der Riß~9|81124|97640|580|04,1315,23,1,0,41,,-437,-584,580,266,445,596,580,268
EDMC|||Blaubeuren~9|84197|97983|676|10,871,30,4,0,,,95,-644,669,210,-87,505,675,105
EDNE|||Erbach~9|83422|99161|475|03,665,30,4,0,,,-276,-229,,,231,172
EDPB|||Bad Ditzenbach~9|85628|97289|720|15,538,39,4,0,,,195,-146,,,-238,182
EDPJ|1||Laichingen Jakob Laur~9|84969|96403|742|07,484,8,1,0,,,-152,-623,,251,136,552,,190
EDPM|||Donzdorf~9|86782|98459|693|09,600,10,1,0,86,,6,-393,693,,0,413,693
EDQG|1|GHF|Giebelstadt~1|96481|99664|299|08,1982,30,2,1,78,,-165,-1212,298,,161,1154,298
EDRB|1|BBJ|Bitburg~1|99453|65650|372|05,3056,45,1,1,55,,-820,-1823,373,300,760,1660,373,250
EDRF|||Bad Dürkheim~9|94728|81957|107|08,600,20,1,0,75,,,,107,,,,107,120
EDRG|||Idar-Oberstein/Göttschied~9|97322|73361|480|06,650,50,4,0,,,-90,-348,480,,130,492,480
EDRH|1||Hoppstädten-Weiersbach~9|96106|71867|333
EDRI|||Linkenheim~9|91417|83947|99|05,740,30,0,0
EDRJ|||Saarlouis-Düren~9|93125|66744|341|07,800,19,1,0,,,-104,-542,341,,87,518,341
EDRL|||Flugplatz Lachen-Speyerdorf|93308|82097|120|11,1000,,0,0,,,,,120,,,,120
EDRM|||Traben-Trarbach/Mont Royal~9|99678|71119|280|18,732,30,4,0,180
EDRN|1||Nannhausen~9|99699|74784|373
EDRP|1||Pirmasens-Pottschütthöhe~9|92644|74883|380|04,800,20,1,0,,,,,380,,,,380
EDRT|1||Trier-Föhren~9|98639|67875|203|05,1200,30,2,0,42,,-430,-459,203,,320,737,203,70
EDRY|1||Speyer~9|93047|84514|95|16,1677,30,1,1,165,,470,-150,95,276,-986,439,95,277;16R,1000,30,4,0,165,,21,-46,,,-397,123
EDRZ|1|ZQW|Zweibrücken~1|92094|74006|345|03,2675,45,2,1,30,,-1136,-1010,343,275,940,820,340,275
EDSA|||Albstadt-Degerfeld~9|82497|90625|878|09,1047,30,4,0,,,0,-652,874,,17,770,884
EDSE|1||Göppingen-Bezgenriet~9|86586|96242
EDSG|||Grabenstetten~9|85361|94369|710|12,800,30,4,0,,,222,-653,710,150,-202,692,710,150
EDSH|||Backnang-Heiningen~9|89197|94553|294|10,500,30,4,0,103
EDSI|||Binningen Glider~a|77988|87186|486|07,1183,30,4,0,,,-228,-730,486,240,218,711,486,112
EDSK|1||Kehl-Sundheim~9|85611|78433|138|04,685,30,4,0,,,,,,210,,,,150
EDSL|||Blumberg~9|78437|85643|698|06,750,30,4,0,,,-75,-337,698,150,187,592,698
EDSN|||Neuhausen ob Eck~9|79767|89039|804|09,1248,30,1,1,91,,-8,-901,807,,-6,927,793
EDSO|||Gruibingen-Nortel~9|86212|96557|707|07,500,40,4,0,74,,-60,-379,705,,54,384,696
EDSP|1||Poltringen~9|85473|89459|401|17,407,14,1,0,,,160,-21,401,,-204,43,401;17G/35G,250,30,4,0,,,-22,55,,,-245,95
EDSR|||Radolfzell-Stahlringen~9|78026|89794||01,710,30,4,0,11,,,,421,,,,410
EDST|1||Hahnweide~9|86318|94292|349|12L,640,29,4,0,,,191,-325,352,,-155,371,352;12R,640,29,4,0,,,169,-349,352,,-177,347,352;06,520,30,1,0,,,68,-1169,352,,283,-361,352,43;12G/30G,300,54,4,0,,,-182,432,349,,-334,747,349
EDSW|||Altdorf-Wallburg~9|82699|78419|190|07,840,,0,0,,,,,191,,,,191
EDSX|1||Völkleshofen-Lichtenberg~9|90093|93546|397|07,845,30,4,0,77,,-71,-586,397,226,87,538,397,168
EDSZ|||Rottweil-Zepfenhan~9|81866|87228|745|08,803,,0,1,,,,,745,,,,733
EDTB|1||Baden-Oos~9|87919|81858|123|03,750,30,4,0,32,,-207,-229,123,,377,377,123;03L,421,30,4,0,,,176,-32,,,476,299;03G/21G,300,30,4,0,35,,-311,-410,,,-93,-183
EDTC|||Bruchsal~9|91348|85641||11,500,30,4,0,,,137,-354,,,-69,257
EDTF|1||Freiburg im Breisgau~9|80228|78325|244|16,1338,30,1,1,160,,510,-281,244,250,-540,297,244,260
EDTG|||Bremgarten~9|79032|76174|212|05,1650,45,1,0,53,,-450,-840,212,,440,927,212;05R,600,30,4,0,53,,-270,-174,,,70,474
EDTH|||Heubach~9|88030|99277|434|07,750,20,2,1
EDTN|||Nabern-Teck~9|86128|94772|370|14,615,35,4,0,,,187,-267,,,-223,295
EDTO|||Offenburg-Baden~9|84481|79236|155|02,910,,0,0,,,,,155,,,,155
EDTP|||Pfullendorf~9|79089|92506|702|01,610,30,4,0,10,,-205,-85,,,328,121
EDTQ|||Pattonville~9|88642|92247|280|10R,722,30,4,0,,,43,-530,,,-108,429;10,672,20,1,1,102,,71,-448,,,-69,443
EDTR|1||Herten-Rheinfelden~9|75603|77483|282
EDTS|||Schwenningen am Neckar~9|80658|85714|661|04,570,20,1,0,,,-272,-408,661,171,239,355,661,61
EDTW|||Winzeln-Schramberg~9|82792|84283|704|14,704,15,1,0,,,257,-278,,,-252,286
EDTZ|1||Konstanz~9|76814|91393|397|12,1000,27,4,0,116,,225,-610,,122,-201,558,,305
#ES|H
LEBC|1||Costa Brava-Centro~2|18070|30365|13
LEBS|1||Can Bonastre Wine Resort~2|15077|17877|288
LECE|1||Reus Emergency Center~2|11337|11874|95
#ES|L
LEBL|1|BCN|Josep Tarradellas Barcelona-El Prat~1|12971|20785|4|06L,3353,60,1,1,66,,-386,-1125,2,427,863,2525,3;06R,2660,60,1,1,66,,-1479,-416,2,,-488,2478,2;02,2530,45,1,1,19,,-936,633,2,,1219,1617,4
LEGE|1|GRO|Girona-Costa Brava~1|19046|27618|143|01,2400,45,1,1,14,,-970,-354,123,,1110,432,143,160
LERS|1|REU|Reus~1|11475|11684|71|07,2455,45,1,1,68.9,,-340,-1254,70,260,450,1475,71;12,340,35,6,2,111,,-440,-1382,69,,-750,-326,60
#ES|M
ES-0109|||Folgueroles~9|19527|23072|509
LECH|1|CDT|Castellón-Costa Azahar~1|2139|733|360|06,2700,45,1,1,57,,-640,-1306,333,,680,1361,360
LEDA|1|ILD|Lleida-Alguaire~1|17282|5350|351|13,2500,61,9,1,133,,746,-1052,354,0,-743,1054,356,91
LESU|1|LEU|Pirineus - la Seu d'Urgel~1|23386|14092|800|03,1267,28,1,1,31,,-244,-252,801,,734,540,801
#ES|S
ES-0002|||Vinaròs~9|5197|3903|111|18,500,30,1,0,,,,,117,,,,117
ES-0016|||Club Aernautic Catalunya|17503|26114||13,500,,4,0
ES-0021|||Aeròdrom d'Avinyonet|13680|17669||12,505,18,1,0
ES-0026|||Camp de Vol de Palafolls|16872|27481||12,500,15,4,0
ES-0051|LEBF||Binéfar~9|18539|2548|400
ES-0089|||Alt Camp de Vallmoll|12499|12415|184|16,450,20,6,0
ES-0098|||Prat de la Plana~9|18002|21121|690|01,500,10,1,0,,,-209,-41,,,212,39,,246
ES-0132|||Alats Club Bellvei|12443|15633|92|04,457,30,0,0
ES-0205|||Castejón de Sos~9|25225|4811|902|16,450,,4,0
LEAP|1||Ampuriabrava~9|22603|31096|1|17,493,21,3,0,,,,,2,,,,2
LECD|||La Cerdanya~9|23864|18667|1093|07,1150,23,1,0,69,,-190,-654,,,190,648
LECF|||Calaf-Sallavinera~9|17442|15569|718|13,810,50,0,0
LEIG|||Igualada/Odena~9|15856|16531|329|16,860,17,1,0,,,,,329,,,,317
LELL|||Sabadell~9|15209|21051|148|13,1049,30,1,0,,,245,-437,148,,-326,565,136
LENA|||Benabarre~9|20228|4822|747|10,786,18,0,0
#FR|H
FR-0205||JAH|Zi Les Paluds~2|32867|56039|116
FR-JCA|||Cannes Croisette~2|35353|70383
#FR|L
LFBO|1|TLS|Toulouse-Blagnac~1|36291|13638|152|14R,3500,45,1,1,143,,1500,-1787,149,,-1010,830,151;14L,3000,45,1,1,143,,830,-618,149,,-1350,1642,151
LFKB|1|BIA|Bastia-Poretta International airport|25527|94837|8|16,2519,45,1,1,163,,1080,-451,4,,-1090,457,8
LFKF|1|FSC|Figari Sud-Corse~1|15018|90971|26|05,2480,45,1,1,47.5,,-710,-1109,12,,800,1083,26
LFLC|1|CFE|Clermont-Ferrand Auvergne airport|57867|31692|332|08,3013,45,1,1,82,,-190,-1838,332,,190,1996,322,145;08L,900,49,4,0,82,,,,327,,,,324;01,705,60,4,0,8,,,,333,,,,330
LFLL|1|LYS|Lyon Saint-Exupéry~1|57260|50901|250|17R,4000,45,1,1,175,,2060,-416,231,,-1530,20,248;17L,2670,45,1,1,175,,890,177,238,,-1500,468,250
LFML|1|MRS|Marseille Provence~1|34381|52125|23|13L,3500,45,1,1,133.7,,1100,-1519,2,340,-1080,1596,16,660;13R,2370,45,1,1,134.4,,320,-948,2,,-1220,1185,19,105
LFMN|1|NCE|Nice-Côte d'Azur~1|36584|72159|4|04R,2963,45,1,1,45,,-1170,-1341,3,,720,1254,4;04L,2628,45,1,1,45,,-660,-1186,3,93,1110,1261,3,175
LFMT|1|MPL|Montpellier-Méditerranée~1|35762|39630|5|12L,2600,50,1,1,124,,990,-727,5,,-340,1922,2;12R,1100,30,1,0,124,,-40,-1111,3,100,-600,9,2
LFOB|1|BVA|Beauvais-Tillé airport|94544|21128|109|12,2430,45,1,1,125,,390,-895,107,,-820,1894,91;04,1105,30,1,0,42,,20,22,101,,770,1047,109
LFPB|1|LBG|Paris-Le Bourget~3|89623|24365|66|07,3000,45,1,1,69,,150,-1621,45,300,1170,2175,57,900;03,2395,45,1,1,26,,-1360,-964,45,44,820,565,53;09,1847,45,1,1,86,,140,-1610,45,,280,913,51
LFPG|1|CDG|Charles de Gaulle~3|90090|25541|119|08L,4215,45,1,1,85,,-1330,-136,103,,-1020,5608,97,600;09R,4200,45,1,1,86,,1160,-4104,113,,1470,1619,118,600;08R,2700,60,2,1,85.1,,-1610,1156,102,,-1410,4833,96;09L,2700,60,1,1,85.3,,1570,-2921,115,,1770,759,119;08H/26H,440,30,4,0,85,,677,447,,,709,1050
LFPO|1|ORY|Paris-Orly~1|87295|23590|89|06,3650,45,1,1,62,,-950,-4208,86,300,600,168,87;07,3320,45,2,1,74,,-1010,-41,84,,-210,4307,87,435;02,2400,60,2,1,18,,-1200,1770,87,,850,2797,87
LFSB|1|BSL|EuroAirport Basel–Mulhouse–Freiburg|76007|75211|270|15,3900,60,2,1,155,,1700,-1124,264,,-1477,1086,269,1120;07,1715,60,2,1,77,,-1276,-423,269,,-927,1801,269,113
LFST|1|SXB|Strasbourg~1|85383|76282|154|05,2400,45,1,1,48.7,,-710,-1217,153,,710,1224,150
#FR|M
LFAG|1||Péronne Saint-Quentin~9|98689|30296|90|09,1390,30,1,0,91,,-20,-970,90,,-50,966,89
LFAY|1||Amiens Glisy~9|98730|23871|63|12,1300,25,1,1,116,,250,-787,59,,-250,782,62
LFBA|1|AGF|Agen La Garenne airport|41742|5931|62|11,2165,30,1,1,112,,350,-1267,62,165,-390,1239,61,400
LFBE|1|EGC|Bergerac Dordogne-Périgord airport|48253|5186|52|09,2205,45,1,1,94,,0,-1365,52,209,-150,1400,49,245
LFBF|1||Toulouse-Francazal (BA 101)~d|35456|13675|163|12,1800,45,1,1,115,,350,-1030,163,,-330,991,162
LFBI|1|PIS|Poitiers-Biard~1|65877|3067|129|03,2350,45,1,1,32,,-810,-658,127,,1020,906,128
LFBK|1|MCU|Montluçon-Guéret~1|62226|23640|456|17,1900,45,1,1,167,,840,-275,410,,-830,267,413
LFBL|1|LIG|Limoges~1|58628|11794|396|03,2500,45,1,1,34,,-1030,-686,388,,850,1080,389,60
LFBU|1|ANG|Angoulême Brie-Champniers airport|57292|2215|133|10,1810,45,1,1,97,,130,-1437,132,,-70,871,126
LFBX|1|PGX|Périgueux-Bassillac~1|51981|8156|100|11,1750,30,1,1,114,,230,-983,92,300,-400,1059,99,320
LFCC|1|ZAO|Cahors Lalbenque airport|43514|14753|278|13,1500,30,1,1,129,,420,-780,269,,-420,664,278
LFCG|||Aérodrome de Saint-Girons - Antichan|30078|11032|417|15,1100,30,1,0,154,,440,-313,406,,-450,303,417,195
LFCI|1|LBI|Albi Le Sequestre airport|39139|21131|172|09,1560,30,1,1,90,,-80,-1216,169,75,-60,728,172,171
LFCK|1|DCM|Castres Mazamet~1|35563|22892|240|14,1825,30,2,1,141,,640,-710,215,155,-650,706,240
LFCR|1|RDZ|Rodez–Aveyron~1|44079|24827|582|13,2040,45,1,1,130,,580,-1004,582,,-580,994,578,50
LFDH|1||Auch Gers~9|36836|5997|125|18,1900,30,2,1,184,,,,122,,,,125;36,1900,30,1,1,4,,-660,-50,125,,680,66,122
LFGA|1|CMR|Colmar Houssen airport|81099|73590|191|01,1610,30,1,1,11,,-730,-211,191,210,680,202,187
LFGJ|1|DLE|Dole Tavaux~1|70390|54276|197|05,2231,45,1,1,55,,-590,-1226,195,,580,1159,196
LFGW|1||Verdun-Le Rozelier~9|91224|54691|375|10,1120,20,1,1,99.9,,80,-762,367,,-90,747,375,60
LFHO|1|OBS|Aubenas-South Ardèche~1|45444|43722|281|18,1425,30,3,0,184,,620,60,280,,-660,-62,268
LFJL|1|ETZ|Metz-Nancy-Lorraine~1|89821|62513|265|04,2500,45,1,1,39.1,,-870,-1076,264,,870,1080,262
LFKC|1|CLY|Calvi Sainte Catherine~1|25304|87930|64|18,2310,40,2,1,179,,1070,-8,19,,-1010,34,60,200
LFKJ|1|AJA|Ajaccio Napoléon Bonaparte airport|19236|88029|5|02,2407,45,1,1,24.9,,-1200,-748,5,,770,479,5,227
LFKS|1|SOZ|Solenzara (BA 126)~d|19244|94060|9|18,2627,45,2,1,179,,1180,-94,6,,-1180,-36,5
LFLA|1|AUF|Auxerre Branches airport|78502|34971|159|18,1650,30,1,1,184,,750,111,155,,-720,-100,159,120
LFLB|1|CMF|Chambéry Aix les Bains airport|56381|58802|237|18,2020,45,1,1,176,,900,-72,234,230,-910,76,237,140
LFLD|1|BOU|Bourges airport|70602|23696|161|06,1550,45,1,1,59,,-360,-972,161,,360,773,158,130
LFLI|1||Annemasse~9|61920|62684|494|12,1300,30,1,1,117,,270,-755,480,195,-270,753,491,198
LFLM|||Mâcon-Charnay~9|62951|47960|222|17,1230,24,1,1,174,,462,-71,222,110,-509,78,214
LFLN|1|SYT|Saint-Yan~1|64140|40142|243|15L,2030,45,2,1,148.2,,800,-708,238,,-750,690,243;15R,1500,30,2,0,148,,250,-702,239,,-900,340,242,90
LFLO|1|RNE|Roanne-Renaison~1|60538|39990|337|02,1475,30,3,1,15,,-440,-77,333,300,830,456,326
LFLP|1|NCY|Annecy Meythet airport|59289|60987|464|04,1630,30,1,1,39,,-540,-654,454,250,610,664,462,230;04R,845,59,4,0,,,-336,-172,,227,259,507,,68
LFLS|1|GNB|Grenoble Alpes Isère~1|53629|53294|397|09,3050,45,1,1,90,,10,-1949,373,,0,1944,397
LFLU|1|VAF|Valence-Chabeuil~1|49216|49699|160|01,2100,45,1,1,7,,-940,-180,160,255,940,180,158,125;01L,1193,50,4,0,8,,-600,-22,160,,460,180,160;01R,403,60,4,0,,,-232,147,,,127,216
LFLV|1|VHY|Vichy-Charmeil~1|61697|34036|249|01,2200,45,1,1,8,,-980,-188,249,,980,215,247
LFLW|1|AUR|Aurillac airport|48914|24219|639|15,1700,30,1,1,150,,650,-496,639,,-640,554,625
LFLX|1|CHR|Châteauroux Déols airport|68602|17283|161|03,3500,45,2,1,33,,-960,-913,161,,1670,1587,158
LFLY|1|LYN|Lyon Bron~1|57279|49440|201|16,1820,45,1,1,163,,710,-307,198,300,-860,361,201,300
LFMC|||Le Luc-Le Cannet~9|33847|63871|81|13,1400,30,1,1,130.2,,390,-663,80,268,-420,657,77,61;09,800,30,1,1,88.4,,-20,-853,79,,0,139,78
LFMD|1|CEQ|Cannes Mandelieu~1|35480|69552|4|17,1540,45,1,1,170,,650,-478,4,,-770,-226,2;04,760,18,1,0,43,,-410,-109,2,,50,563,3;17L,550,50,4,0,170,,,,3,,,,2
LFMH|1|EBU|Saint-Étienne-Bouthéon~1|55406|42964|404|17,2300,45,1,1,175,,1060,-126,393,300,-1010,136,403,170
LFMI|1||Istres-Le Tubé~d|35227|49238|25|15,3750,60,1,1,153,,1510,-1050,23,,-1490,1082,19
LFMK|1|CCF|Carcassonne Salvaza~1|32160|23063|132|09,2050,45,1,1,97,,110,-1313,132,100,-100,1193,123,151
LFMO|1||Orange-Caritat (BA 115)~d|41405|48667|60|15,2411,60,2,1,144,,840,-696,59,,-920,1066,57
LFMP|1|PGF|Perpignan-Rivesaltes (Llabanère)~1|27404|28707|44|15,2500,45,1,1,148,,1370,-899,40,,-540,705,41,170;13,1085,20,1,0,128,,-60,-526,44,407,-750,690,41,276
LFMQ|1|CTT|Le Castellet~1|32525|57852|424|12,1545,30,1,1,127,,430,-768,418,43,-403,755,423,110
LFMS|1||Aérodrome d'Alès Cévennes|40697|41421|204|01,1395,30,1,1,13,,-620,-188,200,200,610,190,189
LFMU|1|BZR|Béziers Vias airport|33235|33539|17|09,1820,45,1,1,94,,70,-1115,16,137,-60,1116,12
LFMV|1|AVN|Avignon Caumont airport|39073|49018|38|17,1880,45,1,1,169,,830,-224,34,200,-830,228,37,310
LFMY|||Salon-de-Provence (BA 701)~d|36064|51093|59|16,2001,45,2,1,160.1,,930,-489,59,,-760,374,58;16R,1103,80,0,0,164,,650,512,62,,-306,884,60;16L,968,79,0,0,160,344,832,662,63,,-5,993,63;09,783,42,0,0,91,,272,-4,60,,257,966,63
LFNB|1|MEN|Mende-Brenoux~9|45021|35328|1025|12,1300,30,1,1,125,,340,-661,1012,195,-340,672,1023,250
LFOA|||Avord (BA 702)~d|70533|26325|177|06,3503,45,1,1,60,,-540,-2073,166,,1020,1934,176
LFOC|||Châteaudun~9|80579|13793|132|10,2302,45,1,1,98.5,,170,-1796,132,,-120,1261,129
LFOE|1|EVX|Évreux-Fauville (BA 105)~d|90287|12199|141|04,2995,45,1,1,39.9,,-1040,-1319,137,,1030,1312,138
LFOH|1|LEH|Le Havre-Octeville~1|95340|884|95|04,2300,40,1,1,44,,-750,-1081,94,,760,1092,91
LFOJ|||Orléans-Bricy (BA 123)~d|79878|17606|126|07,2404,45,1,1,69,,-390,-1504,126,,370,1509,122
LFOK|1|XCR|Chalons Vatry airport|87733|42061|179|10,3860,45,2,1,102,,630,-4769,169,110,-50,383,179,110
LFOP|1|URO|Rouen Vallée de Seine~1|93849|11791|156|04,1700,45,1,1,41.3,,-540,-1065,152,,610,484,156;05,900,80,4,0,,,,,152,,,,155
LFOT|1|TUF|Tours Val de Loire~1|74322|7276|109|02,2404,45,2,1,15,,-1040,-419,107,,1050,420,107
LFPC|1|CSF|Creil~d|92535|25191|89|07,2399,50,2,1,65.1,,-450,-1493,86,199,460,1499,89
LFPM|||Melun-Villaroche~9|86047|26711|92|10,1975,45,1,1,103,,180,-781,90,,-240,1819,91,85;01,1300,30,1,0,13,,140,-12,90,,1280,375,92
LFPN|1|TNF|Toussus-le-Noble~1|87519|21062|164|07L,1100,30,1,1,70,,-70,-747,164,,250,670,153;07R,1050,30,1,1,70,,-240,-646,163,,70,698,152
LFPT|1|POX|Pontoise-Cormeilles~e|90961|20355|99|04,1689,47,1,1,45,,-830,-810,84,,250,815,95,170;12,1548,45,1,0,118,,581,-983,98,60,-75,887,97,178
LFPV||VIY|Vélizy-Villacoublay~d|87744|22031|178|09,1813,45,1,1,88,,-30,-1382,178,,20,1083,176
LFQB|||Troyes-Barberey~1|83221|40167|118|17,1650,30,1,1,174,,740,-137,113,,-740,105,114,115;17R,900,100,4,0,173.7,,350,-421,118,,-460,-288,116;05,734,100,4,0,52,,-466,-796,118,130,-101,-113,113
LFQE|||Lieutenant Étienne Mantoux~d|92269|56722|235|01,2400,45,1,1,13.6,,-1050,-386,225,,1050,387,234
LFQG|1|NVS|Nevers-Fourchambault~1|70029|31131|183|12,1630,30,1,1,121.8,,360,-885,173,160,-420,932,177,390
LFQP|||Phalsbourg-Bourscheid~d|87662|72006|310|06,2196,45,1,1,57,,-530,-1261,304,,530,1252,310
LFQV|1||Charleville-Mézières Ardennes-Etienne Riché~9|97839|46471|150|11,1500,30,1,1,112.1,,260,-967,150,,-250,961,147,200
LFQW|||Vesoul-Frotey~9|76386|62044|381|08,1442,20,1,1,82,,-90,-965,360,,90,937,381
LFRG|1|DOL|Deauville Normandie airport|93652|1545|146|12,2550,45,1,1,117,,530,-1579,144,450,-510,1543,142,420
LFRM|1|LME|Le Mans-Arnage~1|79486|2017|59|02,1420,30,1,1,20,,-670,-371,49,,520,289,55,280;02R,970,80,4,0
LFSD|1|DIJ|Dijon Longvic airport|72689|50900|221|17,2400,45,1,1,175,,770,359,221,,-1380,637,216;01,1200,23,1,0,15,,-260,-710,219,,782,-299,222
LFSG|1|EPL|Épinal Mirecourt~1|83250|60700|330|08,2700,45,2,1,85,,-90,-1818,330,,120,1810,315,258
LFSI|||Saint-Dizier – Robinson~d|86360|48994|140|11,2412,45,1,1,113,,430,-1504,135,,-420,1507,140
LFSL|1|BVE|Brive Souillac airport|50397|14856|310|11,2100,45,1,1,115,,430,-1336,310,,-350,1092,297
LFSM|||Montbéliard-Courcelles~9|74870|67905|317|08,1700,20,1,1,79.4,,-140,-1104,314,400,140,1111,316,400
LFSN|1|ENC|Nancy-Essey~1|86921|62305|229|03,1600,40,1,1,29,,-576,-384,213,,693,648,229
LFSO|||Nancy-Ochey (BA 133)~d|85831|59550|337|02,2401,45,2,1,19,,-1010,-591,337,,1030,495,325
LFSX|||Luxeuil-Saint-Sauveur (BA 116)~d|77877|63534|278|11,2433,45,1,1,113,,390,-1886,262,,-470,1101,270;04,2315,36,1,1,38,,-1050,376,266,,600,2282,278
LFTH|1|TLN|Toulon-Hyères~1|30973|61460|2|05,2120,45,1,1,51,,-280,-488,2,220,910,1547,2;13,1902,50,1,1,135,,450,-606,4,290,-760,1043,2,110
LFTW|1|FNI|Nîmes-Arles-Camargue~1|37574|44164|94|18,2440,45,2,1,177,,1100,-84,92,,-1100,74,94
LFXA|||Ambérieu Air Base (BA 278)|59873|53284|251|01,2000,30,1,0,7.4,,-890,-162,246,,900,171,251,205;02,800,100,4,0,15,,-1080,695,251,,-380,954,251,120
#FR|S
FR-0098|LFNN||Narbonne~9|31942|30517|3
FR-0278|||Glacier du Tour Altisurface|59830|69998|3100|08,500,,0,0
FR-0300|||Altiport du Plateau de la Calme|25306|20042|2130|16,500,100,10,0;07,400,100,10,0
FR-0323|||Mont sur Meurthe~9|85438|64419|248|02,700,25,0,0
FR-0331|||Javerlhac Ultralight~9|55538|5585|193|05,730,40,0,0
FR-0335|||Doucier~9|66637|57615|529|03,600,40,4,0;09,435,40,4,0
FR-0338|||Carlucet Biguès ULM|47442|16183|319|17,750,30,4,0
FR-0394|||Aérodrome de Lacave le Frau|48418|15888|299|13,700,9,1,0,126,,191,-368,282,,-178,352,301
FR-0401|||Sadournin~9|33261|4151|280|08,670,50,4,0
FR-0402|||Larreule Ultralight~9|34422|397|185|17,470,40,4,0
FR-0416|||Aérodrome de Sabonnères|34557|10755|320|09,600,30,4,0
FR-0420|||Valberg Altisurface|41064|69399|1731|14A/32D,410,35,6,0,,,,,1748,,,,1772
FR-0429|||Fontrailles Ultralight~9|33460|3616|274|10,440,25,4,0
FR-0451|||Aerodrome de Fougères-sur-Bièvre|74577|13638|102|07,600,30,4,0
FR-0467|||Taillefontaine~9|93079|30660|145|03,600,25,4,0
FR-0475|||Évaux~9|61687|24322|461|14,1250,,4,0
FR-0487|||Altisurface de Banon|40722|56392|1135|15/35,500,15,4,0
FR-0490|||Avaux-Les Bourdons Ultralight~9|94807|40748|114|11,430,20,4,0
FR-0492|||Treigny Ultralight~9|75506|31965|280|06,450,30,4,0
FR-0499|||Les Ailes d'Eure et Loir~9|85924|15376|146|15/35,560,40,4,0
FR-0511|||Chamonet~9|57979|56246|381|17,600,20,4,0
FR-0513|||Gite de l'Aviateur Ultralight~9|64025|50463|205|01,450,30,4,0
FR-0517|||Les Ailes de Sergy ULM|62597|60237|460|02,420,30,4,0
FR-0522|||Aérodrome de Liorac sur Louyre|49187|6458|158|06,450,,4,0
FR-0523|||Aérodrome d'Argentine|54669|3868|143|13,640,30,4,0
FR-0524|||Aérodrome de Saint Crépin Carlucet|49671|12510|256|06,500,20,4,0
FR-0569|||Fontaine Simon~9|85060|9911|210|06,1000,30,4,0
FR-0572|||Base ULM La Bouble|62186|29523|503|01,406,14,4,0
FR-0573|||Hommes Volants Ultralight~9|74185|3235|87|17,488,40,4,0,168,,,,90,79,,,88
FR-0574|||Torreilles~9|27461|30156|3|01,500,50,4,0;13,400,40,4,0
FR-1275|||Saint-Étienne-en-Dévoluy AltiSurface|46679|59047|1890|03D/21A,445,40,6,0,,,,,1887,,,,1852
FR-1277|||Condat sur Vézère|51039|12151|152|17,600,30,9,0
LF51|||Plan-de-Dieu-Orange~9|41800|49189|95|17,2000,30,1,0,161,,880,-404,,,-830,418,,250
LFAB|1|DPE|Dieppe-Saint-Aubin~1|98847|10810|105|13,820,,0,0,,,,,98,,,,105
LFAD|1||Compiègne Margny~9|94312|28015|96|05,900,,0,0,,,,,83,,,,96
LFAF|1||Laon-Chambry~9|95958|36317|78|17,985,,0,0,,,,,77,,,,78
LFAI|1||Nangis-Les Loges~e|85962|30068|130|05,955,20,1,0,53,,-230,-488,127,,280,548,130;06,955,20,1,2,53,,-230,-488,127,,280,548,129
LFAJ|1||Argentan~9|87095|29|177|04,1000,,0,0,,,,,173,,,,177
LFAP|1||Rethel-Perthes~9|94810|43633|125|06,760,60,4,0
LFAQ|1|BYF|Albert Bray airport|99700|26939|111|08,2200,45,1,1,90,,-67,-1523,105,190,100,1543,106,250;08R,1000,80,4,0,,,-256,-1496,101,,-182,-107,111
LFAR|1||Montdidier~9|96721|25678|109
LFAW|1||Villerupt~e|94104|58893|396
LFAX|1||Mortagne-au-Perche~9|85392|5320|270
LFBJ|1||Aérodrome de Saint-Junien|59022|9182|275
LFBR|1||Aérodrome de Muret - Lherm|34489|12633|190|12,1100,30,1,1,117,,250,-568,189,,-200,646,189
LFCA|1||Aérodrome de Châtellerault-Targé|67826|5505|63|18,800,,0,0,,,,,63,,,,63
LFCB|||Aérodrome de Bagnères de Luchon|28000|6000|618|01,750,,4,0,,,,,618,160,,,613
LFCE|||Guéret Saint-Laurent~9|61761|19538|368|05,675,20,1,0
LFCF|||Aérodrome de Figeac - Livernon|46733|17892|331|11,900,30,3,0,111,,,,328,,,,331,160
LFCL|||Toulouse-Lasbordes~9|35868|14992|140|15,950,23,1,0,155,,435,-275,140,140,-342,216,140
LFCM|||Millau-Larzac~9|39893|31830|794|14,1700,30,1,1,142,,610,-647,791,380,-600,646,789,500
LFCQ|1||Aérodrome de Graulhet-Montdragon|37711|20108|177|09,965,20,1,0,97,,-80,-500,175,140,-190,690,177,200
LFCU|||Ussel-Thalamy~9|55357|24245|740|10,1350,30,1,0,100,,120,-822,739,,-80,875,730;10R,900,50,4,0
LFCV|||Aérodrome de Villefranche de Rouergue|43695|20257|334|13,1025,,0,0,,,,,334,,,,334
LFCW|||Villeneuve-sur-Lot~9|43969|7589|58|10,1040,18,1,0,103,,210,-501,58,,20,776,59,150
LFCX|1||Aérodrome de Castelsarrasin Moissac|40864|11272|74|10,900,,0,0,,,,,74,,,,71
LFDB|1||Aérodrome Morin - Védrines|40257|13780|107|13,980,20,1,1,135,,310,-430,105,190,-310,442,107,215
LFDE|||Aérodrome d'Égletons|54214|20689|566|07,815,,0,0,,,,,566,,,,565
LFDF|||Aérodrome de Sainte-Foy-la-Grande|48536|1767|86|10,1200,,0,0,,,,,86,,,,86
LFDG|1||Aérodrome de Gaillac - Lisle-sur-Tarn|38839|18756|136|07,1120,,4,0,,,,,136,,,,136
LFDJ|||Aérodrome de Pamiers - Les Pujols|30906|16958|340|09,1300,30,1,1,92,,20,-583,339,,-20,1012,335
LFDL|||Loudun~9|70359|1006|96|08,790,60,4,0,83,,-35,-486,96,162,54,543,90
LFDM|||Marmande – Virazeil~9|44990|2005|34|11,1200,30,1,1,107,,160,-717,32,105,-170,720,32,76
LFDT|||Aérodrome de Tarbes Laloubère|32153|773|328|08,830,,0,0,,,,,328,,,,328
LFDV|||Couhé Vérac~9|62728|1906|152|02,1065,,0,0,,,,,151,,,,150
LFDX|||Fumel Montayral~9|44609|10067|211|17,720,,4,0
LFEF|1||Amboise Dierre~9|73398|9459|55|10,700,25,2,1;10L,700,60,4,0,,,,,53,,,,54
LFEG|1||Argenton-sur-Creuse~9|65963|16016|202|03R,830,65,4,0;03L,630,18,1,0
LFEH|||Aubigny-sur-Nère~9|74799|23933|192|06,1015,20,1,0,60,,-140,-440,188,90,320,726,192,80
LFEI|||Briare Châtillon~9|76144|27819|164|14,850,,0,0,,,,,164,,,,164
LFEJ|||Châteauroux Villers~9|68409|16200|165|04,800,,0,0,,,,,164,,,,165
LFEK|||Issoudun Le Fay~9|68880|20399|162|18,950,,0,0,,,,,162,,,,158;11,920,,0,0,,,,,162,,,,162
LFEL|||Le Blanc~9|66208|10875|115|04,800,,0,0,,,,,116,,,,116
LFEM|||Montargis Vimory~9|79606|26858|94|05,1200,50,4,0,,,,,94,,,,92;05C,900,80,4,0;05L,300,40,4,0
LFEN|||Tours Sorigny~9|72661|6987|91|04,700,18,9,0,35,,,,91,,,,88,60;04R,330,20,7,0,35,213,,,89,,,,88
LFEP|||Pouilly-Maconge~9|72214|45611|430|03,850,,0,0,,,,,430,,,,424
LFET|||Til Châtel~9|75463|52104|286|01,1050,100,4,0,13,,,,281,,,,286;11,1040,60,4,0,107,,,,284,,,,281,150
LFEU|1||Bar-le-Duc~9|88675|51851|277|06,940,,0,0,,,,,277,,,,277
LFEV|||Gray Saint-Adrien~9|74317|56178|207|07L,860,80,4,0,75,,,,202,,,,205;07R,800,18,3,0,75,,,,204,,,,207
LFEW|||Saulieu-Liernais~9|72393|42659|525|05,730,20,1,0,54,,,,521,,,,512
LFEX|||Nancy Azelot~9|85935|62410|293|18,980,,0,0,,,,,276,,,,286
LFEZ|1||Nancy-Malzéville~9|87244|62078|382|14,1000,,0,0,,,,,375,,,,361;04,940,,0,0,,,,,369,,,,377;09,940,,0,0,,,,,372,,,,372
LFFB|1||Buno-Bonnevaux~9|83501|24244|128|10,800,,0,0,,,,,120,,,,122
LFFC|1||Mantes-Chérence~9|90788|16883|156|04,900,,0,0,,,,,149,,,,156;12,900,,0,0,,,,,145,,,,146
LFFD|1||Saint-André-de-l'Eure~9|88977|12508|149|05,1100,,0,0,,,,,149,,,,145
LFFE|1||Enghien-Moisselles~9|90460|23540|102
LFFG|1||La Ferté-Gaucher~9|87570|32781|164|04,850,50,4,0,,,-277,-418,163,,310,446,161
LFFH|1||Château-Thierry-Belleau~9|90668|33555|222|04,930,,0,0,,,,,220,,,,222
LFFJ|||Joinville Mussey~9|83851|51435|312|09,660,60,4,0,93,,,,314,,,,306
LFFL|||Bailleau Armenonville~9|85158|16400|155|08,780,,0,0,,,,,145,,,,151;18,780,,0,0,,,,,154,,,,149
LFFN|||Brienne-le-Château~9|84304|44725|116|10,2450,45,2,0,99,,110,-762,112,,-230,2508,116,400
LFFP|||Pithiviers~9|81552|21876|117|07,1140,,0,0,,,,,117,,,,117
LFFQ|||Cerny-La Ferté Alais~9|84986|23369|138|10,1033,90,0,0,,,93,-694,138,,-81,680,132
LFFR|||Bar-sur-Seine~9|80659|44124|286|12,800,,0,0,,,,,271,,,,282
LFFT|||Neufchâteau~9|83590|57196|373|01,780,,0,0,,,,,373,,,,373
LFFU|||Châteauneuf Sur Cher~9|68711|23769|168|08,800,60,4,0,,,,,166,,,,168
LFFV|1||Vierzon-Méreau~9|71941|20654|131|04,680,60,4,0
LFFZ|||Sézanne-Saint-Remy~9|87096|37633|108|06L,950,50,7,0,57,257,,,108,,,,108
LFGB|||Mulhouse-Habsheim~9|77413|74322|240|02,1000,20,1,0,21,,-410,-251,240,,420,253,239,75;02R,965,80,4,0,21,,-487,-185,240,,441,370,240;16,500,50,4,0,,,,,240,,,,240
LFGC|||Strasbourg Neuhof~9|85533|77766|139|17,820,60,1,0,,,411,47,139,,-325,123,139
LFGF|1||Beaune-Challanges~9|70066|48941|200|03,910,30,1,0,25,,-490,-379,196,,370,233,200
LFGG|||Belfort Chaux~9|77007|68313|417|18L,920,80,4,0,,,,,415,,,,406;18R,920,50,4,0,,,,,415,,,,407;04,790,,0,2,,,,,417,,,,417
LFGH|||Cosne-sur-Loire~9|73609|29159|177|12,810,,0,0,,,,,170,,,,177
LFGI|||Dijon Darois~9|73853|49469|483|02R,780,80,4,0,17,,-366,-114,473,148,299,215,482;02,750,20,1,0,17,,-309,-156,474,,330,161,483
LFGK|||Joigny~9|79945|33927|223|08,1054,30,1,0,79,,-300,-748,206,74,-130,691,223,225;08R,700,80,4,0,79,,,,212,,,,222,220
LFGL|1||Lons-le-Saunier Courlaoux~9|66750|54691|232|08,1100,,0,0,,,,,232,,,,232
LFGM|||Montceau-les-Mines Pouilloux~9|66032|43382|314|09,900,,0,0,,,,,303,,,,314
LFGN|||Paray-le-Monial~9|64658|41345|304|13,597,101,4,0,132
LFGO|||Pont-sur-Yonne~9|82916|32457|72|14L,1000,,0,0,,,,,69,,,,70;14R,1000,,0,0,,,,,69,,,,70
LFGP|||Saint-Florentin - Chéu~9|79802|37756|107|07L,1120,,0,0,,,,,107,,,,108;07C,1080,,0,0,,,,,107,,,,108
LFGQ|||Semur-en-Auxois~9|74810|43430|321|04,732,25,1,0,42,,,,319,80,,,316;04L,620,60,4,0,42,,,,318,,,,316
LFGR|||Doncourt-lès-Conflans~9|91522|59334|245|08,900,,0,0,,,,,237,,,,245
LFGS|||Longuyon Villette~9|94836|55719|350|09,900,50,4,0,,,,,350,,,,350
LFGU|||Sarreguemines Neunkirch~9|91281|71083|260|05L,714,150,4,0,,,,,254,,,,263;05R,714,150,4,0,,,,,252,,,,260
LFGY|1||Saint-Dié-Remomeix~9|82665|70074|361|07,870,18,3,0,,,,,358,,,,362
LFGZ|||Nuits-Saint-Georges~9|71420|49685|243|11,894,60,4,0,,,,,242,,,,236
LFHA|||Issoire-Le Broc~9|55150|32675|378|18L,855,70,4,0,176,,,,375,70,,,378,70;18R,855,70,4,0,176,,,,376,70,,,378,70
LFHD|||Pierrelatte~9|43976|47176|60|18R,1200,,0,0,,,,,60,,,,60
LFHE|||Aérodrome de Romans - Saint-Paul|50661|51033|181|06,935,,0,0,,,,,178,,,,181
LFHF|||Ruoms~9|44446|43328|110|18,630,50,4,0,181,3,307,34,107,45,-256,-28,106
LFHH|1||Vienne Reventin~9|54624|48281|219|01,657,47,4,0
LFHI|||Morestel~9|56869|54522|245|13,800,,0,0,,,,,243,,,,245
LFHJ|||Lyon Corbas~9|56542|49136|198|18,885,,0,0,,,,,198,,,,198
LFHL|||Langogne-Lespéron~9|47036|38849|1018|04,883,50,4,0,36,,,,1008,,,,1018,329
LFHM|1|MVV|Megève Altiport|58230|66494|1470|15,548,18,1,0,153,,150,-98,1427,,-300,201,1472
LFHN|1||Bellegarde-Vouvray~9|61233|58049|495|18,671,18,3,0
LFHP|1|LPY|Le Puy-Loudes~9|50807|37629|832|15,1393,30,3,1,151,,560,-466,827,63,-580,426,831;15R,940,80,7,0,151,,290,-381,829,,-320,78,831,155
LFHQ|||Saint-Flour-Coltines~9|50764|29936|981|01,1310,30,1,0,9,,-650,-211,981,,510,53,972
LFHR|||Brioude Beaumont~9|53199|33616|452|15L,870,50,4,0,154,,,,451,,,,453,186
LFHS|1||Bourg-Ceyzériat~9|62009|52920|261|18,1139,30,1,1,180,,510,1,260,,-510,6,259;18R,735,80,4,0
LFHT|||Ambert - Le Poyet~9|55162|37451|563|02,736,18,3,0,16,,,,558,136,,,559
LFHU|1|AHZ|L'Alpe d'Huez - Henri Giraud Altiport|50874|60836|1860|06,448,30,1,0
LFHV|1||Villefranche-Tarare~9|59183|46352|328|18L,1100,80,4,0,182,,520,84,327,,-450,38,318;18,1040,30,1,1,181,,500,-20,328,102,-440,-39,318,40
LFHX|||Lapalisse - Périgny~9|62539|35886|317|05,1200,23,3,0,51,,,,319,274,,,305
LFHY|1||Moulins-Montbeugny~9|65346|34237|279|08,1300,30,1,1,83.2,,-80,-837,271,,80,842,277;08R,843,40,4,0;08L,330,30,4,0
LFIB|||Aérodrome de Belvès Saint-Pardoux|47825|9589|241|11,800,,0,0,,,,,241,,,,241
LFID|||Aérodrome de Condom - Valence-sur-Baïse|39103|3872|135|11,850,,0,0,,,,,126,,,,135
LFIF|||Saint-Affrique-Belmont~9|38246|27440|514|12,1300,20,1,0,118,,330,-494,508,,-230,931,514,250
LFIG|||Cassagnes-Bégonhès~9|41778|25150|617|10,1050,20,2,0,93,,200,-294,598,,130,1016,612,250
LFIH|||Chalais~9|52681|169|87|07,840,,0,0,,,,,85,,,,87
LFIK|||Aérodrome de Ribérac-Tourette|52387|2648|107|05,860,,0,0,,,,,105,,,,93
LFIP|||Altiport de Peyresourde Balestas|27967|4365|1582|09,470,20,1,0
LFJA|1||Chaumont-Semoutiers~9|80807|50477|305|01,1500,45,1,0,5,,-110,40,294,,1240,230,305
LFJC|||Clamecy-Rix~9|74376|35074|217|18,790,,0,0,,,,,217,,,,217
LFJE|||Altiport de La Motte Chalancon|44958|54029|880|03,534,40,4,0
LFJF|||Aérodrome d'Aubenasson|46945|51511|247|08,770,,0,0,,,,,240,,,,247
LFJH|||Aérodrome de Cazères - Palaminy|32022|10511|247|10,890,,0,0,,,,,247,,,,247
LFJS|1||Soissons-Courmelles~9|93450|32827|155|07,875,55,4,0,70,,,,,30
LFJT|||Tours Le Louroux~9|71493|7111|126|03,900,90,4,0,30,,,,126,,,,120
LFJU|||Lurcy-Lévis~9|67123|29448|227|06,1512,17,1,0,56.5,,-250,-715,227,,500,934,227;06R,661,38,4,0,57.9,,-290,-527,,,30,205
LFJY|||Chambley airfield|90255|58761|264|05,2400,45,1,1,50.4,,-690,-1268,251,,680,1262,264
LFKA|||Albertville General Pierre Delachenal~9|56260|63281|315|05,800,21,1,0,51,,,,313,,,,315
LFKG|1||Aérodrome de Ghisonaccia - Alzitone|20534|94002|54|18,800,,0,0,,,,,54,,,,54
LFKH|||St Jean D'avelanne~9|55167|56806|294|02,407,35,0,0
LFKM|||St Galmier~9|56072|43058|386|16,649,10,4,0,,,,,387,,,,387
LFKO|1|PRP|Propriano~1|16606|88898|4|09,1400,30,1,0,95,,59,-841,3,,-61,832,4
LFKT|||Aérodrome de Corte|22919|91890|345|12,940,20,1,0,124,,420,-39,344,168,-80,878,323
LFKX|1|MFX|Méribel Altiport|54075|65776|1718|15,406,15,1,0
LFKY|||Belley-Peyrieu~9|56941|56915|225|18,638,60,0,0
LFLE|1||Chambéry Challes-les-Eaux~9|55611|59758|297|14,1000,20,1,0,142,,350,-374,297,,-360,366,291
LFLG|1||Grenoble Le Versoud~9|52180|58483|220|04,900,,0,0,,,,,219,,,,220
LFLH|1||Chalon Champforgeuil~9|68258|48176|190|17,1440,30,1,1,170.7,,670,-148,189,250,-610,156,186,160
LFLJ|1|CVF|Courchevel Altiport|53975|66350|2006|04,537,40,1,0,42,,,,2006,,172,229,1942
LFLQ|||Montélimar-Ancône~9|45799|47388|73|02,1200,80,7,0,20,,,,73,,,,73
LFLR|||Saint-Rambert-d'Albon~9|52515|48264|155|01L,900,100,7,0,7,,,,152,,,,155;01R,900,100,7,0,7,,,,153,,,,155
LFLT|||Montluçon-Domérat~9|63528|25705|235|11,1000,30,1,0,110,,130,-612,235,,-180,609,229
LFLZ|||Aérodrome de Feurs - Chambéon|57062|41973|334|15,940,60,7,0,153,,,,333,130,,,334
LFMA|1||Aix Les Milles airport|35063|53664|112|14,1504,30,1,0,146,,530,-404,104,50,-660,710,110,285
LFME|||Nîmes Courbessac~9|38539|44136|60|18R,940,60,4,0,,,,,60,,,,49;18L,910,60,0,0,,,,,60,,,,49
LFMF|||Fayence-Tourrettes~9|36096|66974|226|10R,830,,0,0,,,,,226,,,,226;10L,800,,0,0,,,,,226,,,,226
LFMR|1|BAE|Barcelonnette - Saint-Pons~9|43872|66088|1132|09,800,,0,0,,,,,1126,,,,1132
LFMW|||Aérodrome de Castelnaudary-Villeneuve|33122|19211|168|11,810,30,3,0,110,,,,169,,,,164
LFMZ|||Lézignan-Corbières~9|31758|27342|63|08,1000,30,1,0,78,,-110,-576,63,,70,636,60
LFNA|1|GAT|Gap-Tallard~9|44550|60378|605|02L,945,30,1,0,26,,-528,-389,592,,236,134,599;02R,700,80,4,0,26,,-370,-203,593,,200,184,599
LFNC|1|SCP|Mont-Dauphin Saint-Crépin~9|47017|66003|903|16,847,30,1,0,,,248,-286,902,,-472,65,898;16G/34G,630,79,4,0,,,237,-206,,,-299,53
LFNE|||Aérodrome d'Eyguières|36583|50136|75|09,1300,,0,0,,,,,71,,,,73;15,1220,,0,0,,,,,75,,,,71
LFNF|||Vinon~9|37378|57842|275|02,1270,,0,0,,,,,270,,,,275;10,1054,,0,0,,,,,270,,,,275
LFNG|||Aérodrome de Montpellier - Candillargues|36103|40703|2|14,900,30,3,0,,,,,2,,,,1
LFNH|||Edgar Soumille~9|40277|50843|120|13,1200,20,1,0,132,,580,-1180,107,80,-150,-51,120
LFNJ|||Aspres-sur-Buëch~9|45175|57357|831|18,900,,0,0,,,,,831,,,,815
LFNL|||Aérodrome de Saint-Martin-de-Londres|38008|37825|182|12,550,70,4,0
LFNO|||Florac Ste Enimie~9|42864|34667|931|09,790,,0,0,,,,,927,,,,931
LFNQ|||Mont Louis La Quillane~9|25436|21200|1710|14,1000,,0,0,,,,,1708,,,,1700
LFNR|||Berre-la-Fare~9|35367|51774|33|08,1100,,0,0,84,,,,33,,,,33;16,950,,0,0,158,,,,33,,,,33
LFNS|||Sistéron-Vaumeilh~9|42865|59291|540|17,1170,,0,0,,,,,540,,,,535
LFNT|||Avignon-Pujaut~9|39969|47556|45|17R,1350,,0,0,,,,,45,,,,44;13,1170,,0,0,,,,,45,,,,44
LFNU|||Uzès-Belvezet~9|40821|43939|270|17,1060,,0,0,,,,,270,,,,270
LFNV|||Valréas Visan~9|43357|49069|144|02,1020,50,4,0,,,,,136,,,,144
LFNX|||Bédarieux La Tour~9|36408|31456|377|18,975,,0,0,,,,,377,,,,360
LFOF|1||Alençon-Valframbert~9|84466|1080|146|07,775,,0,0,,,,,146,,,,146
LFOL|||L'Aigle-Saint-Michel~9|87585|6566|240|07,765,,0,0,,,,,240,,,,240
LFON|1||Dreux Vernouillet~9|87054|13612|135|04,720,80,4,0,,,-219,-279,134,,308,290,134
LFOQ|1||Blois Le Breuil~9|76785|12088|121|12,1250,30,1,1,122,,310,-649,121,50,-250,706,116;02,920,70,4,0,,,,,119,,,,118
LFOR|1||Chartres-Métropole~9|84575|15198|155|09,840,25,1,1,,,-33,-561,155,,-71,579,151
LFOS|||Saint-Valery-Vittefleur~9|98352|6553|83|07,900,,0,0,,,,,80,,,,80
LFOX|||Étampes-Mondésir~9|83819|20753|151|06L,1230,50,1,0,,,-394,-847,149,,214,542,149;06,700,23,0,0,,,-289,-270,149,,58,521,149
LFOY|||Havre-Saint-Romain-de-Colbosc~9|95447|3604|129|01,890,,0,0,,,,,124,,,,129;06,840,,0,0,,,,,129,,,,129
LFOZ|1|ORE|Orléans–Saint-Denis-de-l'Hôtel~1|78978|21645|121|05,1600,30,1,1,53,,-370,-716,119,,390,771,121
LFPA|||Persan-Beaumont~9|91658|23131|45|05,975,100,7,0,53,,,,34,,,,41;10R,880,,0,0,,,,,43,,,,40;10L,830,,0,0,,,,,45,,,,43
LFPD|1||Bernay-Saint-Martin~9|91024|5659|169|10,1200,80,4,0,,,79,-850,169,,-69,781,166
LFPE|||Meaux-Esbly~9|89275|28335|66|07L,1145,100,4,0,,,-111,-632,57,,298,802,64;07R,1075,100,4,0,,,-209,-463,57,,174,885,64;16L,1020,100,4,0,,,273,-67,67,,-569,485,59;16R,1020,100,4,0,,,147,-205,64,,-695,347,58
LFPF|1||Beynes Thiverval~9|88432|19063|113|12,1000,,0,0,,,,,106,,,,113
LFPH|||Chelles-le-Pin~9|88966|26062|63|11,650,50,4,0,107,,,,,,,,62,135;04,600,50,4,0,37,,,,61,112,,,63
LFPK|1||Coulommiers-Voisins~e|88396|30087|143|09C,1590,20,3,0,,,-196,-506,143,,-210,1661,139;09,1400,20,1,0,91,,-200,-243,143,,-210,1663,139;09R,660,80,4,0,91,,-440,-756,141,,-450,146,141,100;09L,650,50,4,0,91,,-90,625,142,,-100,1512,140
LFPL|1||Lognes Emerainville~9|88210|26260|109|08R,1100,100,4,0,82,,,,111,,,,109;08,700,20,3,0,82,,-41,-468,108,,51,476,108
LFPP|||Le Plessis-Belleville~9|91088|27361|118|07R,823,50,4,0,67,,-263,-393,117,30,37,623,117;07,698,19,1,1,67,,-123,-441,118,,128,436,118
LFPQ|||Fontenay-Trésigny~e|87063|29028|113|12R,720,50,4,0,119,,,,110,,,,113,131;12L,700,18,3,1,119,,,,110,,,,113,131
LFPU|||Moret-Episy~9|83412|27985|77|06,825,,4,0,,,,,75,150,,,77
LFPX|1||Chavenay-Villepreux~9|88423|19805|130|05,825,60,4,0,,,,,130,,,,128;10,710,100,4,0
LFPZ|||Saint-Cyr-l'École~1|88125|20675|114|11L,890,100,4,0,113,,218,-544,114,130,-94,560,110,112;11R,865,60,4,0,113,,90,-510,112,135,-211,567,111,105
LFQA|||Reims-Prunay~9|92087|41566|95|07,1150,30,1,1,66,,-200,-679,94,195,220,769,93,325
LFQC|||Lunéville-Croismare~9|85933|65454|241|09,1039,20,1,0,92,,10,-899,242,,-20,510,242;09R,750,75,4,0,91,,,,239,,,,240
LFQF|||Autun-Bellevue~9|69673|42609|304|18,1021,30,1,1,180,,460,-33,302,,-460,-44,304;18L,636,50,4,0,180,,420,19,303,,-150,19,304
LFQH|||Châtillon-sur-Seine~9|78439|45800|276|02,955,100,4,0,17,,,,276,,,,265
LFQK|||Châlons - Écury-sur-Coole~9|89051|43527|97|04L,1500,70,4,0,,,,,95,,,,96;04R,1500,80,4,0,,,,,96,,,,98
LFQM|1||Besançon La Vèze~9|72066|60832|387|05,1400,23,1,1,53,,-380,-694,386,310,370,790,384,60
LFQU|||Sarre-Union~9|89509|70785|255|09,870,,0,0,,,,,240,,,,255
LFQX|1||Juvancourt~e|81140|48194|349|07,900,50,4,0,,,,,322,,,,344
LFQZ|||Dieuze-Guéblange~9|87744|67141|220|05,825,,0,0,,,,,220,,,,220
LFSA|||Besançon-Thise~9|72731|60829|246|07,970,,0,0,,,,,246,,,,246
LFSE|||Épinal Dogneville~9|82119|64492|317|02,709,99,4,0
LFSH|||Haguenau~9|87948|78161|150|03,995,18,1,0,29,,-440,-178,149,,350,474,149,170;03L,963,80,4,0,29,,-380,-294,149,,380,341,148,160
LFSJ|||Sédan Douzy~9|96597|50378|156|08L,1100,,0,0,,,,,155,,,,156;08R,800,,0,0,,,,,155,,,,156
LFSK|||Vitry-le-François Vauclerc~9|87024|46831|125|05,900,,0,0,,,,,125,,,,125;11,880,,0,0,,,,,124,,,,125
LFSP|||Pontarlier~9|69040|63268|818|02,1000,30,1,1,21,,-390,-218,816,21,450,247,818
LFSU|||Langres-Rolampont~9|79648|52937|420|18,920,60,4,0,181,,,,415,250,,,410,60
LFSV|||Pont-Saint-Vincent~9|86001|60565|408|06,1200,,0,0,,,,,391,,,,391;13,1150,,0,0,,,,,388,,,,403
LFSW|||Épernay Plivot~9|90045|40853|88|04,1200,50,4,0,,,,,84,,,,88;10,960,50,4,0,,,,,89,,,,83
LFTF|||Cuers-Pierrefeu~9|32476|61267|81|11,1972,30,1,0,110,,330,-1140,81,320,-290,1139,65,320
LFTP|||Puimoisson~9|38689|61628|769|08,820,,0,0,,,,,743,,,,769
LFTZ|1|LTT|La Môle~1|32054|64820|18|06,1071,30,1,1,62,,-250,-641,18,140,250,641,16,100
LFXU|||Les Mureaux~9|89983|19428|27|10,1950,50,4,2,,,,,23,,,,27;10L,1950,50,4,0,,,163,-1320,23,,-130,1310,27;10R,1950,50,4,0,,,118,-1333,23,,-176,1298,27
LFYR|||Romorantin Pruniers Airbase|73175|16910|88|04L,1100,100,4,0,,,,,84,,,,85;04R,950,100,4,0,,,,,84,,,,88
LFYS|||Ste Léocadie~9|24472|20108|1320|07,800,,0,0,,,,,1293,,,,1320
#FR|W
FR-0182|LFTB||Berre/Marignane~7|34446|52097||13,1000,50,12,0,,,670,-965,,,57,-50
#IT|H
IT-0831|||Cervinia~2|59267|76246|2050
LILU|1||Ferrero~2|47020|80203|166
LIMH|1||Pian Rosà~2|59334|77093|3488
#IT|L
LIEO|1|OLB|Olbia Costa Smeralda~1|8990|95185|11|05,2745,45,1,1,53,,-660,-1281,11,245,590,1107,6,151
LIMC|1|MXP|Milan Malpensa~3|56306|87281|234|17L,3920,60,1,1,170,,1978,-16,227,941,-1486,941,211;17R,3920,60,1,1,170,,1485,-936,233,,-1978,20,212,400
LIME|1|BGY|Il Caravaggio~3|56694|97089|238|10,2874,45,1,1,105,,164,-1911,237,95,-499,1653,230,130;12,714,18,1,0,121,,852,-667,238,64,518,115,238,100
LIMF|1|TRN|Turin~1|52008|76496|301|18,3300,60,1,1,183,,1480,97,299,725,-1490,-91,284,350
LIMJ|1|GOA|Genoa Cristoforo Colombo~1|44120|88407|4|10,2915,45,1,1,105,,340,-1651,3,,-350,1888,4,161
LIML|1|LIN|Milano Linate~1|54451|92767|108|17,2442,60,1,1,176,,1112,-83,108,,-1079,153,103;17R,601,22,1,2,176,,1290,-844,108,,750,-785,106
#IT|M
LIEA|1|AHO|Alghero-Fertilia~1|6321|82908|27|02,3000,45,1,1,25,,-1230,-741,21,,1230,736,27
LILE|||Biella-Cerrione~9|54953|81028|280|16,1320,30,1,1,156,,610,-388,282,88,-610,383,267,150
LILN|1||Varese-Venegono~1|57422|88882|335|17,1420,40,1,0,176,,640,-66,320,82,-640,73,320,82
LIMA|1||Torino-Aeritalia~1|50844|76031|287|10L,1074,30,1,0,101,,290,-641,287,,100,696,280,250;10R,750,40,4,0,101.5,,120,-269,285,,-10,663,281,250
LIMG|1||Riviera Villanova d'Albenga~3|40506|81274|45|09,1432,45,1,1,94,,30,-892,44,85,-40,891,31
LIMN|1||Cameri~d|55296|86692|179|17,2993,29,1,1,168,,1460,-428,178,100,-1170,397,169,81
LIMR|||Novi Ligure Eugenio Mossi~9|47800|87864|185|18,925,30,0,0,,,416,-8,185,,-528,61,185
LIMS|1||Piacenza San Damiano~d|49144|97223|139|12,2996,45,1,1,118.4,,640,-1685,139,258,-640,1650,133,266
LIMW|1|AOT|Aosta Corrado Gex~1|57386|73683|546|09,1246,30,1,1,85,,-50,-838,546,65,50,756,540,35
LIMZ|1|CUF|Cuneo~3|45475|76230|386|03,2104,45,1,1,32,,-790,-681,386,,810,745,371
LIQW|1||Sarzana-Luni Bartolomeo Arrigoni~1|40874|99879|14|18,905,23,1,0,,,,,11,,,,5
#IT|S
IT-0001|||Il Falco~9|52693|79507|234|07,650,20,0,0;18,350,20,0,0
IT-0035|||Ivrea Montalto Dora~9|54875|78432|247|14,799,22,4,0,143
IT-0037|||Merlo Romano~9|48344|73636|305|10,450,25,0,0
IT-0043|||Boglietto~9|47586|81831|186|10,750,20,4,0
IT-0045|||Cascina Colombare~9|54961|85253|170|09,800,,0,0
IT-0048|||Castelnuovo Don Bosco~9|50244|79664|223|15,750,25,4,0,150,,236,-149,,,-339,214
IT-0049|||Chavez-Marini~9|61342|83063|281|01,780,25,4,0;18,600,7,1,0,178,,,,,25,,,,25
IT-0051|||Cumiana~9|49390|74289|300|14,450,30,0,0
IT-0055|||Pegasus 2000~9|53117|76652|400|18,450,,0,0
IT-0056|||Alpi Marittime~9|43911|77256|444|06,480,20,0,0
IT-0058|||Prealpi-Musinè~9|51245|75214|337|03,600,,4,0
IT-0062|||Bosio Guido~9|44342|76322|457|06/21,480,25,0,0,,,-113,-256,,,119,251
IT-0063|||Country Fly~9|45031|78217|411|18,420,20,0,0
IT-0065|||Il Laghetto~9|47779|81303|137|05,450,25,0,0
IT-0071|||Sant'Elia~9|47420|77099||17,650,,0,0
IT-0074|||Carolina~9|52532|78990|216|18,600,,4,0
IT-0118|||Mezzana Bigli~9|50654|88352||03,800,50,4,0
IT-0123|||Il Volo~9|4219|86867||06,500,40,0,0
IT-0136|||Vigarolo~9|52175|94672|67|16,650,,4,0
IT-0146|||Cà del Conte~9|48702|99382||01,720,40,4,0
IT-0149|||Le Tartarughe Volanti~9|56097|94867|197|16,450,,0,0
IT-0190|||Baialupo~9|55529|95057|149|11,450,30,0,0
IT-0194|||Santa Lucia~9|54840|99532|109|01,650,27,0,0
IT-0196|||Natale/Battistoni~9|53350|88242|109|14,470,35,0,0
IT-0300|||Punto Volo~9|54379|96075|92|17,600,40,0,0
IT-0346|||Aviosuperficie San Teodoro|8025|96584|1|15,500,20,0,0
IT-0357|||Campo di Volo "Air Ardara"|6260|88681|224|11,450,20,0,0
IT-0359|||Massalengo~9|52754|94829|73|18,700,30,0,0
IT-0379|||Rosangeles~9|53630|90171|110|16,600,25,0,0
IT-0472|||Leonardo da Vinci~9|52883|88000|109|06L,650,20,4,0
IT-0710|||Cascina Rosio~9|54161|89651|117|16,510,50,4,0,16,34
LILA|||Alessandria~9|49256|86267|91|03,640,30,4,0,,,-261,-263,91,,220,182,91
LILB|||Alzate Brianza~9|57696|91623|384|03,600,15,1,0
LILG|||Vergiate~9|57126|87007|263|16,800,,0,0,,,,,263,,,,263
LILH|||Voghera-Rivanazzano~9|49520|90165|129|16,1000,30,1,0,159.6,,420,-219,122,,-420,226,129,116
LILI|1||Vercelli~1|53111|84175|127|09,560,23,4,0,83
LILM|||Casale Monferrato~9|51100|84569|115|18,880,23,6,0,178
LILO|1||Caiolo Sondrio~9|61544|97951|274|09,1050,23,1,0,85,,-23,-666,,,61,687,,93
LILV|1||Valbrembo~9|57199|95940|227|02R,805,14,1,0,20,,-255,-156,227,179,341,211,227,25;02L,700,50,4,0,,,-210,-220,227,,372,136,227
LIMB|1||Milano-Bresso~9|55414|92022|148|18,1080,30,1,0,180,,332,13,148,,-640,18,141
LIVV|1||Moncucco-Vische~9|53446|79191|238|18,632,22,4,0,180,,,,235,,,,235
#IT|W
LILY|1||Como (Idroscalo - Water Ad) Hidroport|58147|90697|202
#LI|H
LSXB|1||Balzers~2|70679|94808|483
#LU|H
LU-0005|ELLZ||Robert Schuman Hospital Helipad|96034|61281|314
#LU|L
ELLX|1|LUX|Luxembourg-Findel~3|96268|62121|376|06,4000,45,1,1,57,238,-910,-2464,353,,870,2346,370
#LU|S
ELNT|||Wiltz-Noertrange~9|99811|59178|464|08,657,30,4,0,78,,,,464,,,,464
ELUS|||Useldange Glider~a|97682|59660|283|10,800,30,4,0,99,281,,,282,,,,282
#MC|H
LNMC|1|MCM|Monaco~2|37258|74197|6
