#CA|H
CAB7||CBA|Alpine~2|98636|4320|500
#CA|L
CYLW|1|YLW|Kelowna~3|99561|6220|433|16,2713,61,1,1,175,,1000,-100,433,366,-990,200,418,122
#CA|M
CYCG|1|YCG|Castlegar/West Kootenay~4|92964|23680|495|15,1615,46,1,1,169,,700,-300,492,,-730,200,494
CYQL|1|YQL|Lethbridge~8|96303|72000|929|06,1981,61,1,1,70,,-640,-1500,929,,-40,1000,919;13,1676,46,1,1,140,,610,100,915,,-530,1600,919
CYXC|1|YXC|Cranbrook/Canadian Rockies~3|96108|42180|939|16,1829,46,1,1,178.1,,890,-100,925,,-750,0,939
CYYF|1|YYF|Penticton~1|94631|3980|344|16,1829,45,1,1,182,,630,100,344,,-1000,0,340,91
CZGF|1|ZGF|Grand Forks~1|90156|15690|524|07,1311,30,1,1,90,,-30,-800,524,,-30,1000,524
CZPC|1|WPC|Pincher Creek~1|95204|60030|1190|08,2012,30,1,1,90,,20,-1400,1190,122,20,1400,1190,366
#CA|S
CAD4||YZZ|Trail~4|90556|23910|435|16,1219,23,1,0,179,,1650,900,,,560,900
CAJ3||CFQ|Creston Valley Regional Airport - Art Sutcliffe~a|90369|35020|631|15,1202,23,1,1,168.3,,530,-200,631,,-520,100,631
CAU3|||Oliver~1|91733|4490|309|18,975,15,1,1,200,,420,200,,,-410,-200,,213
CBB9|||Osoyoos~1|90372|5110|335|12,853,15,5,0
CBE2|||Lionel P. Demers Memorial~j|92858|48431|869|03,914,30,4,0
CBM6|||Midway~1|90100|12100|578|08,1067,38,4,0
CBR2|||Kaslo~1|99036|30650|717|07,1128,18,1,0,89,,-10,-800,,,10,800
CEA6|||Cardston~1|91636|67581|1185|05,1067,23,1,1,63,,-330,-510,,,110,790
CED5|||Taber~1|98267|78150|807|05,914,23,1,1,64,,-200,-600,,,160,600;13,610,23,1,0,149,,270,-100,,,-200,300
CEF3|||Bow Island~1|98833|86670|803|05,914,23,1,1,66,,-160,-600,,,170,600
CEP6|||Warner~1|92933|78100|1012|06,900,23,1,0
CEQ4|||Del Bonita / Whetstone~3|89986|72240|1321|07,1330,20,4,0,,,,,1321,,,,1321
CEW5|||Milk River~1|91333|79500|1051|05,900,23,1,0
CEY3|||Fort Macleod~1|97000|65830|956|06,914,23,1,1,74,,-110,-600,,,110,600
CFD4|||Foremost~1|94831|85060|887|05,914,23,1,1,66,,-170,-600,,,160,500
CFZ3|||Schlenker~1|99717|92756|721|06,518,20,4,0
CLA5|||Lethbridge / Anderson~a|96569|72272|920|06,610,15,4,0
CMF3|||Lethbridge (Mercer Field)|95548|74385|940|07,792,39,4,0
CYSW|||Sparwood Elk Valley~1|98343|51213|1158|17,1219,23,1,0,185,,450,-430,,,-640,-530
CYYM|1|YYM|Cowley~1|96364|59060|1181|11,1320,91,4,0;03,1097,91,4,0
CZNL|1||Nelson~1|94942|26990|535|04,945,23,1,0,61,,-230,-500,,,190,600,,61
#US|B
59ID|||Palisades~a|31848|89506|1714|13U/31U,193,11,4,0
#US|H
KGFA||GFA|Malmstrom Air Force Base|75047|88130|1058|H1,30,30,1,0;H2,30,30,2,0
#US|L
KBOI|1|BOI|Boise Air Terminal/Gowen~a|35644|37770|875|10L,3048,46,1,1,115.1,,580,-1400,863,,-580,2000,875;10R,2976,46,1,1,115.1,,560,-2000,861,,-570,1400,871;09,1524,23,1,2,105,,-2260,1500,879,,-2620,3300,890
KGEG|1|GEG|Spokane~3|76199|24660|724|03,3353,46,1,1,45,,-600,-1000,727,,1130,1600,708;08,2499,46,1,1,90,,-290,-1900,724,,-310,1400,723
KSLC|1|SLC|Salt Lake City~3|7889|80201|1288|16L,3658,46,1,1,175,,1856,295,1288,,-1425,675,1287;16R,3658,46,2,1,175,,1888,-1940,1287,,-1392,-1559,1288;17,2925,46,1,1,180,,1002,1781,1286,,-1631,1781,1287,99;14,1491,46,1,1,153,,-318,865,1287,,-1514,1666,1287
#US|M
KALW|1|ALW|Walla Walla~4|60949|17120|364|02,1989,46,1,1,36,,-960,-400,350,,490,1100,363;16,1813,46,1,2,180,,730,-700,343,,-900,-700,349;07,1367,46,1,2,90,,410,-900,342,,420,800,361
KBKE|1|BKE|Baker City~5|48373|21910|1028|13,1550,30,1,1,142,,500,-400,1026,,-600,800,1028;17,1329,23,1,0,181,,750,-400,1026,,-440,-400,1028,120;08,1119,43,1,0,97,,-30,-600,1027,43,-160,1000,1027
KBNO|1|BNO|Burns~5|35905|10448|1264|12,1555,23,1,1,135,,650,-880,1264,,-330,520,1263;03,1402,18,2,1,48,,-200,-280,1263,183,640,920,1263
KBPI|1|BPI|Miley Memorial~a|25851|98890|2131|13,2074,23,1,1,147.7,,790,-700,2130,,-790,700,2117;08,1006,18,4,0,93,,-840,100,2116,,-880,1300,2111
KBTM|1|BTM|Bert Mooney~1|59548|75030|1692|15,2743,46,1,1,167,,1210,-400,1679,,-1190,400,1692;02,1690,23,1,2,38,,-990,-500,,,200,900;12,1554,23,1,1,129,,420,-900,1682,,-460,700,1686
KBYI|1|BYI|Burley~5|25426|62280|1265|02,1247,24,1,1,37,,-490,-200,1265,189,400,700,1261;06,1241,23,1,1,79,,-60,-900,1265,244,160,600,1262
KBZN|1|BZN|Bozeman Yellowstone~3|57789|88463|1363|12,2741,46,1,1,136,,919,-1278,1349,,-849,1181,1360;11,1539,23,1,1,136,,259,155,1354,,-733,1535,1360;11G/29G,854,24,4,0,136,,143,183,1355,,-407,950,1357;03,808,23,1,0,46,,-1005,115,1363,,-498,858,1358
KCOE|1|COE|Coeur D'Alene Airport - Pappy Boyington~a|77743|31800|707|06,2256,30,1,1,70,,-240,-1700,697,,450,1100,707;02,1646,23,1,1,32,,-770,-100,702,,480,1100,706
KCTB|1|CTB|Cut Bank~3|86087|76218|1175|05,1615,23,1,1,64,,-220,-680,1173,,420,1220,1169;14,1615,23,1,1,152,,470,-380,1175,,-810,620,1170
KEKO|1|EKO|Elko~4|8249|42080|1567|06,2199,46,1,1,69,,-581,-1363,1540,,163,1140,1547,317;12,919,18,1,0,134,,846,114,1568,277,292,849,1550
KENV|1|ENV|Wendover~1|7187|59690|1291|08,3049,46,1,1,90,,20,-1200,1289,,30,1600,1288;12,2439,30,1,1,135,,750,-1200,1291,,-800,800,1287
KEVW|1|EVW|Evanston-Uinta County Airport-Burns~a|12748|89650|2177|05,2225,30,1,1,66.8,,-400,-1200,2174,,390,1300,2174;05R,2225,30,1,2,66.8,,-380,-900,2183,,410,1500,2173
KGPI|1|FCA|Glacier Park~3|83105|57440|907|02,2745,46,1,1,35,,-1170,-1200,903,,860,900,907;12,1070,23,1,1,136,,740,-200,906,,50,800,905;07,928,46,1,2,90,,200,-800,,,200,400
KGTF|1|GTF|Great Falls~3|74820|86290|1122|03,3201,46,1,1,45,,-1270,-1300,1121,,770,1700,1115;17,1838,46,1,1,180,,1160,-200,1111,,-580,-200,1118;07,1309,23,1,1,90,,180,-1000,1113,,180,800,1118
KHIF|1|HIF|Hill Air Force Base|11240|80269|1460|14,4115,61,1,1,152.9,,1640,-1090,1458,,-1650,1110,1457
KHLN|1|HLN|Helena~4|66068|80170|1182|09,2743,46,1,1,103,,160,-1500,1178,,-380,2000,1172;05,1415,23,1,1,66,,-120,-1400,1182,,390,200,1164;16,911,23,1,1,179.3,,540,200,1162,,-280,200,1177
KIDA|1|IDA|Idaho Falls~4|35146|79290|1446|02,2744,46,1,1,38,,-1210,-1400,1445,,740,700,1442;17,1208,23,1,1,182,,800,900,1442,,-310,900,1442
KJAC|1|JAC|Jackson Hole~1|36073|92620|1966|01,1920,46,1,1,19.5,,-810,-400,1955,,820,400,1966
KLGU|1|LGU|Logan-Cache~1|17912|81480|1358|17,2749,30,1,1,183,,1460,400,1358,,-1030,300,1358;05,1526,46,1,2,64.1,,-800,-1400,1353,,-200,300,1355;10,1242,18,1,0,122,,-20,-1300,1353,,-760,200,1357,66
KLOL|1|LOL|Derby~a|664|14350|1190|02,1685,23,1,1,30,,-450,-800,1189,,860,200,1190;08,1503,23,1,0,90,,-210,-600,1189,,-220,1100,1189,37
KLVM|1|LVM|Mission~a|56994|95520|1420|04,1738,23,1,1,54.7,,-610,-700,1416,,300,1100,1415;08,1147,38,4,0,95,,220,-900,1419,,140,600,1416;13,830,37,4,0,148.3,,390,-600,1419,,-250,-100,1417
KLWS|1|LWS|Lewiston Nez Perce~8|63745|29850|440|08,1985,46,1,1,99,,-70,-1300,435,,-350,1300,437;12,1525,23,1,1,131,,730,-900,418,,-180,600,440
KMSO|1|MSO|Missoula Montana~1|69158|59089|977|12,2896,46,1,1,130,,900,-1590,973,,-790,1310,977;08,1406,23,1,2,89,,20,-590,975,,40,1310,977
KMUO|1|MUO|Mountain Home Air Force Base|30436|41280|913|12,4118,61,1,1,135,,1300,-1800,910,,-1320,1700,913;07,3048,152,1,2,90,,-920,-1300,,,-920,2400
KMWH|1|MWH|Grant County~3|72077|6800|362|14L,4116,61,1,1,162,,1800,-600,355,,-1730,1100,354;04,3048,30,1,1,54,,-1100,-1300,361,,510,2000,351;09,1067,27,2,0,108.2,,1000,300,361,,700,1600,361;18,1014,23,1,1,198,,60,-1000,360,,-810,-1400,360;14R,895,23,2,0,162,,1630,-1000,355,,860,-600,355
KMYL|1|MYL|McCall~5|48888|38989|1531|16,1860,23,1,1,179,,930,-90,1530,,-750,10,1525
KOGD|1|OGD|Ogden Hinckley~1|11959|79880|1363|03,2471,46,1,1,44.8,,-790,-900,1363,,790,1200,1346;07,1707,46,1,3,89.8,,200,-1000,1356,,200,1000,1350,48;17,1583,30,1,1,179,,500,-300,1352,,-930,-300,1358
KONO|1|ONO|Ontario~5|40198|29867|668|15,1526,30,1,1,159,,590,-270,668,67,-510,230,667
KPDT|1|PDT|Eastern Oregon Regional Airport at Pendleton|56951|11590|456|08,1921,46,1,1,90,,20,-1200,453,,30,1200,453;11,1465,30,1,1,128,,370,-1300,453,,-570,400,455;16,1323,18,1,2,180,,670,400,446,,-520,400,456
KPIH|1|PIH|Pocatello~4|29098|74040|1357|03,2761,46,1,1,45,,-810,-500,1354,,950,1900,1356;17,2179,30,1,1,180,,890,-900,1355,,-1070,-900,1354
KPSC|1|PSC|Tri Cities~1|62647|8810|125|03L,2349,46,1,1,46,,-870,-1400,124,,600,700,121;12,2348,46,1,1,136,,880,-900,119,,-640,1200,122;03R,1348,23,1,0,46,,-400,-300,122,,440,1000,122
KPUW|1|PUW|Pullman-Moscow~4|67416|28884|779|05,2164,46,1,1,65,,-90,-1040,782,,540,1460,778
KPVU|1|PVU|Provo~5|2189|82776|1371|13,2622,46,1,1,145.8,,1130,-960,1371,,-820,740,1369;18,2020,46,1,1,191.8,,750,240,1370,,-1020,-260,1369
KSFF|1|SFF|Felts~a|76829|26781|595|3W/21W,1829,30,12,0;4L,1372,46,2,1,54,,-370,-910,592,,350,490,595;4R,808,23,1,1,54,,-250,-410,595,,240,690,596
KSKA|1|SKA|Fairchild Air Force Base|76151|23440|750|05,4236,46,2,1,67,,-760,-2600,750,,750,2600,736
KSMN|1|SMN|Lemhi~8|51222|61180|1232|17,1679,23,1,1,188,,860,200,1230,,-540,-100,1232
KSUN|1|SUN|Friedman~i|35044|57040|1621|13,2301,30,1,1,145,,780,-800,1619,458,-770,700,1606
KTWF|1|TWF|Joslin Field Magic Valley~4|24818|55120|1266|08,2653,46,1,1,91,,-50,-1500,1262,,-110,1700,1265;12,983,23,1,0,136,,540,-600,1251,,-100,300,1263
KU42|KSVR||South Valley~4|6195|80070|1404|16,1787,30,1,1,172,,800,-100,1403,,-790,100,1401
KWMC|1|WMC|Winnemucca~5|8966|21940|1313|14,2134,30,1,1,159.6,,940,-800,1310,,-860,100,1311;02,1463,23,1,1,39.5,,-560,0,1311,,450,1100,1312
KWYS|1|WYS|Yellowstone~1|46884|88820|2027|01,2560,46,1,1,26,,-1034,-679,2027,,1031,749,2022
#US|S
00ID|||Delta Shores~1|81453|37860|629|08,1067,12,4,0;11,884,12,4,0
00W|||Lower Granite State~1|66729|25581|219|14,1036,15,5,0
00WN|||Hawks Run~1|62500|27510|884|05,439,15,4,0
01ID|||Lava Hot Springs~1|26082|79680|1606|14,1036,30,4,0,,,280,-300,,,-450,100
01MT|||Crystal Lakes Resort~1|87891|51200|957|13,1524,21,1,0,148,,590,-600,,,-580,500,,46
02ID|||Morgan~b|45555|46950|1717|NE/SW,610,30,4,0
02NV|||Paiute Meadows~1|12996|10733|1354|09,671,15,4,0
02T|||Wise River~1|57691|70180|1777|02,1234,18,6,0
02UT|||Lucin~1|13693|61590|1345|07,1219,15,6,0;16,1219,15,6,0
02WN|||Fowler~a|87458|6810|655|13,457,9,6,0
03ID|||Flying Y~b|47940|34685|969|11,549,30,4,0
03NV|||Llama~b|5844|47020|1865|18,975,9,4,0
03OR|||Powwatka Ridge~1|58554|25160|1018|07,899,18,2,0
03WA|||Spangle~a|74082|26280|744|18,853,18,5,0
04ID|||Lanham~a|38770|34616|714|07,914,8,6,0
04WA|||Ox Meadows~1|75818|25629|715|N/S,549,18,4,0
04WN|||Stillwater Creek~1|69584|3614|460|11,1250,18,1,0,,336.5
05ID|||Running Creek~b|59141|51640|905|03,610,21,4,0
05OR|||Peacock~b|54443|26528|1067|11,792,15,4,0;H1,23,23,4,0
05WN|||Flat Creek~a|87022|19525|479|09,518,15,4,0,,292.2
06ID|||Larkin~1|34627|36410|838|09,671,24,5,0
06MT|||Torgerson~1|85587|78829|1079|E/W,671,18,4,0
08ID|||Symms~1|35693|32230|817|NW/SE,762,18,5,0
08U|||Stevens-Crosby~1|15157|41400|1950|01,1097,15,6,0
09ID|||Taylor Ranch Landing Area~1|51039|51450|1169|09,701,30,4,0
09MT|||Paint Creek~b|59093|62368|1542|7,1225,15,4,0
09S|||Sullivan Lake State~1|88409|27160|797|16,538,30,4,0,,,240,0,799,,-240,0,793
0ID0|||South Fork~b|36064|48930|1482|07,914,24,4,0
0ID1|||Ziggy's~1|26412|53950|983|10,579,23,4,0
0ID2|||Flying Joseph~b|44429|62270|1707|11,2288,23,1,0,110,,300,-1200,,,-310,1200
0ID3|||Coyote Run~1|30758|43270|960|07,805,15,6,0
0ID4|||Black Butte~b|30477|55300|1225|04,960,24,4,0
0ID5|||Ez Lope~b|30531|35380|954|05,445,12,4,0
0ID7|||Z X~b|32303|32368|1164|02,792,15,6,0
0ID9|||Corral Creek~1|67853|35289|882|6,703,18,4,0,,,-86,-446,854,,81,-3,882
0MT1|||Williams~a|74975|76090|1241|03,457,9,6,0
0MT6|||Hanson~1|80376|53255|1189|08,732,15,4,0
0MT7|||Pinehurst~b|76608|45960|750|14,1158,15,4,0
0MT9|||Lone Hawk~1|84812|55183|1001|12,457,16,4,0
0OR6|||Rome Service~1|28340|23710|1032|16,884,12,6,0
0S1|||Meadow Creek USFS~1|78480|65832|1214|17,863,30,4,0
0S5|||Nezperce~5|62386|37614|976|15,732,9,1,0,,,320,-40,,,-330,60
0U0|||Landmark US Forest Service~1|46424|44670|2031|16,1219,30,4,0
0U1|||Warm Springs Creek~1|41421|46857|1472|02,869,41,4,0,,,-290,-370,,,310,330
0U2|||Copper Basin~1|38017|61689|2414|12,1433,30,4,0,,,520,-590,,,-470,510
0U3|||Mahoney Creek USFS~1|47446|50786|1408|03,655,5,6,0,,,-180,-360,,,180,340
0U7|||Hollow Top~1|33236|64097|1633|05,762,43,4,0,,,-80,-470,,,110,430
0U8|||May~1|46105|61040|1623|09,1509,61,4,0,,,160,-800,,,-190,1000
0U9|||Lee Williams~i|44613|32420|798|08,876,18,1,0
0WY0|||Freedom Air~b|30397|89619|1737|18,610,9,4,0,,189.9
10ID|||Flat Top~6|34944|60780|1780|NE/SW,914,12,5,0
11OG|||Unity~1|44513|18136|1212|10,732,18,6,0
11WA|||Homeport~1|75237|25304|707|03,732,15,4,0
12ID|||Flying B Ranch~f|49680|52670|1112|N/S,610,30,4,0
12MT|||Lincolns~a|87742|95580|893|02,543,17,4,0;16,500,26,4,0
12OR|||Skinner~b|29513|27180|1302|06,671,23,6,0
12S|||Monument~5|48316|5703|708|14,641,9,5,0
12WA|||Fowlers Northwest 40~1|75206|25372|705|03,472,61,4,0
13ID|||Silva~b|42666|49990|1951|N/S,488,30,4,0
13MT|||Sorenson~1|85208|98870|876|E/W,701,18,4,0
14ID|||Peaceful Cove~1|36709|37890|890|02,579,15,6,0
15ID|||Scanlon~1|76856|29620|610|12,533,61,4,0
16W|||Little Goose State~1|65839|19960|208|07,1036,15,5,0
16WA|||Tightcliff~1|78447|23060|565|06,462,12,6,0
17ID|||Coyote Ridge~1|44142|34009|1026|11,831,17,4,1,,301,,,,,,,,85
17MT|||Abel~b|81071|58230|884|12,914,18,4,0;16,792,18,4,0
17WT|||Lathrop~a|78283|18614|512|18,750,30,4,0
1A8|||Empire~1|5800|6491|1216|18,1149,13,6,0;07,966,15,6,0,,,,,,,,,,244
1ID3|||Beaux Ranch~a|81680|32747|634|03,549,14,4,0
1ID4|||Red Baron~j|33106|40975|993|10,896,15,1,0,,360
1ID7|||Fairbanks~9|25879|56693|1167|07,701,24,1,0
1MT0|||Nine Quarter Circle~b|50674|87030|2126|10,1219,30,4,0
1MT3|||Wood Strip|65577|75856|1554|09,549,30,4,0
1MT7|||Prill~a|74211|88410|1042|18,945,15,4,0
1S1|||Eckhart~3|89902|34979|535|15,1113,53,4,0
1S6|||Priest River~5|81906|30901|667|2,909,15,1,1,,270,-320,-310,,,340,390
1S7|||Slate Creek~1|56717|36944|506|11,792,50,4,0,,,260,-340,,,-240,360
1U0|||Bear Trap~1|29749|66490|1437|06,686,37,4,0,,,-60,-400,,,150,400
1U1|||Moose Creek US Forest Service~1|61243|50765|748|01,1250,76,4,0,,,-270,-250,,,680,650;04,701,61,4,0
1U3|||Murphy~1|32160|34510|870|12,762,14,1,0,,,240,-300,,,-250,400
1U4|||New Meadows~1|49791|37160|1191|14,732,46,4,0,,,190,-200,,,-410,200
1U6|||Oakley~5|22341|61220|1417|16,1158,12,5,0,,,500,0,,,-540,0
1U9|||Pine~1|34661|46899|1290|16,701,38,4,0
1WN0|||Schmidt~b|89333|22542|407|05,671,12,1,0
21MT|||Harris Runway~1|57478|89273|1397|9,625,15,4,0;18,579,15,4,0
22ID|||Treasure Gulch~1|39447|40590|1326|02,488,23,4,0
22MT|||Wounded Buck~b|81283|58303|885|16,791,24,4,0
22WA|||Gollehon~1|78202|13130|719|07,671,15,4,0
23MT|||Waterfall~1|56572|89600|1509|18,526,46,4,0
23S|||Seeley Lake~1|71791|65550|1291|16,1394,23,4,0
24ID|||Flying Z~b|44536|63381|1897|11,653,12,4,0
24K|||Krassel US Forest Service~1|49743|42700|1214|17,457,46,4,0,,,200,100,,,-210,0
24MT|||Haggerty~1|56194|89080|1576|17,792,15,4,0
25U|||Memaloose~1|54277|33060|2045|17,1006,37,6,0
25WA|||Hart~b|85764|9355|795|E/W,792,15,4,0
26MT|||Hutchinson~1|88356|95580|884|16,1036,12,4,0;07,604,12,4,0
27ID|||Huddleston~1|25830|54500|1127|1,596,15,4,0
28MT|||Cain~b|69524|72529|1366|16,732,12,4,0,,,,,,488
28U|||Owyhee Reservoir State~1|34246|26545|817|13,561,9,6,0
29ID|||Patterson~a|38872|33453|700|12,525,9,1,0
29MT|||Craik~1|77381|44957|762|16,1067,12,4,0
2ID2|||Linda's Roost~1|39544|63530|1905|15,640,18,6,0
2ID3|||Josephine~b|27492|33259|1554|14,762,12,6,0
2ID6|||Lemons~a|39273|30535|695|09,457,12,4,0
2ID7|||Cayuse Creek /US Forest Service~1|66666|49270|1067|02,549,30,4,0
2MT0|||Bates~6|83000|55855|948|02,457,15,4,0
2MT1|||Ryan~a|84832|60391|1116|15,762,20,4,0
2MT2|||Braidwater~h|81985|57422|887|14,728,30,4,0
2MT5|||Briar Creek~1|55941|88480|1577|12,610,14,4,0
2MT8|||South Boulder~1|58151|80741|1390|18,914,30,4,0,,277
2MT9|||Gold Creek~1|65231|70103|1511|5,457,23,4,0
2OG4|||El Rancho~1|23315|13494|1259|17,762,15,4,0
2OR6|||Lockhart~1|41813|17838|1407|03,579,15,5,0
2U0|||Smith Prairie~1|34985|44520|1511|05,1646,46,4,0,,,-250,-900,,,220,1100
2U4|||Rockford~5|31902|74680|1361|16,853,15,1,0,,,310,0,,,-450,0
2U5|||Shearer US Forest Service~1|59916|51590|803|18,610,5,4,0,,,50,100,,,-470,-200
2U7|||Stanley~1|42085|50650|1952|17,1311,46,4,0,,,580,200,,,-570,-100
2U8|||Thomas Creek~1|47263|49970|1341|03,640,23,4,0
2UT3|||Fort~b|14922|74090|1353|16,914,15,5,0
2UT9|||Glogen Farms~1|15976|81021|1501|8,457,23,9,0
2WA6|||Rice~b|79979|9126|742|07,549,9,5,0
2WA8|||Kramer~b|73838|17019|665|02,914,18,5,1
2WA9|||Touchet Valley~1|62892|18990|411|05,792,18,5,0
2WY3|||Haas~1|30072|96830|2432|07,902,30,4,0
30WA|||Weller Canyon~1|63149|18220|396|01,488,9,5,0
31MT|||Reverse 5 Bar M~1|72365|86977|1298|3,408,12,4,0
32ID|||Chimney Creek~1|33662|50089|1570|12,546,12,4,0
32WY|||Double L~b|30803|89681|1747|16,640,23,4,0
33WA|||Franz~b|70499|11490|450|E/W,762,9,5,0
33WY|||Skidmo~1|30459|90088|1835|18,404,122,6,0,,,,,1829,,,,1835
34ID|||Freeman Creek~1|65704|36581|945|07,701,11,5,0
35ID|||Bluebird~1|49238|60337|1316|14,444,12,4,0
35WA|||Fisher~b|67479|15809|464|06,549,30,4,0
37ID|||Hungry Ridge~b|57826|40620|1402|02,685,23,4,0,,,,,,137
37OR|||Vey Sheep~b|50932|16010|1267|NE/SW,1372,12,5,0
37WA|||Baumann Farm Inc.~1|68318|15380|488|16,914,15,5,0
38ID|||Sky Ranch North~1|35094|33321|838|09,610,11,4,0,,205.9
39MT|||Flying E~b|66364|79231|1195|7,488,15,4,0
39WA|||Tailskid~b|78519|22180|582|03,732,15,6,0
3ID2|||The Last Resort~1|63507|40230|962|09,518,21,4,0
3ID3|||Estes~1|67782|29746|819|10,478,15,4,0
3ID9|||West Mountain~1|45342|38876|1476|14,732,14,4,0
3OR2|||Maxwell Private~1|53124|20410|826|13,671,15,5,0
3OR9|||Murphy~b|39574|18680|1056|03,594,18,5,0
3U0|||Murphy Hot Springs~1|20207|46620|1777|01,1600,37,4,0,,,-330,-300,,,890,800
3U1|||Warren USFS~1|52678|43169|1797|11,843,15,6,0
3U2|||Johnson Creek~1|49122|45146|1504|17,1036,46,4,0,191,,380,140,,,-490,-160
3U5|||Augusta~1|74633|76200|1263|01,1113,23,4,0
3U9|||Boulder~1|62116|78940|1514|11,1120,22,4,0
3WA2|||Hanes~1|75010|17664|673|NE/SW,610,9,1,0
3WA3|||Angel Park~1|66485|14170|269|06,1189,18,1,1
3WA4|||Watson~1|67165|13820|411|NE/SW,549,18,4,1
40ID|||Camas Creek~b|33140|50944|1547|10,805,15,4,0
40MT|||Silver Creek~1|67066|79309|1177|17,445,76,4,0;7,293,76,4,0
41ID|||Black'S~9|34714|36736|850|11,549,8,6,0
43MT|||Government Mountain~1|79917|42481|704|13,671,30,4,0,145,,252,-252,701,198,-244,258,701,168
44ID|||Boulder Creek~6|47369|39258|1509|17,640,15,4,0,,,,,,46,,,,76
45MT|||Pester~1|86283|95303|931|17,792,12,4,0,,348
45OG|||Rugg Ranches~1|54764|12083|576|16,610,11,4,0,,327
47ID|||Flying Thunderbolt~b|39142|32953|684|17,914,23,4,0
47MT|||66 Ranch~6|53160|82386|1588|17,640,12,4,0
47OR|||MC~b|21649|950|1388|01,1036,21,6,0
49ID|||R7 Aero~1|39582|30600|681|2,403,18,4,0
49OR|||Land's Inn~b|45931|4363|1183|13,719,9,4,0
49S|||Babb~1|88450|65730|1377|14,1177,34,4,0
4MT1|||Kreikemeier~1|58207|88550|1329|13,853,18,4,0
4U7|||West Fork Lodge~1|58606|57800|1294|02,792,20,4,0
4WA0|||B & G Farms~1|69281|2608|341|07,1128,20,1,0,90,263.3,1220,-580,,,1220,920
50S|||Parma~1|37775|30637|679|12,823,15,1,0,,,280,-370,679,,-240,330,679
51ID|||Little Weiser~1|45296|35757|943|14,427,15,4,0
51WT|||Whiterik~a|80087|16376|578|17,1173,30,4,0
52S|||St Ignatius~1|73250|59190|916|08,796,18,1,1,,271
52U|||Weatherby US Forest Service~1|38249|46680|1370|03,671,18,4,0
52WA|||Honn~h|69314|20217|494|03,732,8,5,0
53MT|||Pass Creek~1|59865|88827|1594|4,677,12,4,0
53U|||Ferndale~9|80610|59986|933|15,1067,29,4,0
55H|||Atlanta~1|38104|48659|1676|16D/34A,750,23,4,0
55ID|||Spear Valley~1|83796|35152|677|17,751,23,4,0
57MT|||Flying K~a|62019|59170|1245|12,501,23,4,0,141,,215,-255,1233,,-135,154,1245;5,456,23,4,0,63,,-140,-400,1237,,50,200,1241
58MT|||Galt~b|65443|89300|1572|9,819,23,4,0,99,,42,-528,1572,,-69,528,1561
58S|||Whitefish~1|84080|57000|935|11,797,23,4,0,,,,,930,85,,,935
58WA|||Dye Seed~b|65055|25467|762|07,792,9,1,0
5U8|||Geraldine~1|75965|97338|967|07,884,23,1,1
5WA0|||Sourdough~1|85964|8996|805|12,808,18,4,0
5WA1|||Dorman~a|65214|8228|213|03,488,9,4,0
61ID|||Flying W~b|81893|30110|718|7,549,15,4,0
63ID|||Hoskins~a|36368|32342|770|7,427,9,5,0
63S|||Colville~5|85439|21160|574|01,820,12,1,1,,324,-270,-300,570,,320,400,575
63WA|||Boyle R & D~1|78332|27264|716|18,488,61,6,0
64OG|||Antone~b|44934|1563|1191|07,1545,20,1,0
66S|||Cavanaugh Bay~1|85182|31780|757|15,945,37,4,0,,,460,-100,,,-370,100
67S|||Priest Lake Usfs~1|85749|30360|796|14,1341,53,4,0
67WA|||Page~1|60168|16316|244|9,610,8,4,0
69S|||Avey Field State/Laurier~1|89983|17774|504|17,602,12,5,0,185,,280,60,,,-260,-40
6ID1|||Regan~b|76433|32995|829|07,671,12,1,0
6OR9|||Reds Wallowa Horse~b|53450|23729|1097|E/W,853,30,4,0
6WA3|||Green Acres~1|66085|7095|305|16,778,18,4,0,,,1180,1650,,,480,1550
6WA4|||Ochoa~a|68627|8571|350|N/S,1372,12,1,1,,242
6WA6|||Carr~1|62782|10416|191|04,914,18,5,0
70S|||Mead Flying Service~1|77872|26420|581|16,756,9,1,0,180,,340,0,,,-340,0
71OR|||Cerny~1|42445|8738|1452|11,457,8,4,0
72S|||Rosalia~5|72366|25786|661|02,856,14,1,1,39,,-300,-360,661,,300,340,658
73S|||Willard~a|72355|29560|768|04,689,12,1,1,59,,-160,-400,768,,160,400,768
73WA|||Seven Bays~1|78490|16666|482|18,792,18,4,0
73WT|||McGregor~1|67170|19025|549|02,823,12,5,0,,228.9
74WA|||Mattawa Air Strip|67332|2888|229|18,792,15,5,0
75C|||Orogrande~1|57302|44720|1343|01,853,15,4,0
75DC|||Oakesdale~1|71416|27640|817|17,549,12,5,0
77ID|||Ashley~1|35243|35930|827|8,488,12,4,0
78OR|||Crowley Ranch~6|33079|21060|1258|03,762,10,5,0
7OR0|||Minam Lodge~1|53582|23660|1094|N/S,610,12,4,0
7OR1|||Arnold~6|34193|14240|1262|E/W,457,9,6,0
7OR2|||Flying Squirrel~b|54929|26173|1101|17,475,13,4,0
7OR8|||Inshallah~3|40904|7100|1390|18,975,21,5,0
7S4|||Wisdom~1|55874|65423|1869|01,1050,18,4,0,,323,,,,,,,,158
7S8|||Ross~3|89986|80220|1083|07,884,24,4,0
7WA4|||Humbert~1|78575|22200|576|14,853,15,4,0
7WA7|||Mc Whorter~b|63137|3850|413|05,701,12,5,1,,296
81OR|||Wagontire~1|32499|1250|1440|04,610,24,4,0
82WN|||Magee Creek~e|83614|18592|593|15,579,12,4,0
83OR|||Tamarack Springs~b|55013|25280|1050|05,671,11,4,0
83WA|||Darcy's Air Strip|60276|18320|741|11,427,12,4,0
85U|||Soldier Bar US Forest Service~1|51045|52006|1277|07D/25A,503,5,6,0
88NV|||Black Rock City~1|7573|7871|1192|5L,1836,23,6,1,60,,-537,-1876,1191,,380,-1,1191;5R,1833,23,6,1,60,,-262,-621,1191,,575,1271,1191;04,1609,15,6,2;H1,15,15,6,0,,,969,5,1168;H2,15,15,6,0,,,938,-354,1168;H3,15,15,6,0,,,841,645,1169
8ID8|||Lewis and Clark~6|53541|61355|1381|18,640,23,4,0
8MT4|||Elk Meadows~b|65358|85011|1239|5,671,15,4,0
8S4|||Enterprise~5|54249|27350|1206|12,869,15,1,1,,296,,,,,,,,185
8U4|||Spotted Bear USFS~1|79620|64407|1119|14,1158,24,4,0
8U9|||Canyon Ferry~1|64188|84230|1170|16,975,23,9,0,,340,,,,,,,,182
8W3|||Mansfield~1|78092|3628|693|03,785,14,1,1,52,,-200,-380,693,,230,420,693
8WA5|||Tree Heart~b|71356|12212|433|01,1036,15,4,0
8WA6|||Christensen~a|69207|4100|351|07,762,7,1,1,,347
8WA7|||Gossard~a|71152|24260|601|N/S,610,24,4,0
91WA|||Christensen Bros Wahluke Strip|67082|1990|256|07,762,6,6,0
93MT|||Masonry~a|81010|59107|929|13,418,9,4,0
96ID|||Flying H~b|82351|31244|680|01,777,38,4,0
96OR|||Cable Creek~b|51006|11830|1237|12,1463,27,1,0,136,7,470,-600,,,-480,600
97MT|||Cabin Creek Landing~1|80740|53222|1219|02,1036,15,1,1,36,303,-290,-220,,,460,580
97OG|||Bybee~a|38979|30096|655|17,914,6,1,0
97OR|||Hi Country No 2~1|44352|13380|1170|14,762,15,5,0
97WA|||Basin City~9|65853|8463|220|04,671,15,1,0;H1/H1,15,15,1,0
98MT|||Rosemont~1|64428|59970|1272|18,762,12,4,0
99MT|||Fox~a|60975|58220|1143|18,488,15,4,0,,315,,,,,,,,122
99OR|||Lazy F~b|56507|23300|1131|11,575,24,4,0
9ID0|||Jenkins Creek~b|43003|30143|706|16,414,18,4,0
9ID6|||Mallard Creek~b|56133|46752|1585|14,762,23,0,0
9MT9|||Pierces~1|57904|88753|1356|13,762,15,4,0
9OR4|||King's~1|59337|15520|290|12,457,11,4,0
9U1|||Wilsall~1|60497|93150|1565|01,945,24,4,0
A05|||Dixie US Forest Service~1|55189|44846|1569|18,1372,30,4,0
B70|||Tiber Dam~1|83137|88919|921|12,777,27,4,0
C72|||Cross Winds~1|79781|24730|655|13L,1158,38,4,0,,239.1,,,,,,,,52;13R,629,15,4,0
D69|||Rogersburg~1|60744|30340|265|09,448,15,4,0
E85|||Denio Junction~1|19541|13690|1281|13,1045,27,6,0;02,1012,13,6,0;07,945,30,6,0
H28|||Whetstone~3|89982|72108|1322|07,1353,20,4,0,,239
I08|||Cabin Creek US Forest Service~1|51435|50710|1307|02,533,12,4,0
ID00|||Hubler~a|36957|33620|727|10,853,30,1,0
ID01|||CX Ranch Number 1~1|81380|38033|631|08,732,12,4,0
ID05|||Hackney~j|79568|33230|745|03,1067,46,4,0
ID07|||Nichols~b|76781|29750|741|18,549,12,4,0
ID12|||Russell W Anderson Strip|31844|75340|1356|03,823,24,4,1,,0.9
ID13|||Sky Island~b|73221|33600|878|07,427,61,4,0
ID16|||Sluder~6|34035|57270|1529|16,1219,9,5,0
ID17|||Seven Devils~1|50110|33110|1368|18,1189,18,4,0
ID19|||Bird Number Two~1|82363|36165|668|N/S,579,12,1,0
ID21|||Smith~b|77563|29760|722|16,549,15,4,0
ID22|||Treeport~1|79780|32070|762|E/W,914,15,4,0
ID23|||Rock Creek~h|73924|31270|762|N/S,792,24,5,0
ID24|||Timber Basin Airpark Inc~1|82235|35610|677|N/S,610,18,4,0
ID25|||Olmstead Sky~b|83508|34460|652|16,914,15,4,0
ID26|||P and R~a|32335|40603|953|16,792,7,1,0
ID28|||Mackay Bar~1|53798|44941|662|NE/SW,579,61,6,0
ID29|||Big Island~1|66974|40160|685|01,792,46,4,0
ID32|||Tuka STOLport|81055|38630|636|13W/31W,2438,30,12,0;16,823,18,4,0,,272,,,,122,,,,91
ID33|||Stocking Meadows~1|69360|41350|1173|09,914,30,4,0
ID35|||High Valley~1|42393|38554|1488|18,701,15,4,0
ID36|||King Mountain Glider Park|37629|66553|1676|16,1189,37,4,0,,,,,,244,,,,61
ID40|||Sunrise Skypark~1|34178|32940|683|12,881,12,1,1,137,,290,-400,,152,-290,300,,152
ID41|||Stibnite~1|48999|46670|1993|06,747,53,5,0
ID43|||Carlin Bay~1|75513|32360|824|NE/SW,838,14,4,0
ID44|||Hidden Lakes~1|42253|38205|1477|07,1311,61,4,0
ID48|||Western Spur~1|79288|32890|716|16,853,30,5,0
ID56|||Star S~b|39819|59560|2030|03,1524,15,4,0
ID59|||Flying A~b|48176|39320|1499|16,579,27,4,0
ID60|||Fountains~1|67132|30030|777|07,853,9,6,0
ID61|||Valenov~b|82962|29836|739|07,549,15,5,0,,314,,,,305
ID62|||Simpson~1|26083|82710|1706|16,1143,9,5,0
ID65|||Driftwood Air~b|75812|32280|846|07,579,17,4,0
ID68|||Green Acres~1|34846|35410|873|07,762,30,6,0
ID72|||Huskey~1|34174|87150|1585|17,762,30,4,0
ID74|||Sulphur Creek~b|45379|46327|1779|10,1006,12,4,0,90,,0,30,,,0,30
ID75|||Riverlake~1|81260|38350|633|14,715,23,4,0
ID76|||Wilson Bar US Forest Service~1|53970|45147|686|06,457,15,4,0
ID77|||Cuddy Meadows~1|47053|31930|1396|16,747,23,6,0
ID78|||CX Ranch Number 2~1|81416|38180|631|12,488,12,4,0
ID79|||Sky Ranch South~1|35083|33320|838|09,671,11,6,0
ID82|||Picabo~1|33082|59370|1472|08,914,30,4,0
ID84|||CPTPA Headquarters~1|66171|42000|1010|NW/SE,853,30,4,0
ID85|||Elk River~1|67874|38320|862|17,914,46,4,0
ID86|||Deadwood Dam~6|42978|43590|1673|NE/SW,549,15,6,0
ID87|||Rainbow~b|34069|80260|1448|07,732,37,4,0
ID88|||Tracy~b|32865|49193|1546|07,1006,34,6,0
ID92|||Foster Field - Dzone Skydiving~1|37288|34770|777|05,1280,18,1,0,66,355.4,-240,-700,,,230,700
ID93|||Reed~b|48943|42870|1266|N/S,640,61,6,0
ID94|||White Pine Flats Ranch LLC~1|67767|33086|872|06,488,12,4,0
ID95|||Summit Ridge Ranch~6|38592|37600|1274|13,518,15,4,0
ID96|||Bear Air~1|47852|39330|1495|16,792,76,4,0
K06U||KPT|Jackpot Airport/Hayden~a|19760|53420|1589|15,1884,18,1,1,164.3,359,790,-300,,,-820,300
K0S0|||Lind~1|69768|14130|459|05,974,15,1,1,64,,-190,-600,450,,200,600
K0S7|||Dorothy Scott~1|89590|5880|324|15,1224,15,1,1,166,,530,-200,324,,-540,200,322
K10U|||Owyhee~1|19536|38178|1638|02,2042,18,1,0,35.6,195.8,-800,-1280,,,700,220
K1S5|||Sunnyside~5|63271|300|234|07,1044,18,1,1,90,,0,-700,227,,-10,600,234
K1S9|||Chewelah~5|83141|22570|635|17,1050,15,1,1,190,240.1,460,100,,70,-470,-200,,31
K1U2|||Mud Lake/West Jefferson County/~1|38510|74986|1459|02,1006,12,1,1,53,355.6,-340,-460,1455,122,330,440,1459
K1U7|||Bear Lake~8|22472|86620|1807|10,1746,23,1,1,115,227,750,-1000,1806,,90,900,1807;16,1399,18,1,0,174,298,690,-900,1807,,-570,-700,1806
K26U|||McDermitt State~1|20095|22727|1365|16,1798,18,1,1,176,0.6,80,330,1365,,-1530,430,1348,87
K29S|||Gardiner~1|50499|92530|1611|10,975,17,1,1,113,295,180,-600,,,-180,600,,358
K2S4|||Warden~1|69654|9340|389|17,857,18,1,1,187,230.5,420,0,,171,-430,-100
K2S8|||Wilbur~1|77542|12570|665|02,1174,18,1,1,36,288,-340,-400,,,350,400
K32S|||Stevensville~1|65251|59470|1100|12,1161,23,1,1,133,,360,-500,1077,,-360,600,1100
K33S|||Pru~a|71232|16100|549|01,1046,12,1,1,28,,-440,-300,,118,440,400
K38S|||Deer Lodge City~8|63882|72340|1430|13,1768,23,1,1,136,,490,-700,1429,,-380,500,1415
K3U3|||Bowman~a|61531|71320|1534|16,1832,23,1,1,180,,1080,-300,1522,,-590,-300,1533;04,1242,18,1,1,56.3,,-700,-300,1533,,0,1200,1519
K3U7|||Benchmark~1|74810|71291|1656|12,1829,30,1,0,137,,620,-710,,,-570,990
K3U8|||Big Sandy~1|81632|98843|823|06,1088,18,1,1,78,,-210,-630,,,-10,770;13,640,30,4,0,150,,350,370,,,-380,970;18,436,17,4,0,186
K3W7||GCD|Grand Coulee Dam~1|79220|9170|484|03,1280,23,1,1,51,,-360,-700,484,,360,700,484
K42U|||Morgan~8|11488|82330|1530|03,1190,15,1,0,46.9,,-380,-500,,65,350,500,,65
K43D|||Odessa~5|73476|13230|529|02,952,18,1,1,29,,680,100,,,1430,700
K46U|||Alpine~j|31819|89613|1717|13,1776,21,1,0,143.5,,890,-1030,,,-350,270
K4S3|||Joseph State~1|53596|27460|1256|15,1586,18,1,1,167,,690,-200,1238,,-700,200,1256
K4U9|||Hyak Airbase|47357|72800|1831|14,2134,23,1,1,157,,900,-500,,,-880,500
K57S|||Troy~1|84802|40960|615|14,1088,9,1,0,158,,450,-200,,251,-460,300,,238
K5U1|||Dutton~1|78472|83020|1127|16,954,35,3,1,177.5,,420,-100,,,-440,0
K5U5|||Fairfield~1|76291|80200|1216|18,1158,12,1,1,196,,510,200,,,-490,-200;07,465,27,4,0,89,,160,-300,,,170,300
K5W1|||Wilson Creek~1|74185|8907|439|10,762,15,1,0,120,,840,-1170,,,430,-70
K65S|||Boundary~8|87258|37050|712|02,1219,23,1,1,38,,-430,-500,704,,430,500,711
K68S|||Davenport~5|76521|18262|738|05,947,15,1,1,73,,-20,-120,737,,220,1080,736;03,692,14,5,0,56,,40,180,738,,380,880,735
K6S5|||Ravalli~8|62515|58744|1110|17,1585,23,1,1,181,,580,60,1098,,-580,-40,1110
K74V||ROL|Roosevelt~5|2783|99490|1576|07,1981,23,1,1,83,,-110,-1200,1576,,110,1100,1556
K79S|||Fort Benton~1|78451|93640|874|05,1311,23,1,1,62,,-280,-800,874,,280,700,871;14,518,23,4,0,151.7,,-120,-300,873,,-530,0,874
K7S0|||Ronan~1|75672|58990|941|16,1462,23,1,1,180,,660,0,941,,-660,0,938
K7S1|||Ruby Valley~a|55337|76997|1456|17,1829,18,1,1,182,,1100,30,1460,,-540,-30,1451;07,874,30,4,0,83,262,-90,-1210,1434,,-10,-100,1452
K7S6|||White Sulphur Springs~1|65041|90870|1543|01,1859,23,1,1,22,,-770,-500,,,780,400;13,914,27,4,0,144,,610,-300,,,-100,500
K7S7|||Valier~1|82994|77508|1164|07,937,46,4,0,88,,40,-880,,,70,420;04,695,91,4,0,52,,-120,-180,,,270,520;10,652,40,4,0,121,,190,-480,,,-110,220
K80T|||Quincy~5|72116|1600|387|09,1116,15,1,1,106,,140,-700,387,,-140,700,384
K88M|||Eureka~1|89683|49205|813|18,1280,23,1,1,198,,600,1150,,,-490,650
K8S0|||Starr Browning~6|86014|68850|1419|06,1235,23,1,0,76,,-140,-800,,,130,800
K8S1|||Polson~1|76954|58150|896|18,1278,23,1,1,199,,550,200,895,,-540,-300,896
K8U2|||Schafer USFS~1|80796|67567|1480|07,975,18,4,0,82,,730,-1270,,,850,-70
K8U8|||Townsend~1|63312|85170|1187|16,1219,18,1,1,178,,550,0,1181,,-540,100,1187
K9S4|||Mineral~8|71683|51460|849|12,1052,23,1,0,134,,320,-500,,,-330,500
K9S5|||Three Forks~1|58781|84310|1246|02,1554,18,1,1,40,,-530,-700,1246,,540,600,1244
K9S9|||Lexington~1|54541|3100|498|08,1266,23,1,1,99,,90,-800,481,,-80,800,497
KAFO|1|AFO|Afton~5|27112|90580|1896|16,2141,23,1,1,180,,720,0,1886,,-1210,0,1896
KAOC|||Arco Butte~8|36035|66660|1625|6,1463,23,1,1,70,,-300,-1200,1625,,310,1100,1622
KBAM|1|BAM|Battle Mountain~1|5990|31260|1381|04,2225,46,1,1,49,,-520,-1100,1381,,800,900,1380;13,2225,30,1,1,139,,630,-800,1381,,-890,900,1381
KBMC|1|BMC|Brigham City~4|15524|79380|1289|17,2713,30,1,1,179.5,,1030,0,1289,,-1030,0,1289
KBTF|1|BTF|Skypark~1|8694|80730|1291|17,1412,21,1,1,180,,620,0,,119,-660,0,,119
KCII|||Choteau~1|78283|78320|1203|15,1524,23,1,1,160,,870,-600,1202,,-420,100,1201;05,1127,18,1,1,67,,-500,-500,1203,,-90,900,1201
KDEW|||Deer Park~1|79666|25730|674|16,1860,23,1,1,180,,1030,-400,674,,-640,-400,666;04,975,18,1,0,61,,-450,-200,667,,-20,900,665
KDIJ|||Driggs/Reed~i|37427|89032|1899|04,2225,30,1,1,48,,-690,-1120,1872,,640,980,1899
KDLN|1|DLN|Dillon~1|52554|74470|1597|17,1982,23,1,1,179,,1070,100,1571,,-710,100,1597;04,1097,18,1,1,50,,-660,-500,1590,,-20,500,1592
KDPG|1|DPG|Michael AAF (Dugway Proving Ground)~1|1974|70649|1326|12L,4001,61,1,2,135,,1470,-1890,1322,,-1070,1410,1325;12,3352,46,1,1,134.9,,230,-390,,,-1130,1310
KEKS|||Ennis Big Sky~1|52718|83510|1653|16,2316,30,1,1,176.6,,640,0,,,-650,100
KEMM|1|EMM|Kemmerer~5|18241|94430|2220|16,2500,23,1,1,173.7,,900,-200,2220,,-1330,100,2216;10,997,18,5,0,120.5,,650,-400,2220,,200,600,2218;04,814,18,2,1,53.9,,-110,-400,2220,30,350,400,2219
KEPH|1|EPH|Ephrata~5|73076|4840|389|16,2021,46,1,2,180,,880,500,386,,-930,500,382;03,1676,23,1,0,43,,-170,-600,384,,930,900,389;11,1171,18,2,1,128,,-300,-800,384,,-940,400,383;04,1057,46,1,0,42,,-90,-900,384,,610,100,385
KEUL|||Caldwell Executive~1|36419|33640|741|12,1676,30,1,1,135,,530,-700,739,,-540,800,741
KFBR|1|FBR|Fort Bridger~1|13919|95930|2144|04,1952,23,1,1,54.4,,-510,-900,2144,,510,1000,2134;07,1073,15,6,0,78,,280,-400,2138,,500,1000,2134
KGCD|1|JDA|Grant County Regional Airport / Ogilvie~a|44042|10370|1129|17,1592,18,1,0,182,,670,-100,1120,,-760,-100,1129;09,1250,18,1,0,110,,-20,-1800,1112,,-440,-100,1126
KGIC|1|IDH|Idaho~8|59426|38770|1010|07,1554,23,1,1,91,,0,-1000,1000,30,-10,1000,1009
KGNG|1|GNG|Gooding~5|29172|52350|1138|07,1637,23,1,1,84,,-70,-900,1116,,60,900,1136
KHCR|||Heber Valley~1|4818|85710|1718|04,2103,23,1,1,50,,-610,-900,1702,,610,1000,1718
KHRI|1|HES|Hermiston~5|58282|7410|196|05,1372,23,1,1,62,,-280,-800,195,,290,800,194
KJER|||Jerome~8|27267|55430|1235|09,1525,23,1,1,100,,120,-900,1207,,-120,1000,1235
KLGD|1|LGD|La Grande/Union~8|52902|19930|828|12,1908,30,1,1,135,,530,-500,828,,-550,1000,825;17,1036,23,1,1,180,,550,-400,827,148,-520,-400,826
KLLJ|1|CHL|Challis~1|45230|57820|1546|17,1402,18,1,1,182,,620,100,1524,,-630,0,1546
KLTY|||Liberty~8|85107|90090|963|07,1404,23,1,1,85,,960,-300,,,1070,1600;16,521,18,4,0,180,,990,400,,,520,400
KLWL|1|LWL|Wells Municipal Airport/Harriet~a|11171|50780|1759|09,1679,23,1,1,101,,20,-1000,1740,,-260,900,1758;01,817,43,5,0,27,,-70,-200,1748,,590,300,1741
KM50|||Boardman~1|58148|1790|121|04,1280,30,1,1,62,,-270,-700,121,,270,800,112
KM94|||Desert Aire~4|66874|790|179|10,1117,11,1,1,116,,200,-500,,,-230,800
KMLD|1|MLD|Malad City~1|21666|77030|1373|17,1508,18,1,1,180,,670,0,1373,46,-690,0,1363,64;08,1194,23,4,0,,,,,1369,,,,1369
KOMK|1|OMK|Omak~1|84644|4820|398|17,1423,46,1,1,189,,630,100,398,,-630,-200,396
KR49|||Ferry~8|87182|13435|769|17,1066,18,1,1,187,,480,50,,,-480,-50
KREO|1|REO|Rome State~1|25777|21150|1235|03,1829,46,5,0,46,,-580,-800,,,560,700
KRLD|1|RLD|Richland~1|63056|6960|120|01,1222,23,1,1,26,,-560,-400,119,,430,200,119;08,1220,30,1,1,95,,130,-700,120,,20,900,118
KRXE|1|RXE|Rexburg Madison~8|38339|81950|1481|17,1281,23,1,1,186,,570,100,1481,91,-570,-100,1479
KS01|||Conrad~1|81686|80240|1081|06,1403,23,1,1,70,,-230,-1000,1081,,190,800,1074;15,853,30,4,0,165,,290,-100,,,-450,200
KS10|||Lake Chelan~1|78660|570|385|02,1069,18,1,1,44,,-340,-500,382,136,350,500,385
KS23|||Ione~5|87081|25870|643|15,1110,14,1,1,167,,540,-200,643,,-550,200,641
KS27|||Kalispell City~1|81786|56960|894|13,1097,18,1,1,142,,390,-400,,,-390,500
KS34|||Plains~1|74735|50929|752|13,1417,23,1,1;07,533,30,4,2,90,,-430,410,,,-430,1110
KS40|||Prosser~1|62134|2090|212|07,1052,18,1,1,90,,0,-700,212,,-10,600,207
KS59|||Libby~1|82838|45100|793|15,1525,23,1,1,165,,670,-300,787,,-660,200,793
KS64|||Stanford Airport/Biggerstaff~a|71472|97700|1319|11,1280,23,1,1,127,,410,-700,,,-250,500;07,689,30,1,0,88,,-270,-300,,,-250,500
KS67|||Nampa~5|35813|34770|773|11,1524,23,1,1,126,,400,-800,773,,-400,800,771
KS69|||Lincoln~1|69544|73500|1403|04,1292,23,1,0,56,,-310,-700,1394,,310,600,1402
KS70|||Othello~5|67949|9210|347|07,1219,23,1,1,91.3,,10,-900,346,,-20,800,351
KS72|||Jack A Buell~1|73257|34235|648|10,1022,18,1,1,108,,400,-1150,648,218,40,550,648
KS73|||Kamiah~5|62193|39870|364|14,914,27,4,1,156,,380,-300,361,,-370,200,364
KS75|||Payette~5|40916|30990|679|13,1077,14,1,1,148,,340,-300,670,,-350,300,679
KS78|||Emmett~5|38499|34570|716|10,1008,17,1,1,116,,200,-500,715,117,-180,600,716
KS83|||Shoshone~8|75473|38113|678|07,1620,23,1,1,87,,-10,-1130,671,,80,1170,676
KS84|||Cottonwood~5|60388|36680|1059|07,945,15,1,1,90,,10,-600,1059,,10,600,1038
KS87|||Weiser~5|42068|30380|646|12,1219,18,1,1,134,,380,-600,641,,-370,500,644
KS94|||Port of Whitman Business Air Center~1|68587|25860|665|07,978,18,1,1,90.5,,0,-600,,150,0,600,,97
KS95|||Martin~a|60469|15830|227|05,1164,18,1,1,65,,-220,-700,229,,220,700,226
KS97|||Anderson~a|81049|2790|279|07,1219,18,1,1,87,,-20,-800,,,40,800
KSBX|1|SBX|Shelby~1|85407|81290|1049|05,1526,23,1,1,65,,-230,-1000,1041,,340,800,1049;11,1128,18,1,1,129,,240,-500,1042,,-400,700,1045
KSPK|||Spanish Fork Municipal Airport/Woodhouse~a|1450|83323|1380|12,1981,30,1,1,133.3,,200,-130,,,-870,1370
KSZT|1||Sandpoint~1|82995|34400|650|02,1677,23,1,1,32,,-630,-600,649,,640,600,649
KTHM|1|THM|Thompson Falls~1|75735|47190|752|08,1280,23,1,1,90,,130,-1200,751,,160,500,752
KTVY|||Bolinder Field Tooele Valley~1|6123|76490|1317|17,1860,30,1,1,179.1,,860,0,1301,,-810,0,1316
KU00|||Leadore~1|46738|66470|1834|11,1067,43,3,0,130,,230,-400,1830,,-380,600,1831;16,885,27,4,0,174,,290,-100,1828,,-490,0,1834
KU01|||American Falls~1|27973|71750|1347|03,1494,15,1,1,52,,-420,-700,1345,,420,700,1345
KU02|||Mccarley~a|32092|76504|1368|01,1315,23,1,1,24,,-540,-340,1366,,550,360,1368
KU03|||Buhl~5|25916|52030|1116|09,1188,18,1,1,110,,170,-700,1098,,-190,700,1116
KU05|||Riddick~a|63194|66950|1589|16,1097,18,1,1,179,,500,0,,,-500,0
KU06|||Cokeville~5|20458|90340|1911|15,1036,18,1,1,163.3,,440,-200,1908,427,-450,200
KU10|||Preston~1|21069|80870|1441|4,1054,15,1,1,48,,-270,-400,1441,,360,600,1438,101;16,743,9,5,0,179,,270,0,1440,,-400,0,1440
KU12|||Stanford~a|39505|83166|1514|04,1372,15,1,1,59,,-800,-760,1508,91,-160,640,1514,165
KU36|||Aberdeen~5|29210|71190|1362|06,1113,15,1,1,81,,-70,-700,1362,,90,700,1356
KU56|||Rigby~1|36426|80708|1477|01,1136,15,1,1,26,,-260,-180,1474,,600,320,1477
KU58|||Downey/Hyde~i|24239|78904|1495|17,1082,15,1,1,185,,720,60,1489,,-250,-40,1495
KU62|||Mackay~1|39041|63990|1796|12,1338,18,1,0,136,,510,-700,,,-350,500,1791
KU63|||Bruce Meadows~1|44155|46830|1942|05,1524,34,6,0,66,,-270,-900,1931,,280,900,1942
KU69|||Duchesne~5|1919|96190|1776|17,1768,18,1,1,180,,670,0,,,-910,0;08,942,23,4,0,90,,-20,-500,,,-20,1100
KU70||ICS|Cascade~1|44938|39840|1445|12,1311,18,1,1,136,,430,-600,1445,,-410,500,1444
KU76|||Mountain Home~5|31313|42700|965|10,1524,23,1,1,116,,300,-800,964,,-310,900,962
KU78|||Allen H Tigert~1|26416|84200|1780|16,1067,15,1,1,171,,310,-100,1774,91,-630,100,1780;13,762,15,1,2,148,,170,-100,1772,,-410,400,1778
KU79|||Chamberlain USFS~1|53733|48018|1757|07,1250,61,4,0,93,,610,-680,1753,,560,920,1742;15,823,43,4,0,161,,1280,-180,1757,,560,120,1750
KU81|||Cold Meadows US Forest Service~1|52948|50544|2143|16,1387,27,4,0,180,,300,-340,2143,,-950,-340,2115
KU82|||Council~5|47503|35549|903|17,1097,15,1,1,188,,440,-90,903,,-530,-290,893
KU89|||Glenns Ferry~5|29438|46698|773|08,930,18,1,1,96,,230,-580,771,,150,620,773
KW01|||Tonasket~5|87249|5344|400|15,931,15,1,1,162,,400,-240,,,-400,160
M26||DRU|Drummond~1|66216|67982|1294|07,732,38,4,0
MT01|||Owen Bros~1|76180|99080|947|E/W,732,23,4,0
MT02|||Hellinger~1|85383|85030|980|E/W,792,23,4,0;NW/SE,792,23,4,0;NE/SW,732,23,4,0
MT03|||Lakeside~1|79934|57757|1049|01,1029,18,1,0
MT06|||Duncan~1|65705|78247|1298|07,447,15,4,0
MT15|||Fort Harrison Army~9|66247|78891|1234|05,666,30,4,0,67.2,,-160,-810,,,140,290;10,561,30,4,0,118.6,,310,-410,,,60,190
MT19|||Hoversland~1|75910|59480|1015|16,701,23,4,0
MT30|||Trapper Creek Strip|59399|58631|1231|16,448,18,4,0
MT32|||Ckye~a|65388|59600|1097|NW/SE,610,15,4,0
MT33|||Bair~1|74094|85130|1018|04,610,12,4,0
MT37|||Sanders~1|81244|57593|887|16,792,15,4,0
MT39|||Black Canyon~b|71027|66882|1298|07,975,15,4,0
MT40|||Horner~a|75937|87300|1045|5,1466,27,4,0
MT41|||Jefco Skypark~1|58783|78830|1375|09,1158,18,4,0
MT43|||Klies Air Strip|63463|76560|1920|11,640,9,4,0
MT47|||Metzel Creek~1|46869|81060|2039|N/S,1372,15,4,0
MT48|||Flying Y~b|54263|93435|1480|03,1711,15,4,0
MT52|||Nine Mile~1|70777|55870|1025|16,805,30,4,0
MT53|||Carson~a|80947|51480|1082|12,1113,7,4,0
MT54|||Weaver~1|82439|57560|893|16,792,23,4,0
MT60|||Langton~6|88144|56460|1189|13,732,23,4,0
MT69|||Littlebear~1|77277|45354|786|14,807,15,6,0,,,,,,107,,,,107
MT71|||Edsall~a|57241|89570|1420|12,549,24,4,0
MT72|||Hedditch~1|63460|58240|1116|07,914,24,4,0
MT76|||Smith Farms~1|73997|85300|1018|18,457,23,4,0
MT77|||Peterson~b|76087|90935|1018|17,622,15,4,0;05,610,15,4,0;07,244,15,4,0
MT83|||Ten Mile~1|65712|78199|1309|08,457,30,4,0
MT86|||Bar E~1|71644|78868|1181|04,1516,15,1,0
MT88|||Campbell~b|80044|50010|1024|10,579,15,4,0
MT95|||Sky~b|81169|58139|885|16,1524,37,4,0
MT97|||Frampton~1|79775|42336|732|09,549,30,4,0
NV04|||Marys River~b|13177|47504|1707|02,756,24,6,0;06,341,18,6,0;14,268,18,6,0
NV05|||Soldier Meadow Number 2~1|11235|8610|1265|18,1219,12,6,0;09,762,12,6,0
NV06|||Soldier Meadow Number 1~1|13827|8310|1370|18,1219,12,6,0
NV08|||Petan~b|17380|37840|1712|E/W,2286,23,5,0
NV12|||I-L~b|15626|35905|1636|03,1585,61,6,0
NV14|||Juniper~1|13555|57700|1646|07,640,12,5,0
NV22|||Red Rock~b|3127|41030|1877|04,549,12,5,0
NV39|||Nevada Airways~1|1211|15935|1190|18,1068,15,6,0
NV64|||Swanson Ranch 3~1|83|26080|1506|16,762,15,5,0
NV67|||Pilot Creek Ranches~1|11158|58860|1518|07,610,8,6,0
OG07|||Cove Side Ranch Port~1|53336|21800|844|14,579,15,4,0
OG14|||Silvies Valley~b|40224|10688|1397|15,1524,15,1,0,167,,870,8020,,,-460,8520
OG27|||Muddy Creek~1|49401|19880|1067|03,686,15,4,0
OG33|||Oregon Sky~b|58790|15950|414|15,663,12,4,0
OG39|||Longview~b|46611|3474|634|15,1626,23,1,0;15W/33W,975,37,12,0
OG42|||Quail~a|56549|14100|491|16,407,9,4,0
OG45|||Bald Mountain~1|46169|21280|1414|17,823,18,4,0
OG50|||Cottonwood Creek~b|38474|24257|779|16,625,18,6,0
OG53|||Wildhorse Valley~1|24877|13915|1288|16,914,15,6,0
OL02|||West Buttercreek~1|56653|6140|280|01,780,9,1,0
OR07|||Weddle~a|47624|8981|1165|13,1341,18,1,0,148,,510,-410,,,-520,490
OR08|||Barton Lake~b|31285|13230|1268|07,671,23,5,0
OR09|||Whitehorse~b|23356|17420|1355|12,990,29,6,0;03,922,29,6,0
OR10|||Roaring Springs~b|26463|10073|1395|18,1829,23,1,0,197,,980,370,,,-320,-130
OR11|||Jensens Strip|49116|20418|1021|N/S,457,15,4,0
OR12|||Oxbow~1|50043|31510|550|17,884,15,1,0
OR13|||Wiley Creek~1|45025|6289|1259|02,503,9,6,0
OR14|||Juntura~1|37372|19295|925|03,457,9,5,0
OR17|||Oxbow~b|44107|13088|1211|15,945,9,1,0,166,,510,-180,,,-290,120,1164
OR64|||Beach~b|59638|27650|1219|NE/SW,853,15,4,0
OR70|||Pine Valley~1|48596|29120|785|08,610,9,5,0
R03|||Alkali Lake State~1|30874|240|1314|18,1859,46,5,0
RC0|||Rock Creek~1|67271|63420|1081|07,1250,23,4,0
S04|||Condon USFS~1|75388|62800|1123|13,785,41,4,0
S09|||Hot Springs~1|76141|53873|842|06,1082,14,1,0
S35|||Okanogan Legion~1|83619|4320|318|04,772,11,1,0,,,-180,-400,318,,180,500,315
S49|||Miller Memorial~j|39638|27410|685|18,1180,20,5,0;10,640,12,5,0
S66|||Homedale~5|36149|30780|674|13,884,15,1,0,,,310,-200,,,-370,300
S68|||Orofino~5|64913|37230|306|09,762,15,1,0
S77|||Magee~1|78415|37478|915|18,747,46,4,0
S81|||Indian Creek US Forest Service~1|47613|48930|1433|04,1417,12,6,0,,,-380,-800,,,350,700
S82|||Kooskia~5|61327|40210|385|14,579,30,4,0
S89|||Craigmont~5|62471|35200|1160|07,853,15,1,0,,,40,-500,,,80,600
S90|||Elk City~1|58207|45607|1249|14/35,792,46,4,0
S92|||Fish Lake US Forest Service~1|63300|49370|1721|04,808,15,4,0
U37|||Midway~1|34559|71949|1529|02,1158,53,5,0,,,-650,-590,,,190,210
U41||DBS|Dubois~5|41621|77794|1561|16,1402,30,4,0,,,650,-140,,,-600,160
U45|||Graham US Forest Service~1|39552|47270|1745|18,884,15,4,0
U46|||Big Southern Butte~1|34325|69444|1546|01,792,34,6,0,,,-300,-240,,,320,260
U48|||Coxs Well~1|32177|67724|1534|7,823,30,4,0,83,,-35,-566,1533,,46,507,1539
U51|||Bancroft~5|27208|81330|1657|07,1000,9,5,0
U53|||Henry's Lake~1|46344|86547|2010|06,1402,52,4,0,,,-110,-570,,,180,1130
U54|||Bernard US Forest Service~1|49796|52650|1105|17,579,46,4,0
U60|||Big Creek~1|51332|46780|1750|01,1082,34,4,0
U61|||Twin Bridges~1|39435|58896|2101|03,1356,30,4,0,,,-560,-260,,,600,240
U65|||Carey~1|33082|60660|1458|07,808,52,4,0,,,60,-700,,,60,300
U72|||Upper Loon Creek US Forest Service~1|45912|51752|1676|04,762,23,4,0
U74|||Crescent Valley~1|4159|34370|1459|05,1653,18,6,0,70,,40,-700,1459,,550,1100,1447;14,1417,23,6,0,152,,230,-700,1459,,-900,100,1451
U84|||Donald D. Coski~i|47255|39088|1481|18,762,38,4,0
U86|||Camas~8|33418|52018|1542|07,899,12,6,0,,,10,-580,,,10,520
U87|||Smiley Creek~1|39122|52038|2182|14,1494,46,4,0,155,,570,-380,2182,,-540,320,2182
U88|||Garden Valley~1|40669|40691|968|10,1173,38,4,0,,,240,-710,,,-220,590
U91|||Grasmere~1|23733|41205|1565|05,838,46,6,0,,,-130,-450,,,130,450
U92|||Antelope Valley~1|36771|63970|1884|05,1052,40,4,0,,,-90,-600,,,90,700
U93|||Magic Reservoir~1|32824|56050|1476|03,1219,30,4,0,,,-630,-800,,,20,400;09,533,30,4,0,,,230,-300,,,20,300
U94|||Hazelton~5|25763|58644|1272|06,964,15,5,0,,,-110,-540,,,90,460
U97|||Howe~1|38514|69421|1503|13,1158,8,5,0
U98|||Idaho City US Forest Service~1|38237|41554|1195|03,1036,15,4,0
U99|||Laidlaw Corrals~1|30370|62663|1349|07,686,40,4,0,,,10,-430,,,0,470
US-0009|||Ski Valley~j|49294|38257|1558|18,772,15,4,0
US-0403|||Hooks Strip~1|35922|12269|1260|11,610,9,4,0
US-0967|||W E~b|24482|82225|1547|17,411,15,5,0,,,182,-40,1547,,-185,32,1545
US-0986|||Dead Cow Lakebed~6|1478|927|1477|SW/NE,914,,0,0,225
US-1000|||Jefferson River~1|56090|76720|1396|16,610,30,4,0,,,268,68,1394,,-272,-69,1396
US-1062|||Squaw Rock~6|63450|63795|1512|5,651,20,4,0,,,-182,-330,1489,,186,325,1512
US-1100|||Dug Bar~1|58058|33113|312|15,490,8,4,0,167,,,,312,,,,312
US-1115|||Poplar Point~1|29256|42428|770|12,411,18,4,0
US-1116|||Cougar~b|47414|50815|1303|3,442,8,4,0,33,,-168,-150,1301,,166,155,1303
US-12383|||Bar U View~1|68400|18235|496|5,671,9,5,0
US-12392|||Columbia Crest Winery~1|59554|3776|207|07,1097,9,1,0,88,,70,-460,,,100,940
US-12721|||Big Flat~1|52785|60987|1160|1,601,12,4,0
US-1274|||Ottertail Lake~1|58189|83041|1266|8,564,9,4,0,,,-41,-356,1266,,46,359,1266
US-12780|||Talus~b|73729|11681|515|7,488,30,4,0
US-13041|||Evaro Hills Estates~j|70536|59253|1405|01,462,46,4,0
US-4027|||45~b|21724|31249|1311|17,823,18,4,0,189,,,,1311,,,,1311
US-4048|||Lazy H~b|38167|48852|1633|4,1087,15,4,0
US-4050|||Hoodoo Meadows~1|50554|54404|2518|3,671,46,5,0
US-4058|||Wind Ridge~1|58763|38211|1234|16,411,9,4,0
US-4060|||Root~b|53131|49746|1707|18,640,15,4,0,194,,,,1707,,,,1707
US-4418|||Shepard Strip|81492|30020|705|18,596,34,4,0
US-4940|||Sandy Rock~1|86153|96751|881|17,1064,27,4,0,180,,540,-310,881,,-420,-10,876;8,777,27,4,0,90,,540,-1010,874,,530,-10,881
US-5184|||Slickpoo MX Park~1|63235|32866|527|15,624,15,4,0,163,,272,-123,511,,-265,113,527
US-5186|||K2~1|57527|6166|228|2/22,840,12,5,0,29,,-327,-260,228,,336,259,222
US-5295|||Glastar~1|4409|76328|1549|17,430,12,5,0
US-5318|||Fremont Island Lower~6|11757|76192|1290|9,562,8,5,0
US-5478|||Hell Roaring~b|40182|51604|2073|14,774,30,0,0,160,,319,-154,2070,,-337,171,2073
US-5712|||Kenyon~6|24363|61436|1307|02/22,1158,7,1,0
US-5834|||Black Bear~b|40704|42068|1034|4,901,15,6,0
US-5907|||Elk Ridge~1|47236|39780|1501|9,689,11,4,0,90,,-1,-434,1494,,-1,436,1501
US-6672|||Redtail Ranch~6|50647|23384|1036|16,457,46,4,0
US-6836|||Greenleaf Air~b|36818|31734|729|14,729,15,1,0
US-6888|||Bighorn~j|62963|30458|692|9,773,23,4,0,91,,10,-502,685,,-4,501,692
US-7153|||Danford~a|81507|58332|878|11,474,18,4,0
US-7239|||Morris Ag Air~1|15518|21660|69|14,1021,8,1,0
US-7247|||Iveson~b|9462|6266|1296|10,1061,15,6,0
US-7375|||Stonebrink~1|55208|26216|1167|9,405,12,4,0
US-7377|||Bens~b|43314|39693|1472|8,734,38,4,0
US-7475|||Black Bull Spring~b|30968|18499|1254|14,427,12,4,0
US-7490|||Parcel Six~b|66249|60641|1356|7,819,30,4,0
US-7491|||Temperance Creek USFS~1|55342|34648|405|18,714,18,4,0
US-7495|||Sundance~b|37270|89664|1501|10,449,14,4,0
US-7519|||Reek~b|38853|33510|698|14,410,24,4,0
US-7592|||New~h|11116|24778|1358|2,1290,6,6,1
US-7593|||16 Mile Road~1|12088|23861|1320|9,1045,11,6,1
US-7851|||Wetcreek~1|40347|65407|2291|16,1015,23,4,0,203,,,,2253,,,,2291
US-8163|||4Z~b|34647|56194|1692|4,457,9,4,0
US-8313|||Stillwater~1|83075|56192|913|8,589,15,4,0
US-8428|||Dog Leg~1|65845|82215|1214|16,600,9,4,0
US-8981|||Wolf Creek~1|72379|98236|1214|8,610,18,4,0
UT10|||Cedar Valley~1|3572|79820|1524|17,1554,30,5,0
UT41|||Glenmar~b|3394|80010|1533|15,792,18,6,0
UT83|||Thunder Ridge~j|2638|91348|2149|13,1219,15,1,0
UT99|||West Desert~j|2433|79080|1490|17,1585,18,5,0
W09|||Lower Monumental State~1|65504|14640|248|01,1006,15,5,0
W20|||Moses Lake~5|71420|7620|367|16,766,15,1,0,,,350,0,367,,-340,0,367
WA00|||Mercer~b|58985|844|238|05,671,12,5,0
WA08|||Zwainz Farms~1|77207|20910|852|05,792,14,4,0
WA14|||Connell City~1|66612|11691|282|07,947,15,1,1,90,,130,-810,,,130,390
WA15|||Coulee City~1|76135|7510|549|07,792,5,5,0
WA21|||Elk Heights~1|79999|27364|625|17,610,15,4,0
WA23|||Pine Bluff~1|80210|22610|616|06,1067,15,4,0,,,-103,-647,,,113,713
WA24|||Pfister's~1|63969|9790|191|01,1036,15,3,0,26.9,,-410,-300,,,420,300
WA30|||LaCrosse~5|67919|20793|454|04,1125,15,4,0;12,732,9,1,0
WA49|||Flying R~b|75028|23520|747|18,762,46,4,0
WA52|||Deer Flat~1|79564|23993|671|10,549,23,4,0
WA62|||Paradise Air~b|74709|25805|717|N/S,823,18,4,0
WA72|||Zema Private~1|86447|20620|565|07,792,23,4,0
WA74|||Quincy Flying Service~1|72267|911|389|NW/SE,838,18,5,0
WN26|||Schoepflin~1|68834|29200|795|04,671,12,1,0;11,488,8,1,0
WN31|||Slinkard~9|66031|9374|271|04,579,7,5,0
WN33|||Columbia Ag 2~1|63804|10120|218|16,549,15,5,0
WN41|||Redfern~e|73044|20380|625|07,762,15,1,0
WN54|||Ellerport~1|77363|29291|654|01,1158,18,4,1,28,,-600,-410,,,320,290
WN72|||Kinch Farms~1|68649|16750|503|03,518,9,4,0
WN92|||Sky Meadows~j|76086|28195|716|16,945,30,4,0
WT03|||River View~j|78997|1038|369|18,576,12,1,0,199,,,,369,,,,368
WT04|||Silverbird~1|75170|24653|737|3,762,7,4,0
WT05|||Quartzite Air~b|82580|22938|502|15,581,9,4,1
WT18|||Meise~a|71846|7769|381|14,1108,8,1,0
WT32|||Hart~1|76389|8368|553|6,935,6,1,0
WT88|||Hill~1|68397|29387|823|02,512,6,5,0
WY30|||Kinky Creek Divide~1|33755|98900|2683|NW/SE,1052,18,4,0
WY31|||Melody~b|34096|92270|1852|NW/SE,549,23,4,0
WY32|||Circle B~1|20942|91285|1989|9,762,11,5,0
WY33|||Antelope Run~b|28169|97220|2277|07,2286,23,1,1,83,,-120,-1400,2277,,130,1400
WY39|||Star Valley~b|29694|90340|1893|15,1646,18,5,0
WY60|||Heiner~1|28621|91010|1963|04,1067,12,4,0
WY64|||Lone Pine Flying~b|29574|90170|1829|N/S,805,61,6,0
#US|W
6MT4|||Brown Cabin~7|80381|49087|1018|11W/29W,3658,152,12,0,123,,297,-177,1018,,-1480,3950,1018
78U|||Snake River~7|63646|29380|224|N/S,914,46,12,0
D28|||Tanglefoot~7|85389|31680|743|15,3048,610,12,0
ID54|||Bottle Bay~7|84791|35550|629|13,4572,152,12,0
K1WA|||Scott~7|89722|5606|279|15W/33W,3048,152,12,0
L49|||Lark's Landing|40930|30476|658|7W/25W,1707,61,12,0
M35|||Lindey's Landing West~7|71744|65200|1217|12,4267,305,12,0
S76|||Brooks~7|76721|32140|648|11,4572,610,12,0;15,4572,610,12,0
US-1087|||Yellowstone~7|48300|87125|1992|13W/31W,3660,914,12,0
WT33|||Skid Row~7|64224|29190|229|06W/24W,3048,610,12,1;H1,37,24,2,0
