#AL|M
LAKU|1|KFZ|Kukës~3|20358|4160|341|01,2198,30,1,1,12,,-869,-285,352,,800,233,352
#BG|H
LBLN|1||Lozen~2|26185|35006|586
LBMD|1||Dinevi Marina Helipad|27064|77664|1
LBML|1||Malenovo~2|25600|67765|147
LBSV|1||Sveta Marina Hospital Helistrip|32270|79394
LBWC|1||Chayka Naval~d|31881|78483|2
#BG|L
LBBG|1|BOJ|Burgas~1|25699|75152|41|04,3200,45,2,1,44,,-1010,-1360,27,,1050,1370,37
LBPD|1|PDV|Plovdiv~3|20678|48508|182|12,2500,45,2,1,127,,680,-1200,172,,-680,1210,182
LBSF|1|SOF|Sofia~1|26964|34177|531|09,3600,45,1,1,95,,110,-1820,530,,-124,2196,532
LBWN|1|VAR|Varna~1|32321|78251|70|09,2517,45,2,1,97,,130,-1530,62,,-150,1550,66
#BG|M
BG-JAM||JAM|Bezmer~d|24549|63522|155|12,2497,79,2,0,119,,550,-1330,,,-540,1330
LBGO|1|GOZ|Gorna Oryahovitsa~1|31514|57129|87|09,2450,45,2,1,98,,160,-1490,86,200,-150,1500,83,200
LBPG|1||Graf Ignatievo~d|22904|47140|58|08,2992,82,1,0,80.4,,-230,-1790,,251,210,1790,,219
LBPL|1||Dolna Mitropoliya~d|34518|45024|101|10L,2186,70,6,0,102.5,,100,-1280,,,-320,1340;10R,2186,58,1,0,102.6,,180,-1270,,,-250,1360
LBWB|1||Balchik~9|34238|81813|201|16,2467,60,2,0,158.5,,1030,-560,,,-1040,560
#BG|S
BG-0013|LBDM||Dve Mogili~9|36065|58907|255
BG-0025|LBBB||Belchinski Bani~6|23747|33925
BG-0028|LBBL||Blagoevo~9|34555|64317|361
BG-0029|LBSE||Staro Selishte~9|36502|67541|306
BG-0031|LBDR||Draganovtsi~9|29430|51695
BG-0032|LBBR||Breznik~9|26933|28966|213
BG-0033|LBSA||Slivnitsa~9|28441|30142|618
BG-0170|LBSP||Sapareva Banya~1|23113|32461|676|07,2554,21,1,0,71.7,,-320,-1390,,,400,1550
LB11|LBTS||Tsalapitsa~9|21887|45357|192|11,443,24,2,0,114.6,,-20,-320,,,-180,170
LB13|LBSW||Sofia West~9|24442|29835|639|11,2495,49,1,0,113.2,,450,-1390,,,-440,1390
LB18|||Tenevo~6|23464|65739|119|16,2499,24,1,0,160,,1170,-460,,,-950,570
LB29|||Maslarevo~6|34054|54740|106|05,441,25,1,0,53.2,,-120,-220,,,120,210
LB30|||Stryama~9|22817|48670|171|11,515,24,6,0,110.9,,440,-140,,,280,440
LB31|||Levski~9|33694|51491|46|12,668,91,6,0,119.7,,150,-360,,,-150,360
LB33|||Leskovo~9|37242|76908|213|11,488,26,6,0,106.9,,300,-770,,,170,-190
LB35|||Golyama Smolnitsa~6|36273|76952|247|17,442,24,6,0,179.7,,260,-110,,,-140,-110
LB36|||Sokolovo~6|34756|81035|232|12,427,23,1,0,127.3,,110,-290,,,-120,130
LB42|||Kamenets~d|33273|50034|128|09,2499,80,2,0,94,,80,-1530,,,-80,1540
LBAM|1||Alfa-Metal~9|29487|53589|618|11,163,,9,0
LBBA|1||Bahovitsa~9|32061|46556|390
LBBO|1||Bohot~9|33069|46917|354
LBBQ|1||Byala~9|34635|57116|64
LBBZ|1||Bazan~6|37284|61197|176
LBDA|1||Daskal-Atanasovo~9|23213|58937|129
LBDB|1||Dolna Banya~9|23091|38202|542
LBGI|1||Gorski Izvor~6|20358|54083|50
LBGR|1||Grivitsa~9|34149|47337|280
LBHT|1||Ihtiman~9|24219|37672|644|13,600,24,2,0,130,,,,644,,,,644
LBKJ|1||Kaynardzha~9|39700|74698|175
LBLS|1||Lesnovo~9|26325|36501|556
LBMO|1||Montana~9|33826|32632|237
LBPR|1||Primorsko~9|22596|77038|4
LBRD|1||Erden~9|34992|33047|188
LBRS|1|ROU|Ruse~1|36948|60567|187|05,2502,50,2,0,55.3,,-640,-1270,,,640,1280;05L,1763,76,6,0,55.3,,-210,-570,,,700,1230
LBSB|1||Slanchev Bryag (Sunny Beach)~6|27266|76245|47|12,725,27,4,0
LBSL|||Sliven Barshen~9|26453|63588|200|09,2486,45,1,0,90.3,,100,-1460,,,90,1570
LBSZ|1||Stara Zagora~1|23767|56550|170|17,2499,45,1,0,170,,1100,-240,,,-1110,280
LBVD|||Vidin Smurdan~9|40224|28161|61|09,2099,30,2,0,90,,0,-1310,,294,0,1310,,120
LBVR|1||Vratsa~9|32559|35327|285
#GR|L
LGKV|1|KVA|Kavala Alexander the Great~3|9133|46192|5|05,3000,45,1,1,55,,-700,-1420,3,,840,1510,5
LGTS|1|SKG|Thessaloniki Macedonia~3|5193|29700|7|10,3440,50,1,1,104,,270,-1090,3,,-260,1700,6;16,2410,60,1,1,166.3,,1100,-240,4,,-1010,440,7
#GR|M
LGAL|1|AXD|Alexandroupoli Democritus~1|8559|59563|7|07,2582,45,1,1,73,,-340,-1460,3,,330,1450,7
LGKZ|1|KZI|Kozani National Airport Filippos|2861|18408|628|14,1822,30,1,1,143,,560,-710,625,181,-750,580,600
#GR|S
GR-0001|||Panagitsa Ariport|8408|18236|631|08,750,20,9,0
LGAX|||Alexandria (Gidas)~9|6511|24887|8|13,1815,30,1,0,128,,500,-840,,,-500,860
LGKA|1|KSO|Kastoria National Airport Aristotle|4463|12822|661|12,2698,45,1,1,122,,613,-1226,661,182,-687,1203,646
LGKM|1||Kavala Amygdaleon Lydia~9|9728|43414|61|13,1330,28,1,1,137,,451,-517,61,,-429,542,61
LGSD|1||Sedes~d|5331|30253|26
#HU|L
LHDC|1|DEB|Debrecen~3|74895|16163|109|04R,2498,40,2,1,48,,-810,-1330,108,,690,1130,109,298;05L,2465,70,2,2,48,,-700,-1460,,,780,970
#HU|M
LHSN|1||Szolnok~d|71229|2355|98|02,2000,70,1,1,21,,-840,-470,89,,840,470,89
#HU|S
HU-0001|LHSV||Kákahalom~9|68039|5278|78|09,650,70,4,0
HU-0006|LHST||Szatymaz~9|63227|532|77|16R,792,49,4,0
HU-0023|LHHM||Hódmezővásárhely~9|63844|3083|80|04,795,45,4,0
HU-0036|||Sárospatak~9|83180|15861|96|13,1000,30,4,0,129,,80,-120,95,,-500,940,95
LHBC|||Békéscsaba~9|66771|11612|87|17L,1300,30,1,1,174,,1201,47,86,,50,207,87;17R,790,40,4,0,,,582,-384,,,-125,-286
LHER|1||Eger Apolló~9|79052|4055|241|16,799,,4,0
LHHO|1||Hajdúszoboszló~9|74597|13909|102|04,1000,50,4,0
LHMR|1||Maklár~9|78119|4223|129|17,800,30,4,0,176
LHNY|||Nyíregyháza~9|79839|16923|103|18L,1000,60,4,1,181,,190,470,103,,-600,440,103;18R,1000,20,1,1,181,,460,20,103,,-440,-10,103
LHSS|1||Szolnok-Szandai~9|71429|1973|81
LHSU|1||Surjány~9|72000|4819|86
LHSZ|1||Szentes~e|66125|2832|79|15,762,,4,0
LHUD|1||Szeged~1|62451|922|76|18,1500,,0,2,,,,,80,,,,80;16R,1185,30,1,1,168,,570,-314,82,,-473,6,81;16L,1177,50,4,0,167,,607,-53,82,,-427,286,81;09,610,30,6,0,,,,,80,,,,80
#MD|L
LUKK|1|RMO|Chişinău~3|69277|89317|122|08,3590,45,2,1,88,,-40,-2430,122,,60,2280,85;09,2383,45,2,1,,,500,-1150,98,,237,1956,98
#MD|M
LUBL|1|BZY|Bălți-Leadoveni~3|78377|77811|231|15,2210,43,2,1,153,,930,-620,231,,-850,700,215
LUBM|1||Mărculești~d|78627|82128|95|07,2510,39,2,0,71,,-370,-1590,,,370,1590
LUCH|1||Cahul~3|58438|82637|199
LUTR|1||Tiraspol~9|68681|95906|43|16,2500,44,2,2
#MK|L
LWOH|1|OHD|Ohrid St. Paul the Apostle~1|11800|7423|705|01,2550,45,1,1,18,,-1100,-460,696,,1080,460,705
LWSK|1|SKP|Skopje~3|19581|16226|238|16,2950,45,1,1,165,,1420,-490,238,,-710,250,234
#MK|S
LW66|||Malo Konjari Sport~9|13331|14491|620|04,1060,80,6,0,41.2,,-370,-430,,,370,420
LW67|||Kumanovo~9|21542|16993|371|12,916,81,4,0,128,,240,-490,,,-270,380
LW74|||Logovardi Sport~e|10177|14262|594|17L,1200,98,4,0,169.4,,720,-10,,,-350,260;17R,305,18,2,0,170.4,,720,-90,,,450,-30
LW75|||Stenkovec Brazda~9|20594|13885|351|12,1205,51,6,0,121,,250,-370,,,-310,870;XX/XX,169,40,0,3,222,46,,,351,305,,,351,1697
LWST|1||Suchevo Recreational~9|17597|21478
#PL|S
EPAR|1||Arłamów~9|96575|25143|443|16,1193,35,1,0,167,,430,-290,,,-610,80
EPKR|1||Krosno~9|96838|17410|281|11R,1100,30,1,1,,,,,280,,,,280;11L,1035,100,4,0,,,,,280,,,,280;16,730,100,4,0,16,34,,,281,281,,,281,281
EPNL|||Nowy Sącz-Łososina Dolna~9|97453|6235|253|04,800,,0,0,,,,,254,,,,254
EPNT|||Nowy Targ~9|94628|503|628|12,1680,80,0,0,,,343,-791,628,,-458,1175,628
#RO|H
LRCC|1||Oituz (PA&CO)~2|62107|66030|333
LRMA|1||Mir Aero~2|56873|55271|538
LRWG|1||West Gate Helipad|44334|59861
RO-0018|LRCX||Cobrex~2|56577|55570|542
RO-0040|LRMC||Năvodari~2|43290|86570|0
RO-0064|LRBH||Crystal Tower Bucharest Helipad|44524|60954|154
RO-0123|LRSU||Emergency University Hospital Of Bucharest~2|44360|60711
RO-0135|LRPH||Ploiesti Aero Taxi~2|49650|59011|224
#RO|L
LRBC|1|BCM|Bacău George Enescu~3|65219|69103|185|16,2500,80,2,1,165,,1080,-440,185,,-1080,410,180
LRBS|1|BBU|Bucharest Băneasa Aurel Vlaicu~3|45031|61029|91|07,3200,45,2,1,74,,-390,-2010,91,240,410,1860,89,795
LRBV|1|GHV|Brașov-Ghimbav~3|57056|55229|530|03,2820,45,2,0,,,-958,-1011,530,,1088,1133,530
LRCK|1|CND|Mihail Kogălniceanu~3|43622|84883|108|18,3500,45,2,1,186,,1550,230,108,,-1570,-200,96
LRCL|1|CLJ|Avram Iancu Cluj~3|67860|36857|317|07,2040,45,2,1,79,,-85,-1164,316,,420,1076,312
LRCV|1|CRA|Craiova~3|43181|38886|191|08,2500,45,2,1,89,,-20,-1570,191,,30,1550,187
LRIA|1|IAS|Iaşi~3|71796|76214|125|14,2400,45,2,1,154,,987,-870,121,,-859,771,104
LROD|1|OMR|Oradea~3|70253|19025|142|01,2520,45,2,1,11,,-796,-238,146,150,797,219,137,150
LROP|1|OTP|Bucharest Henri Coandă~3|45718|61033|96|08L,3500,45,1,1,84,,470,-1940,95,,800,2450,92;08R,3500,45,1,1,84,,-730,-2670,96,,-400,1710,92
LRSB|1|SBZ|Sibiu~3|57858|40867|456|09,2630,45,2,1,91,,36,-1803,456,,-19,1579,440
LRSV|1|SCV|Suceava Ștefan cel Mare~3|76875|63541|419|16,2460,45,2,1,163,,770,-350,419,,-770,340,405
LRTR|1|TSR|Timișoara Traian Vuia~3|58099|13379|106|11,3500,45,2,1,110,,520,-2110,104,,-540,2110,105
#RO|M
LR80|LRFT||Feteşti Borcea~d|43923|77267|55|18,2500,45,2,1,185,,1120,140,,,-1120,-140
LR82|LRBO||Boboc~d|52164|69786|105|04,2500,80,2,1,43.5,,-820,-1100,,,820,1100
LRAR|1|ARW|Arad~3|61761|12643|107|09,2000,45,2,1,95,,130,-1510,105,,-40,1050,107
LRBM|1|BAY|Maramureș~3|76584|34644|184|09,2150,45,1,1,99,,160,-1470,169,,-150,1370,185
LRCS|1|CSB|Caransebeş~1|54201|22525|264|11,2000,45,2,0,109,,350,-1060,247,,-230,1360,263
LRCT|1||Câmpia Turzii~d|65023|38859|330|15,2500,50,2,1,156,,1030,-660,,,-1030,670
LRSM|1|SUJ|Satu Mare~3|77033|28857|123|01,2487,45,2,1,13,,-1090,-380,126,,1080,380,124
LRTC|1|TCE|Tulcea Danube Delta~1|50625|87143|61|16,1986,30,2,1,167,,870,-280,61,,-870,280,42
LRTM|1|TGM|Târgu Mureş Transilvania~3|64677|44125|294|07,2000,30,2,1,74,,-240,-1250,294,,260,1250,294
#RO|S
LR79|LRIC||Ianca~9|51587|74309|40|02,1000,30,2,0,2,200,-1010,-730,40,100,990,720,40
LRCD|1||Măgura~9|57372|41653|465|15,600,18,4,0,146,,,,462,,,,465
LRCN|||Clinceni~9|43590|59320||06,1000,60,2,0
LRFL|||Floreni~9|73628|52119|886|10,600,,2,0
LRPT|1||Geamăna~9|48175|48978|305
LRPV|LRPW||Ploiești-Strejnicu~9|49237|59634|73|09,790,30,4,0,93,,288,-882,175,,247,311,175;08,750,30,1,1
LRTZ|1||Tuzla~1|39845|86062|49|04,950,,0,0,,,,,49,,,,49
RO-0001|||Zanesti~9|68438|65586|289|14,899,20,4,1,150,,347,-290,290,,-358,292,287
RO-0003|||Aerodrom Fratauti|78853|58992|421|16,1006,,4,0
RO-0004|||Ineu King's Land~9|70792|21003|152|15,780,,4,0
RO-0006|LRSP||Sânpetru-Brașov~e|57210|56337|523|12,600,18,4,0,120,,,,522,,,,522
RO-0008|LRMS||Elie Carafoli Sport~9|65332|45293
RO-0009|LRCB||Charlie Bravo Șiria~9|62690|16053|110|18,790,40,4,0,188,,632,164,110,,-72,19,110
RO-0010|||Ghimbav~e|56994|55284|529|04,1050,,4,0
RO-0011|||Prejmer~e|56974|57835|537|09,914,14,4,0,,,,,536
RO-0017|||Cioca~9|57857|11881|89|05,732,30,4,0,50
RO-0023|||Drobeta-Turnu Severin~9|45805|28478||09,1500,60,4,0,,,,,358,,,,358
RO-0054|LRIS||Iaşi Sud|71578|76375|61
RO-0108|LRBA||Grădiștea~9|42250|61214|77|04,460,40,4,0,44,,-143,-185,77,30,117,160,77,30
RO-0138|LRMM||Aerodrom Baia Mare|76591|34745
#RS|L
LYBE|1|BEG|Belgrade Nikola Tesla~1|48184|3091|102|12R,3500,45,1,1,,,659,-1921,99,,-1008,1838,99;12L,3400,45,1,1,122,,812,-1813,97,,-807,1835,102,400
LYNI|1|INI|Niš Constantine the Great~1|33365|18562|198|11,2500,45,1,1,113,,470,-1490,196,219,-420,1330,197,300
#RS|M
LYBT|1|BJY|Batajnica~d|49353|2575|81|12L,2494,45,1,0,125,,1220,-1980,,,-80,600;12R,2438,45,1,3,125,,70,-570,,,-1200,1950;12,985,58,4,0,125,,-110,-720,,,-620,300
LYKV|1|KVO|Morava~1|38175|5867|209|13,2265,30,1,0,133,,795,-977,209,,-718,909,209
#RS|S
LY87|||Kovin~6|47743|9613|85|13,2184,30,1,0,135.3,,700,-970,,281,-700,980
LY89|||Bor~1|40182|21371|386|15,1086,30,1,0,156.5,,440,-270,386,,-430,280,374
LYBJ|||Lisičji Jarak~9|49399|4458|71|14,1000,50,4,0
LYCA|||Čačak-Preljina~9|38981|4350|237|12L,649,61,4,0;12R,220,12,3,0
LYKI|||Kikinda~9|57681|4173|81|14,900,51,4,0
LYKS|||Rosulje~9|35614|13827|234|15,1219,30,0,0
LYLE|||Leskovac / Mira Sport~9|30197|19320|225|18,1100,100,6,0,182,,580,130,223,,-420,70,225
LYVA|||Valjevo Divci~9|42979|216|143|08,1250,46,4,0
LYVR|||Vršac~9|51477|13094|84|01R,1000,22,1,1,12,,-520,-80,84,,360,180,84;01L,835,70,4,0,12.2,,-350,-170,,,390,50;16,463,34,4,0,161.3,,310,-260,,,-90,-60
RS-0003|||Zemun Polje 13 May~9|48764|3059|78|13,650,25,4,0
#SK|M
LZKZ|1|KSC|Košice~3|86631|12411|230|01,3100,45,1,1,13,,-1370,-470,225,,1350,480,230
LZTT|1|TAT|Poprad-Tatry~1|90710|2414|718|09,2600,45,2,1,94,,340,-1790,718,,180,1740,695;07L,760,30,4,0;07R,760,30,4,0
#SK|S
LZKC|1||Kamenica nad Cirochou~9|89362|19942|171|07,870,30,0,0,,,-79,-568,174,,124,584,174
LZPW|1|POV|Prešov~d|90297|13156|323|05,293,20,4,0,,,-393,-1217,315,,-239,-892,315
LZRY|1||Ražňany~9|90781|10997|320
LZSK|1||Svidník~9|93339|15703|354|01,1200,,0,0,,,,,353,,,,347
LZSV|1||Spišská Nová Ves~9|89408|5339|495|12L,1362,,4,0,,,,,495,,,,495;12R,1362,,4,0,,,,,495,,,,495
SK-0051|||Jasenov~6|87918|21798|168|01,428,12,1,0
#TR|L
LTBA|1|ISL|İstanbul Atatürk~1|9719|88237|50|17L,3000,45,2,3,178,,2450,-1520,48,,-240,-1420,30;17R,3000,45,2,3,178,,2450,-1770,50,,-260,-1670,31;05,2600,60,1,1,59,,-560,-1230,28,150,590,1250,27
LTFJ|1|SAW|Istanbul Sabiha Gökçen~3|8986|93092|95|06R,3540,60,2,0,,,-1375,-661,88,,16,3118,88;06L,3000,45,2,1,64,,-590,-1580,89,,580,1580,93
LTFM|1|IST|İstanbul~1|12749|87321|99|17L,4100,60,1,1,174,,2393,-506,62,,-1298,-434,94;17R,4100,45,1,1,174,,2390,-760,62,,-1300,-680,94;16L,3750,45,1,1,174,,2370,-2290,66,,-1000,-2220,99;16R,3750,60,1,1,174,,2370,-2535,66,,-1006,-2469,99;18,3060,45,2,1,179,354,1490,2410,67,,-1270,2460,94;09,2819,45,2,1,89,,-2121,3417,84,,-2084,6792,84
#TR|M
LTBG|1|BDM|Bandırma~1|3180|79777|52|18,3010,46,1,1,181,,1370,40,52,,-1330,-30,42
LTBH|1|CKZ|Çanakkale~1|1377|64268|7|04,2350,45,2,1,41,,-1030,-1150,4,,560,670,6
LTBR|1|YEI|Bursa Yenişehir~1|2552|95626|233|07L,2993,45,2,1,74.5,,-300,-1720,233,,420,1670,228;07R,2993,30,2,1,75,,-420,-1680,233,,300,1710,230
LTBU|1|TEQ|Tekirdağ Çorlu~1|11382|79191|175|04,3000,45,2,1,49,,-880,-1380,152,,890,1350,175
LTBX|||İstanbul Samandıra Army~d|9930|92165|122|18,1380,30,2,0,180,,630,0,,,-640,10;04,764,15,2,0,44.9,,-240,-320,,,250,320
TR-0028|||Keşan~d|7871|66067
#TR|S
LTBE|1||Bursa Yunuseli~1|2332|90056|101
LTBP|1||Yalova~d|6863|93771|2|08,1403,40,1,0,85,,-220,-510,9,,-120,1140,13;18,1349,40,1,0,183,,810,-70,3,,-410,-150,11
LTBW|||İstanbul Hezarfen~9|11036|85477|19|05,535,18,1,0,,,-180,-330,8,,140,270,19
LTFK|1|GKD|Gökçeada~1|2045|58833|22|01,2149,46,3,2,15.8,,-780,-260,,,1080,420;02,1193,30,2,0,28,,-130,370,,,820,1020
#UA|L
UKLL|1|LWO|Lviv~3|98125|39561|326|13,3305,45,1,1,136,,830,-1220,326,,-810,1220,322
#UA|M
UA-0028|||Zhovtneve~d|56400|86700
UKLH|1|HMJ|Khmelnytskyi~1|93597|69334|351|16,2200,43,2,0,166.1,,900,-310,,,-1010,420
UKLI|1|IFO|Ivano-Frankivsk~3|88842|46861|280|10,2507,44,2,1,104,,250,-1610,280,,-250,1720,276
UKLN|1|CWC|Chernivtsi~3|82593|59808|252|15,2216,42,1,1,152.9,,890,-680,244,,-890,680,252
UKLU|1|UDJ|Uzhhorod~3|86343|22634|117|10,2038,40,2,1,103,,210,-1350,114,,-210,1340,116,538
UKWW|1|VIN|Vinnytsia/Gavyryshivka~3|92425|86138|293|13,2492,36,2,0
#UA|S
UA-0107||KCP|Kam'yanets'-Podil's'kyi~9|86956|66095|213
UA-0127|UKMN||Kosino Spa Resort~9|82532|24985|33
UK61|||Jagellon~9|97379|36689|273|13,2500,56,2,0,138.8,,840,-1140,,,-850,1140
UKLT|1|TNL|Ternopil~3|95242|57001|327|10,1971,43,2,1,104.4,,220,-1320,327,,-220,1310,312
#XK|L
BKPR|1|PRN|Priština Adem Jashari~3|25728|10358|545|17,3040,45,1,1,176,,1253,-120,545,,-1476,157,544
#XK|S
XK-0010|||Gjakovë~d|24351|4278|418|18,1800,30,1,1,177.5,,740,-60,418,,-870,50,403
