#BY|M
BY-0001||TXC|Orsha Airport - Balbasovo~d|44400|2967|189|05,3001,45,2,0,,,-688,-2065,196,,648,1952,196
UMGG|1|GME|Gomel~1|25270|10167|144|10,2569,43,1,1,112,,410,-1770,140,,-410,1770,142
UMII|1|VTB|Vitebsk Vostochny~1|51265|3496|208|06,2606,42,1,1,62.2,,-550,-1800,192,,550,1810,207
UMOO|1|MVQ|Mogilev~1|39549|951|194|13,2567,42,1,1,136.6,,830,-1340,191,,-830,1330,188
#BY|S
UMNM|||Novo-Pashkovo~9|39450|2440||04,600,,6,0
#RU|L
ULLI|1|LED|Pulkovo~1|98003|2625|24|10R,3780,60,2,1,106.4,,-40,-4420,20,,-990,2040,24;10L,3397,60,2,1,106.4,,940,-1710,18,,80,4100,20
UUBW|1|ZIA|Zhukovsky~3|55533|81500|115|12,4600,70,2,1
UUDD|1|DME|Domodedovo~3|54088|79063|179|13L,3794,53,2,3,146,,1572,547,168,,-1246,3932,158;13R,3500,60,2,1,146,,1226,-3420,179,,-1368,-295,161;13C,2370,53,2,1,146,,814,906,178,,-943,3017,164
UUEE|1|SVO|Sheremetyevo~3|59775|73867|190|06R,3700,60,2,1,64,,-1040,-40,189,,-180,5700,189;06C,3550,60,2,1,64,,-770,0,189,,50,5500,190;06L,3200,60,2,1,64,,350,-5780,183,,1090,-820,180
UUWW|1|VKO|Vnukovo~3|55915|72615|209|06,3500,60,1,1,57,,-500,-2280,192,,650,2880,209;01,3060,45,1,1,12,,-490,-390,193,,2030,1540,193
#RU|M
RU-0015|||Khotilovo~d|76550|41000|180|02,3000,45,2,1
RU-0016|||Lipetsk~d|26350|94450|194|15,3000,60,2,1
RU-0240|||Seshcha~d|37153|33391|211|08,3000,60,2,1
RU-0764|UUMB||Kubinka~d|56117|66500|187
RU-10001|ULOL|VLU|Velikiye Luki~1|63811|6078|100
RU-10049|||Soltsy-2~d|81395|3304|40|05,3000,78,2,1
RU-10053|||Yermolino~d|52286|66086|195|13,2987,58,2,0
RU-10054|||Myachkovo~9|55608|79839|125
RU-10055|||Staraya Russa~d|79614|13844|25|01,2000,40,2,1
RU-10056|||Fedotovo Naval~d|91904|91235|175|17,3500,70,2,1
RU-10059|||Dyagilevo~d|46423|95690|134|06,3000,68,2,1
RU-10076||LNX|Smolensk North~1|48240|20250|250|08,2500,,2,0
RU-3686|||Oreshkovo~9|44677|60737|166|07,2000,50,2,1
RU-4609|||Shatalovo~d|43400|24733|192|08,2500,45,2,1
RU-8363|||Voronezh Baltimore~d|16200|91400|153|11,3500,60,2,1
RU-9345|ULLK||Krechevitsy~d|86250|13850|30|04,2500,40,2,1
RU-9937|||Rzhev~d|62600|44083|194|06,2500,50,2,1
RU-9942|||Shaykovka~d|42267|43717|203|16,3000,76,2,1
ULLP|||Pushkin~1|96850|3383|70|03,2500,44,2,0,30,,-1000,-1330,70,,900,1170,70
ULWC|1|CEE|Cherepovets~1|92736|80158|115|03,2500,40,2,1,42,,-600,-1200,,,1090,1780
ULWW|1|VGD|Vologda~1|92825|99444|118|15,1500,40,2,1
UUBC|1|KLF|Grabtsevo~1|45500|63667|200|13,2099,40,1,1
UUBK||RYB|Staroselye~1|81042|89294|129|04,1000,28,2,0
UUBP|1|BZK|Bryansk~3|32144|41760|202|16,2400,42,2,1,172,,1040,-220,202,,-1090,310,196
UUEM|1|KLD|Migalovo~d|68247|57577|143|07,2500,49,2,1,74.6,,-290,-1980,143,,290,1970,138
UUMT|||Tretyakovo~1|49050|90267|157|10,3000,58,0,1
UUMU|1|CKL|Chkalovskiy~d|58783|80617|152|12R,3600,58,2,1,,,1059,-2425,,,-1059,1986;12L,3000,96,2,1,,,1145,-1817,,,-609,1837
UUOB|1|EGO|Belgorod~3|6438|65901|224|11,2500,42,1,1,117,,470,-1440,224,,-480,1450,214;12,2417,67,6,0,117,,590,-1540,,,-410,1500
UUOK|1|URS|Kursk East~1|17506|62956|209|12,2500,40,2,1,124,,630,-1500,200,,-630,1500,209
UUOL|1|LPK|Lipetsk~1|27028|95378|178|15,2300,40,2,1
UUOO|1|VOZ|Voronezh~3|18143|92309|157|12,2300,49,2,1,131,,660,-1390,156,70,-680,1130,148,62
#RU|S
RU-0003|||Protasovo~4|44933|99317|143|06,3000,68,2,1
RU-0077|ULSY||Sivoritsy~9|94762|15|113
RU-0184|||Yuryevskoye~9|67800|62850|121|05,850,45,4,1
RU-0218|||Bolshoye Gryzlovo~9|47850|76450|243|01R,715,40,2,0,10,290,,,243,,,,243
RU-0231|||Vatulino~9|56620|61390|210|14,900,60,4,0
RU-0257|||Vyazma~d|51483|43829|242|01,2000,45,2,1
RU-0365|||Novinki~9|49786|76574||04,700,17,1,1
RU-0368|||Seltsy~9|49237|96392|110|08,1250,35,1,0
RU-0845|||Gorelovo~e|97655|717|58|07,2499,24,2,0,84,,-83,-1633,58,,135,2783,58
RU-10050||TYA|Klokovo~d|42390|76000|152|08,1800,35,2,1
RU-10052|||Stary Oskol~9|13292|77688|219|04,1800,40,2,1
RU-10118|||Torbeyevo~9|50658|78817|183|04,840,35,1,1
RU-10179|||Nudol~9|60964|65548|195|11,605,30,4,1,125,,,,,,-232,767;06,454,30,4,0,68,,10,-261,,,177,478
RU-4948|||Lyuban Chudovo~9|92383|12700|50|17,1100,30,5,0
ULNP|||Pestovo~9|86080|57800||13,800,,0,0
UUBN|||Zmeyevo~9|69147|59357|144|03,850,300,6,0;16,600,100,6,0
UUBS|1||Smolensk South~1|47450|20650|250|08,1600,,2,0
UUEI|||Kimry~9|67983|73300|137|06,1415,42,1,0
UUMI|||Stupino~d|48894|81470|178|06,2100,40,2,1
UUOD|||Pridacha~1|16529|92562|105|03,2100,42,2,1
#UA|L
UKBB|1|KBP|Boryspil~3|3450|8947|130|18L,4000,60,2,1,183,,1560,1340,125,,-2030,1090,129;18R,3500,63,2,1,183,,720,-1160,128,,-2420,-1390,123
#UA|M
UA-0005|||Nizhyn~d|10885|18710|134
UKKK|1|IEV|Igor Sikorsky Kyiv International Airport (Zhuliany)|4019|4519|179|08,2310,45,2,1,86,,-80,-1680,171,150,50,1530,179,48
UKKM|||Hostomel~1|6035|1919|158|15,3500,56,2,1,154.5,,1420,-1060,156,,-1420,1070,154
#UA|S
UA-9867|UKKT||Svyatoshyn~1|4782|3846|177
UKHS|1|UMY|Sumy~1|8583|47625|181
