#KZ|L
UACK|1|KOV|Kokshetau~3|33291|95946|274|02,2537,38,1,0,32,,-970,-1000,,,970,1010
UACP|1|PPK|Petropavl~3|47756|91874|138|05,2496,39,1,0,66,,-590,-2110,,,340,1430
UAUU|1|KSN|Kostanay~3|32069|35503|181|14,2813,45,1,1,157,,1331,-1039,182,,-995,611,174
#KZ|S
KZ-ATX||ATX|Atbasar~1|18523|83669|308
UAUR|1|AYK|Arkalyk North~1|3186|69528|386|08,2495,45,1,0,91,,30,-1800,,,0,1710
#RU|L
USCC|1|CEK|Kurchatov Chelyabinsk~3|53031|15049|234|09,3200,60,2,1,103.6,,610,-2600,231,,-60,2290,225
USSS|1|SVX|Koltsovo~1|67431|8027|233|08R,3025,45,2,1,94.1,,-70,-2360,224,,-260,2550,232,325;08L,2497,45,1,0,90,,170,-2130,225,,170,1950,233
USTR|1|TJM|Roshchino~3|71790|53277|115|03,3003,45,1,1,47.8,,-980,-4670,113,,830,-1000,104;12,2704,50,1,1,134.8,,1080,-380,94,,-630,2780,105
#RU|M
RU-1071|||Kamensk-Uralskiy~d|64367|19867|171|11,2700,48,2,1
RU-7978|||Uprun~d|43750|13533|236|18,2500,40,2,1
USSK|||Uktus~1|67017|7900|196|08,1800,38,2,1
USTJ|1|RMZ|Tobolsk Remezov~1|80597|83480|51|08,2400,42,2,1,90
USUU|1|KRO|Kurgan~1|54753|54156|73|02,2600,42,2,1,,,-1034,-1079,71,,987,986,71
#RU|S
RU-0171|||Troitsk~d|41100|15350||03,790,37,2,1
RU-7741|||Salka~9|79883|2350|270|08,2500,40,2,1
USCG|||Chelyabinsk Shagol~1|52600|13000|253|12,2500,40,2,1
USCV|||Kalachevo~9|49530|15000||13,600,28,2,1
USHK|1|KXD|Kondinskoye~1|96551|74300|40
USHL|1||Lugovoy~1|97251|58333
USTL|||Plekhanovo~1|71447|54697|94|02,1100,40,2,1
USTO||TOX|Tobolsk~1|81358|82319|51|07,1200,25,2,1
UWOS|1||Svetlyy~1|8007|9024|298
