#BE|H
BE-0008|EBBV||Brecht/Vochten~2|13320|46247|27
BE-0075|EBAL||Aalst Hospital Helistop|9431|40558|43
EBAS|1||Gravenwezel~2|12471|45427|6
EBBA|1||Baudour~2|4695|38388|30
EBBH|1||Keysers~2|13434|46221|25
EBBM|1||Michelbeke~2|8309|37741
EBDI|1||Diksmuide~2|10193|28582|4
EBEN|1||Engels~2|12119|45811|10
EBEU|1||Antwerp University~c|11559|44098|14
EBGT||GNE|Ghent/Industry Zone~2|10206|37303|8
#BE|L
EBBR|1|BRU|Brussels~1|9014|44844|53|07L,3638,45,1,1,65,,-250,-2874,39,258,1120,1823,34,300;07R,3211,45,1,1,70,,-1240,-398,53,122,-250,3890,48;01,2987,50,1,1,14,,-1450,702,56,46,1150,1762,34,174
EBCI|1|CRL|Brussels South Charleroi~1|4620|44596|187|06,3055,45,1,1,66,,-683,-2289,186,450,456,1632,178
EBOS|1|OST|Ostend-Bruges~3|11998|28747|4|08,3200,45,2,1,75,256,-320,-2193,5,300,360,2257,4,415;14,627,45,4,2,137,,-30,-877,4,,-440,-256,4
#BE|M
EBAW|1|ANR|Antwerp International Airport (Deurne)|11907|44632|12|11,1510,45,1,1,109.8,,170,-1043,11,144,-290,985,12
EBBE|1||Beauvechain~d|7586|47683|113|04L,3074,45,1,1,39,,-1140,-1513,109,639,990,1253,98,642;04R,2450,23,1,1,39,,-1170,-844,113,60,520,1280,100,61
EBBL|||Kleine Brogel~d|11683|54700|61|05L,3096,45,1,1,50,,-880,-1698,59,331,910,1696,52,344;05R,2400,23,1,0,50.1,,-830,-1133,,,560,1502,,7
EBCV|1||Chièvres~d|5758|38310|59|08,2498,45,1,1,80,,-100,-964,54,,290,2510,55
EBFN|1||Koksijde~d|10903|26528|6|11,2678,50,1,1,108,,370,-1800,4,465,-380,1827,6,95;02,799,30,2,0,,,-59,374,6,,643,613,6
EBFS|||Florennes~d|2433|46458|285|08L,3385,45,1,1,78.9,,-260,-1975,277,299,320,2681,284,296;08R,2250,23,1,1,79.6,,-700,-1306,277,149,-340,1796,278,149
EBKT|1|KJK|Kortrijk-Wevelgem~3|8189|32096|17|06,1900,45,1,1,62,,-410,-1246,17,,360,1058,16,116
EBLG|1|LGG|Liège~1|6386|54439|201|04R,3690,45,1,1,45,,-1150,-1598,199,236,950,1693,184;04L,2340,45,1,1,45,,-730,-1376,194,,750,972,178
#BE|S
BE-0052|EBLB||Elsenborn~d|4848|61830|558|04,590,20,1,0,39
EBAM|1||Amougies~9|7401|34849|15|11,610,18,4,0
EBAV|1||Avernas-le-Bauduin Ultralight~9|7061|50677|120
EBBN|1||Büllingen~9|4150|62764|630
EBBT|1||Brasschaat~9|13426|45035|23|16,799,30,2,0,163,,,,23,,,,22
EBBY|1||Baisy-Thy Ultralight~9|5681|44352|160|14,299,30,4,0;05,252,30,4,0
EBBZ|1||Buzet~e|5423|43825|159|15,448,40,0,0,152
EBCF|1||Cerfontaine~9|1528|43872|291|12L,800,30,4,0;12R,675,30,4,0
EBDT|1||Schaffen~9|10040|50647|30|06,750,45,4,0
EBGB|1||Grimbergen~9|9485|43918|21|01,614,,4,0
EBGG|1||Overboelare~9|7556|38639|17|03,183,5,4,0
EBHN|1||Hoevenen~9|13061|43872|3
EBKH|1||Balen-Keiheuvel~9|11810|52211|40|07,690,18,4,0
EBLE|1||Leopoldsburg~9|11200|53072|63|08,600,18,1,0
EBMB|1||Melsbroek~d|9134|44910|56
EBNM|1||Namur-Suarlée~9|4897|47697|181|06,696,27,0,2,64,,,,181,,,,181;06R,690,25,1,0,64,,,,176,,,,171;06L,629,50,4,0,64,,,,175,,,,170
EBSG|1||Saint-Ghislain~9|4580|38210|23|09,700,23,1,0,88
EBSH|1||Saint Hubert~9|359|54043|588|14,799,150,4,0;05,600,190,4,0
EBSL|||Zutendaal~d|9494|55935|95|06,2980,45,1,0,60,,-870,-2124,95,,490,1535,90
EBSP|1||Spa-La Sauvenière~9|4820|59134|482|05,799,30,1,0,48,,,,470,83,,,464
EBST|||Sint-Truiden / Brustem~9|7908|51996|75|06,1096,50,1,0,57.5,,-180,-510,72,,400,924,66
EBSU|||Saint Hubert~d|344|54408|588|07,2599,45,2,0,66.6,,-420,-1626,555,,530,1689,555
EBTN|1||Goetsenhoven~9|7817|49578|75|17,780,30,1,0,,,,,67,,,,72;06,655,30,1,0,60
EBTX|1||Theux (Verviers)~9|5511|58540|335|06,738,22,4,0,,,-195,-436,336,,190,413,336
EBTY|1||Maubray~9|5316|34962|49|11,630,18,4,0
EBUL|||Ursel~d|11442|34756|29|07,2980,45,2,0,70,,-430,-1715,27,698,610,2204,26,838
EBWE|||Weelde~d|13948|49602|32|07,2980,45,2,0,68,,-500,-1988,29,268,490,1987,32,268
EBZH|1||Kiewit Airfield Hasselt|9704|53753|43|09,600,,4,0
EBZR|1|OBL|Oostmalle~9|12691|47624|16|05,799,45,2,0,48,,-238,-430,16,,238,428,24
EBZW|1||Genk Zwartberg~9|10154|55265|85|03L,799,23,1,0,34,,-334,-388,81,,268,222,84,30;03R,655,18,4,0,34
#DE|H
DE-0926|EDYH||Helwin A|44519|77400
DE-0927|EDYM||Meerwind S O|43992|77001
DE-0928|EDYA||Amrumbank West|45198|77355
#DE|L
EDDF|1|FRA|Frankfurt Main~1|267|85584|111|07C,4000,60,1,1,69.6,,590,-2377,100,,1840,2858,111;07R,4000,45,2,1,69.6,,80,-2423,100,,1340,2813,110;18,4000,45,2,1,180,,745,-3246,99,,-2821,-3210,96;07L,2800,45,2,1,69.6,,1040,-6132,93,,1910,-2468,108
EDDG|1|FMO|Münster Osnabrück~1|21338|76885|49|07,2170,45,1,1,71,,-230,-1844,48,,410,1152,48,200
EDDH|1|HAM|Hamburg Helmut Schmidt~1|36304|99882|16|15,3666,46,1,1,152.8,,2400,-1299,16,,-530,1230,11,446;05,3250,46,1,1,50.3,,-1210,-2449,10,298,670,1360,13,156
EDDK|1|CGN|Cologne Bonn~1|8659|71427|92|13L,3815,60,1,1,138,,1460,-1362,70,,-1070,2299,92;06,2459,45,2,1,64,,-580,-1892,70,,380,1257,83;13R,1863,45,1,1,138,,490,-2184,67,,-740,-396,79
EDDL|1|DUS|Düsseldorf~1|12895|67668|45|05R,3000,45,2,1,53,,-990,-1481,37,300,640,1942,42,300;05L,2700,45,2,1,53,,-580,-1808,35,300,890,1285,38,300
EDDV|1|HAJ|Hannover~1|24611|96851|56|09L,3790,45,2,1,93,,728,-3683,51,300,573,1905,52,300;09R,2340,45,2,1,93,,-610,-833,52,,-710,2605,55;09C,777,23,1,0,92,,373,-135,54,65,341,1011,53,165
EDDW|1|BRE|Bremen~1|30468|87893|4|09,2634,45,1,1,88,,-32,-1924,4,290,57,2004,4,300;05,700,23,1,0,52,,-420,-506,,,-30,310,4
EDLP|1|PAD|Paderborn Lippstadt~1|16125|86175|213|05,2180,45,1,1,57,,-380,-1432,212,,690,1209,205
EDLV|1|NRN|Weeze (Niederrhein)~1|16014|61412|32|09,2440,45,1,1,92,,140,-1666,29,,70,1853,32
EDLW|1|DTM|Dortmund~1|15183|76122|130|06,2000,45,1,1,61,,-360,-1030,127,300,520,1479,122,300
EDVK|1|KSF|Kassel~1|14184|93916|250|09,2500,45,1,1,95,,340,-1737,262,,140,1848,245;04,1500,30,1,3,41,,-1610,-2247,274,,-590,-829,266;04L,700,30,4,2,41,,-1220,-2063,,,-750,-1389
#DE|M
EDGS|1|SGE|Siegerland~1|7077|80830|599|13,1620,30,1,1,128,,508,-1036,598,,-392,776,588;13L,600,30,4,0,128,,498,-771,,,132,-35;04,500,30,4,0,38,,-391,61,,,-29,506;12G/30G,300,30,4,0,,,366,-373,,,227,-93;13G/31G,250,30,4,0,,,648,-933,,,507,-656
EDHI|1|XFW|Hamburg-Finkenwerder~1|35353|98356|7|05,2630,45,1,1,52,,-1038,-2212,5,655,737,1552,5,665
EDLI|1|BFE|Bielefeld~1|19647|85444|138|11,1256,20,1,1,111,,210,-812,138,390,-190,899,138,216
EDLN|1|MGL|Mönchengladbach~1|12303|65044|38|13,1200,30,1,1,129,,340,-661,38,,-330,681,38
EDXW|1|GWT|Westerland Sylt~1|49132|83405|16|14,2120,45,2,1,142,,610,-762,10,,-930,1159,9;06,1696,45,2,0,58,,-380,-1133,8,,390,1149,16
ETHB|1||Bückeburg~d|22785|90822|70|08,1832,45,1,1,77.6,,-190,-1311,69,163,170,1313,65
ETHF|1|FRZ|Fritzlar Army~9|11146|92860|172|11,1040,30,1,1,119,,220,-658,173,,-240,650,170
ETMN|1|FCN|Sea-Airport Cuxhaven/Nordholz / Nordholz Naval Airbase|37677|86592|23|08,2439,45,2,1,78,,-230,-1881,21,,220,1741,12
ETND|1||Diepholz~d|25856|83422|39|08,1283,45,1,1,85,,-60,-1033,39,,40,796,38
ETNG|1|GKE|Geilenkirchen~d|9608|60424|90|09,3051,45,2,1,91,,20,-2236,80,150,-10,2106,88,150
ETNH|1||Hohn~d|43122|95382|12|08,2440,30,2,1,79.4,,-200,-1846,8,,200,1839,12
ETNN|1||Nörvenich~d|8312|66582|118|06,2439,45,1,1,67,,-440,-1598,117,,430,1580,101
ETNS|1|WBG|Schleswig~d|44593|95163|21|05,2439,30,1,1,47.7,,-730,-1380,20,,740,1403,20;07,1998,45,1,0,74,,-400,-1380,18,,120,1570,21
ETNT|1||Wittmundhafen~d|35478|76673|8|07,2440,30,1,1,78,,-210,-1797,7,,240,1803,6
ETNW|1||Wunstorf~d|24573|94272|57|08,2499,45,1,1,81,,-96,-1097,52,,170,1850,52;02,1699,48,1,1,26,,-1230,-20,55,,140,1113,52;08R,1088,40,4,0,81.4,,-250,-1087,52,,-100,497,51
ETOU|1|WIE|Wiesbaden Army~9|498|83254|141|07,2153,37,1,1,73.3,,-270,-1437,138,,280,1444,140,37
ETSB|1||Büchel~d|1738|70633|478|03,2507,45,1,1,29.3,,-980,-859,472,,980,863,477
#DE|S
DE-0106|EDHY||Hoya~9|28119|91638|16|12,700,30,4,0,119
DE-0113|EDWT||Blexen~9|35383|85388|3|09,1000,40,0,0,90,,,,10,,,,10
DE-0121|||Bohlenbergerfeld~9|34180|79039|8|05,942,30,4,0,50,,,,8,,,,8
DE-0152|||Johannisau Glider~a|5363|96612|259|07,500,30,4,0,70;05,450,30,4,0,48,232
DE-0179|||Emmerich~9|18221|62745|16|12,1000,30,4,0,128,,270,-580,0,91,-280,550
DE-0207|||Radevormwald-Leye Glider~a|12164|73821|393|09,650,20,4,0,90
DE-0210|||Wanlo Glider~a|11010|63936|77|08,535,30,4,0,83,,-23,-378,70,0,37,378,69,0
DE-0240|||Weilerswist UL|7191|68499|136|04,500,,4,0
DE-0285|||Brakel~9|17387|91998||08,800,,0,0
DE-0367|EDKS||Iserlohn-Sümmern Glider~a|14364|76997|180
EDEN|||Bad Hersfeld~9|8441|97072||36,671,18,0,0
EDER|||Wasserkuppe~9|4988|99542|901|06,619,14,1,0,,,-114,-423,901,41,109,377,872,21;08R,366,76,4,0,,,-206,-464,,,-82,5
EDFA|1||Anspach-Taunus~9|2883|85339|336|06,640,30,0,0
EDFB|||Reichelsheim~9|3380|88790|121|18,1300,23,1,0,,,,,121,,,,121,70;09,250,30,4,0,,,,,121,,,,121
EDFG|||Gelnhausen~9|1967|91671|136|07,840,25,0,0,,,,,126,,,,126
EDFN|||Marburg-Schönstadt~9|8744|88150|254|03,750,30,4,0,,,-296,-304,254,,282,261,254
EDFP|1||Ober-Mörlen~9|3622|87116|251
EDFQ|1||Allendorf-Eder~9|10353|86810|353|11,1240,30,1,1,113,,230,-825,355,,-220,797,342
EDFT|||Lauterbach~9|6837|94117|369|06,680,30,4,0,64,,,,369,,,,356
EDFY|||Limburg-Elz~9|4269|80111|213|07,750,20,1,0,70
EDGB|||Breitscheid~9|6764|81694|559|07,900,,0,0,,,,,559,,,,559
EDHE|1||Uetersen-Heist~9|36455|97035|7|09,1100,,4,0,,,,,7,,,,7
EDHF||IZE|Itzehoe Hungriger Wolf~9|39920|95764|27|02,1040,30,2,0,,,,,25,,,,25;09,708,40,4,0
EDHN|1|EUM|Neumünster~1|40794|99414|22
EDHO|1||Ahrenlohe~9|37003|97421|10|05,600,15,0,0
EDHS|1||Stade~9|35611|94992|19|10,650,15,1,0,108,,,,19,,,,19
EDKA|1|AAH|Aachen-Merzbrück~1|8231|61864|190|07,1160,18,1,0,,,,,190,,,,190
EDKB|1||Bonn-Hangelar~9|7689|71633|60|11,800,,2,0,,,,,60,,,,60
EDKF|||Bergneustadt-Auf dem Dümpel~9|10521|77068|489|04,600,30,4,0
EDKH|||Hünsborn~9|9286|78992|398|09,950,,0,0,,,,,398,,,,398
EDKL|1||Leverkusen~9|10153|70056|48|15,925,30,4,0,,,,,48,225,,,48
EDKM|||Meschede-Schüren~9|13028|82392|437|04,900,,1,0,,,,,438,,,,437
EDKN|1||Wipperfürth-Neye~9|11242|73736|263|10,900,30,4,0,104,,191,-857,262,277,-71,353,262,165
EDKO|||Brilon-Hochsauerland~9|14028|86430|460|07,750,15,1,0,,,,,449,,,,460
EDKP|||Plettenberg-Hüinghausen~9|11919|77910|299|10,430,30,4,0
EDKR|||Schmallenberg-Rennefeld~9|11615|82607|466|09,900,30,4,0,93,,,,466,255,,,466,30
EDKU|||Attendorn-Finnentrop~9|11458|79367|317|03,560,30,4,0,32,,,,,113,,,,110
EDKV|1||Dahlemer Binz~9|4061|65303|578|06,1070,30,1,1,58.6,,-270,-863,578,270,230,420,578,40
EDKW|||Werdohl-Küntrop~9|12972|78183|316|07,810,,0,0,,,,,316,,,,291
EDKZ|||Meinerzhagen~9|10994|75969|472|07,1170,20,1,0,73,,-60,-173,472,,250,1385,472,350
EDLA|||Arnsberg-Menden~9|14839|78983|242|05,1055,20,1,1,50,,-280,-328,242,,250,689,232
EDLB|||Borkenberge~9|17800|72881|48|07,875,15,1,0,72,,,,,154,,,,256
EDLC|||Kamp-Lintfort~9|15292|65361|26|07,600,30,4,0,,,,,23,,,,20
EDLD|1||Dinslaken-Schwarze Heide~9|16160|68613|66|08,1500,30,2,1,84,,,,65,,,,65
EDLE|1|ESS|Essen-Mülheim~1|14023|69373|129|06,1553,45,1,1,66,,-210,-786,118,,350,1257,129,353
EDLF|||Grefrath-Niershorst~9|13339|63594|32|07,675,40,4,0,,,-90,-322,32,,125,424,32
EDLH|||Hamm-Lippewiesen~9|16897|78161|58|06,900,,2,0,,,,,58,,,,58
EDLK|1||Krefeld-Egelsberg~9|13850|65878|43|06,640,30,4,0,,,,,43,,,,43
EDLM|||Marl-Loemühle~9|16472|71633|73|07,830,,1,0,,,,,72,,,,71
EDLO|||Oerlinghausen~9|19322|86617|170|04G/22G,1152,90,4,0,,,-463,-153,,,354,881;04,594,20,1,0,,,-175,-223,159,122,244,314,172,74
EDLR|||Paderborn-Haxterberg~9|16883|87753|244|06,1190,,0,0,,,-116,-360,244,,110,313,244
EDLS|1||Stadtlohn-Vreden~9|19958|68406|48|11,1240,30,1,1,108,,140,-701,48,,-130,659,48,87
EDLT|||Münster-Telgte~9|19447|77736|54|10,850,20,1,0,,,,,54,,,,55
EDLU|1||Oelde Bergeler~9|18306|81747|82
EDLZ|||Soest-Bad Sassendorf~9|15781|82147|120|07,820,,0,0,,,,,120,,,,120
EDRK|1||Koblenz-Winningen~9|3256|75286|195|06,1175,20,1,1,58,,-320,-777,195,180,230,629,195
EDVH|||Hodenhagen~9|27619|96106|24|03,900,40,4,0,,,,,24,250,,,24,100
EDVI|||Höxter-Holzminden~9|18067|93783|285|13,814,20,1,0,133,,,,285,,,,285
EDVM|1||Hildesheim~9|21798|99458|89|07,1220,23,1,0,73,,-160,-865,89,220,170,838,89,60
EDVR|1||Rinteln~9|21753|90533|55|11,606,10,3,0,111.3
EDVY|1||Porta Westfalica~9|22214|88598|45|05,860,,2,1,,,,,45,,,,45
EDWC|||Damme~9|24876|81852|46|10,700,20,1,1
EDWE|1|EME|Emden~1|33911|72275|1|07,1300,30,1,1,73,,-118,-735,1,200,148,701,1,100
EDWF|||Flugplatz Leer-Papenburg|32719|74417|1|08,1200,20,1,1,79,,-130,-819,1,,70,939,1
EDWG|1|AGE|Wangerooge~1|37825|79196|2|09,850,20,1,0,92,,,,2,,,,2;01,500,30,4,0,12
EDWH|||Oldenburg-Hatten~9|30689|83136|8|06,778,,4,0,,,-148,-452,8,116,85,249,8,158
EDWI|1|WVN|JadeWeser~1|35022|80522|6|02,1459,30,1,1,18,,-460,-329,5,226,770,423,5,252;16,615,15,1,1,157,,530,-95,,,10,199,,30
EDWJ|1|JUI|Juist~1|36814|70564|2|07,700,20,3,0,73,,,,2,,,,2;06,500,30,4,2,,,,,2,,,,2;12,475,30,4,0,116,,,,2,,,,2;07G/25G,428,30,4,0,73,,,,2,,,,2
EDWL|1|LGO|Langeoog~1|37424|74963|2|05,600,15,2,0,51,,,,2,,,,2
EDWM|||Weser-Wümme~9|30539|92086|18|18,850,,0,0,,,,,18,,,,18
EDWN|1||Nordhorn-Lingen~9|24575|71822|27|05,900,20,1,1,53,,,,26,680,,,26
EDWO|1||Atterheide~9|22864|79697|87|09,800,,0,0,,,,,87,,,,87
EDWQ|||Ganderkesee Atlas~9|30361|85056|29|08,836,22,3,1,,,,,28,,,,29
EDWR|1|BMK|Borkum~1|35964|67092|1|13,1000,20,1,1,128,,-130,76,1,,-730,1206,1;12,870,40,4,0,118,,-110,-701,1,170,-520,418,1;05,810,40,4,0,45,,-370,-541,1,,110,376,1
EDWS|1|NOD|Norden-Norddeich~1|36331|71903|1|16,720,20,1,0,158
EDWU|1|VAC|Varrelbusch~9|29083|80406|39|09,930,32,4,0,87,,,,39,,,,39
EDWV|1||Verden-Scharnhorst~9|29653|92828|44|12,510,30,0,0,119,298,,,44,,,,44
EDWX|||Westerstede-Felde~9|32886|79306|9|06R,570,15,1,0
EDWY|1|NRD|Norderney~1|37069|72300|2|08,1000,20,1,1,81,,-40,-728,2,,30,777,2
EDWZ|1|BMR|Baltrum~1|37249|73733|2|09,360,15,2,0,92
EDXA|1||Flugplatz Achmer|23772|79133|54|07,940,,0,0,,,,,54,,,,54
EDXB|1|HEI|Heide-Büsum~1|41533|89017|2|11,720,23,1,0
EDXC|1||Schleswig-Kropp~9|44255|95419|16|08,880,,4,0,,,,,16,,,,16
EDXD|1||Bohmte-Bad Essen~9|23514|83283|45
EDXE|1||Rheine-Eschendorf~9|22764|74928|40|10,638,,0,0,104,,,,40,,,,40
EDXF|1|FLF|Flensburg-Schäferhaus~1|47733|93789|40|11,1220,30,1,1,108,,-50,-1097,40,,-390,703,40,180;11L,1200,60,4,0,113,,220,-803,,300,-200,917,,300;04,700,45,4,0,43,,-270,-669,,85,180,42
EDXG|||Melle-Grönegau~9|22008|83806|72|09,768,,0,0,,,,,72,,,,72
EDXH|1|HGL|Helgoland-Düne~1|41853|79158|2|15,480,30,2,0,147;03,371,20,2,0,27;06,258,12,2,0,57
EDXI|||Nienburg-Holzbalge~9|27097|91625|25|08,850,,0,0,,,,,25,,,,25
EDXJ|1|QHU|Husum-Schwesing~1|45100|91383|19|03,1450,30,1,1,34.4,,-540,-633,19,155,530,631,19,155
EDXK|1||Leck~9|47909|89634|7|12,820,30,4,0,117,,,,7,,,,7
EDXL|||Barßel~9|31644|77939|3|12,770,,0,0,,,,,3,,,,3
EDXM|||Sankt Michaelisdonn~9|39783|91452|38|07,700,18,9,0,74
EDXN|||Nordholz-Spieka~9|37672|86436|22|08,875,,0,0,,,,,22,,,,22
EDXO|1|PSH|Sankt Peter-Ording~1|43089|86869|2|07,670,30,1,1,68,,,,2,,,,2
EDXP|1||Harle~9|37067|78203|2|08,510,20,1,0,81
EDXQ|1||Rotenburg (Wümme)~9|31283|93486|30|08,806,,0,0,,,,,30,,,,30
EDXR|1||Rendsburg-Schachtholm~9|42200|95994|7|03,960,30,1,1,35,,-260,-278,7,,450,556,7;12,600,30,4,0,119,,-50,-115,,90,-310,693
EDXS|1||Seedorf~9|33356|92594|22|06,450,30,0,0
EDXU|1||Hüttenbusch~9|32867|89472|3
EDXY|1|OHR|Wyk auf Föhr~1|46844|85283|8|02,660,40,4,0,,,,,8,110,,,8,130;10,605,40,4,0,,,,,8,500,,,8,480
EDXZ|1||Kührstedt-Bederkesa~9|35681|87894|8|12,580,30,4,0,,,,,,184,,,,170
ETHE|1||Rheine-Bentlage~9|22912|73870|39|08,510,30,1,1,84,,-40,-367,39,,10,367,38
ETHM|||Mendig~9|3660|73153|182|08,1628,36,1,1,76,,-180,-1097,180,,180,1109,164
ETWM|1||Meppen~d|27232|73263||06,600,60,4,0,56,,,,,,,,,72
#DK|H
EKAF|1||A6A Helideck|57905|39925
EKAN|1||Syd Arne Nord Helideck|60958|42192
EKAR|1||South (Syd) Arne Helideck|60803|42304
EKHL|1||Holsted Helipad|54967|89108|43|H1,12,12,2,1
EKHN|1||Horns Rev B Helideck|56002|76238
EKHR|1||Horns Rev A Helideck|55089|78749
#DK|L
EKBI|1|BLL|Billund~1|57403|91570|75|09,3100,45,1,1,87,,-60,-2456,66,150,90,2477,74,150
EKYT|1|AAL|Aalborg~1|70948|98499|3|08L,2654,45,1,1,83.3,,-110,-1652,2,,170,2697,3;08R,2549,23,1,1,83.3,,-290,-1443,2,,-20,2734,3
#DK|M
EKEB|1|EBJ|Esbjerg~1|55259|85534|30|08,2599,45,1,1,79,,-210,-1991,24,,220,2055,30
EKKA|1|KRP|Midtjyllands Airport / Air Base Karup|62971|91043|52|09L,2992,23,1,1,89,,200,-2668,47,,230,2165,52;09R,2928,46,1,1,89.4,,0,-2697,47,,40,2033,52;03,859,15,1,1,34.1,,123,126,50,,762,903,51;09,850,60,4,0,90,,-164,83,52,,-149,1462,52;14,700,18,1,1,134,,570,848,50,,120,1653,51
EKSB|1|SGD|Sønderborg~1|49644|97917|7|14,1797,30,1,1,139.4,,460,-681,4,,-770,1146,6
EKSP|1|SKS|Skrydstrup~d|52210|92670|43|10L,3006,46,1,1,105,,360,-2306,38,,-360,2248,43;10R,2972,24,1,1,105,,170,-2369,38,,-540,2132,42
EKSV|1|SQW|Skive~1|65502|91730|23|14,1199,30,1,1,139,,410,-635,21,,-410,632,22
EKTS|1|TED|Thisted~1|70688|87052|7|10,1600,45,1,1,100.1,,130,-1296,6,,-130,1301,7
EKVD|||Kolding Vamdrup~9|54363|93309|44|01,1006,23,1,1,18,,-520,-285,39,,320,181,44;07,704,23,4,0,77,,-70,-541,43,,70,542,43
EKVJ|1|STA|Stauning Vestjylland~1|59901|83539|5|09,1450,30,1,1,92.4,,30,-1160,5,,-30,1161,4
#DK|S
EKBH|EKAB||Arnborg Gliding Center|60111|90160|44
EKCR|||Christianshede~9|61044|93925|998|12,1000,149,4,0
EKHG|||Herning~9|61847|90445|51|09,1199,30,1,0,,,38,-1331,51,,-11,597,51;09GL/27GL,870,30,4,0,,,152,-998,51,,125,401,51;15,667,30,4,0,,,315,-290,51,125,-239,221,51,125
EKHM|1||Hammer Glider~a|59082|94464|88|10,1100,100,0,0
EKHO|||Lindtorp~9|63969|84441|15|07,1199,27,1,0,73,,-150,-953,,,150,913
EKHV|||Haderslev~9|53018|95245|25|10,1120,23,1,0,97,,100,-894,25,,-40,883,18
EKPB|||Kruså-Padborg~9|48703|92790|27|04,1074,30,1,1,46,,-340,-596,27,56,340,600,27
EKTD|||Tønder~9|49297|88406|0|12,875,,0,0,,,,,2,,,,2
EKVH|||Vesthimmerland~9|68466|94606|36|11,1212,23,1,1,107.1,,190,-1134,34,150,-130,736,31,150;17,550,30,6,0,174.5,,-50,23,,,-520,107
#FR|L
LFQQ|1|LIL|Lille~1|5666|31024|48|08,2825,45,1,1,78,,-370,-1939,48,,190,1983,40,280;01,1580,30,1,1,15,,-650,-1694,45,,720,-1126,47
#FR|M
LFAC|1|CQF|Calais Marck~1|9621|19548|4|06,1535,45,1,1,61,,-330,-959,3,,330,951,3;H,13,13,1,0,,,-402,-247,3
LFAT|1|LTQ|Le Touquet-Côte d'Opale~1|5183|16217|11|13,1850,40,1,1,133,,570,-923,6,,-580,969,5,150
LFAV|1||Valenciennes-Denain~9|3278|34611|50|11,1708,45,1,1,110,,74,-1105,50,173,-473,1140,50,117;06,625,50,4,0,,,-16,-551,51,,252,218,51;11L,620,50,4,0,,,-10,-351,51,,-206,461,51
LFOI|1||Abbeville-Buigny Baie de Somme~9|1435|18319|67|02,1250,23,2,0,22,,-520,-325,67,,520,323,63;02L,899,101,4,0,24,,,,65,,,,66;13,573,79,4,0,134,,,,64,,,,65
LFQT|1|HZB|Merville-Calonne~1|6184|26422|19|04,1840,30,1,1,37,,-660,-786,19,60,650,795,18
#FR|S
FR-0507|||Boulogne-sur-Mer - Alprech~e|6951|15687|57|10,550,25,4,0
LFAE|1||Eu Mers-Le Tréport~9|682|14247|100|05,900,18,3,0,,,,,90,,,,100
LFAK|1||Dunkerque-Les Moëres~9|10396|25491|-1
LFAM|1||Berck-sur-Mer~9|4231|15919|9|06,914,46,4,0,57,,,,9,,,,9,46
LFIS|||Saint-Inglevert~e|8826|17358|135|03,603,40,3,0,29
LFQJ|||Maubeuge-Élesmes~9|3105|40331|138|05R,1300,30,1,0,48,,-410,-652,136,,370,707,134;05L,800,80,4,0
LFQN|||Saint-Omer Wizernes~9|7275|22326|76|03,640,50,4,0,,,,,71,,,,73;09,597,20,3,0,,,,,76,,,,73
LFQO|||Marcq-en-Baroeul~9|6872|30756|21|17L,850,80,4,0,,,,,20,,,,19;17R,850,50,4,0;07L,838,80,4,0,,,,,20,,,,21;07R,838,50,4,0
LFQS|||Vitry-en-Artois~9|3379|29907|53|12,900,100,0,0,,,,,51,,,,49
LFYG|||Cambrai Niergnies~9|1405|32632|95|08L,900,18,1,0,,,,,95,,,,95;08R,800,100,4,0
#GB|H
EGSD|1||Great Yarmouth - North Denes~2|26356|17230|2|10H/28H,480,32,4,2,95,,,,2,,,,2;18H/36H,360,30,4,2,175,,,,2,,,,2
#GB|L
EGSS|1|STN|London Stansted~1|18850|2350|106|04,3049,46,1,1,44,,-992,-1507,99,295,1017,1505,106
#GB|M
EGKB|1|BQH|London Biggin Hill~1|13308|325|182|03,1806,45,1,1,25,,-720,-544,176,241,750,555,158;11,792,18,1,2,105,,-730,-467,179,,-920,628,182
EGLC|1|LCY|London City~1|15053|553|6|09,1508,30,2,1,93,,28,-1097,5,,-41,1073,6
EGMC|1|SEN|London Southend~1|15706|6936|15|05,1856,36,1,1,54,,-340,-733,15,174,500,1140,11,146
EGMD|1|LYX|Lydd London Ashford~1|9562|9391|4|03,1505,32,1,1,33,,-570,-574,3,,540,557,4,35;14,690,35,1,2,138,,190,-577,3,,-260,62,3
EGSC|1|CBG|Cambridge City~1|22050|1750|14|05,1964,45,1,1,50,,-570,-1094,11,230,570,1101,14,145;05G/23G,899,35,4,2,52,,-190,61,11,,330,1067,11;10,699,35,4,2,102,,-220,-260,9,,-280,375,11
EGSH|1|NWI|Norwich~1|26758|12828|36|09,1842,45,3,1,90,,0,-1375,36,,20,1347,32;04,1266,45,1,2,37,,-150,-72,33,,760,1041,31
EGUL|1|LKZ|RAF Lakenheath|24095|5612|10|05,2743,46,1,1,56,,-700,-1682,8,,690,1645,9
EGUN|1|MHZ|RAF Mildenhall|23619|4864|10|10,2808,61,1,1,103,,240,-1840,8,,-320,2177,10
EGUW|||Wattisham~9|21275|9562|87|05,2424,46,1,1,48,,-690,-1240,86,140,680,1233,85
EGXH|1|BEQ|RAF Honington|23426|7729|53|09,2747,61,1,1,81,,-160,-1979,50,,210,2001,48
EGYM|1|KNF|RAF Marham|26484|5507|23|05,2783,45,1,1,55,,-720,-1716,17,,690,1670,17;01,1864,45,2,1,9,,-920,503,16,,650,898,23
#GB|S
EGCG|1||Strubby~9|33110|1730|14|08,821,,1,0
EGKH|||Headcorn~e|11569|6417|22|10,1250,30,4,0,107,,,,20,,,,21
EGKL|||Deanland Lewes~9|8811|1543|21|06,457,27,4,0
EGMA|1||Fowlmere~9|20775|617|38|07,704,30,4,0,65,,-163,-571,38,,104,360,38
EGMF|1||Farthing Corner / Stoneacre Farm~9|13328|6011|128|06,380,20,4,0
EGML|1||Damyns Hall~e|15276|2442|18
EGMT|1||Thurrock~9|15375|3676|6|07L,805,,4,0
EGNI|||Skegness (Ingoldmells)~e|31716|3294|2|03,799,23,0,0;11,650,23,0,0
EGSA|1||Shipdham~9|26294|9281|64|02,862,18,0,0,22,,,,66,,,,61
EGSG|1||Stapleford~e|16525|1558|56|03R,1059,46,1,1,37,,-398,-425,56,,381,460,35,177;03L,1001,46,4,0,37,,-378,-468,56,,359,366,35,91;10,656,46,4,0,100,,364,-463,27,,269,559,35,216
EGSI|1||Marshland~9|26436|2950|-2|03,800,21,4,0
EGSJ|1||Seething~9|25110|14169|40|06,800,18,0,0,61,,,,40,,,,40
EGSL|1||Andrewsfield~e|18950|4492|87|09L,799,,4,1,87,,,,84,79,,,85;09R,799,,4,1,87,,,,84,79,,,85
EGSM|1||Beccles~9|24353|16183|24|09,966,18,4,0,93,,,,24,28,,,24
EGSO|1||Crowfield~9|21730|11106|61|13,768,27,4,2,130,,,,61,24,,,61,124
EGSQ|1||Clacton~9|17850|11300|11|18,598,18,4,0,181,,,,11,94,,,8,56
EGSR|1||Earls Colne~9|19144|6825|69|06L,939,30,4,1,61,,,,69,89,,,68,62;06R,778,10,1,0,61,,,,69,,,,68
EGST|1||Elmsett~9|20755|9777|75|05,890,26,4,1,49,,,,58,,,,74,103
EGSU|1||Duxford~e|20908|1319|38|06,1448,45,1,0,60,,-390,-829,38,,280,1032,32,138;06L,880,25,4,0,59,,-140,-662,35,,280,449,32
EGSV|1||Old Buckenham~9|24975|10519|59|07,798,18,1,0,65,,,,47,,,,57;02,428,18,4,0,20,,,,54,,,,55,58;07L,407,23,4,0,64,,,,54,,,,59,62
EGSW|1||Newmarket Heath~9|22351|3506|30
EGSX|1||North Weald~9|17217|1542|98|02,1930,45,1,0,18,,-781,-336,98,330,836,395,98,155;13,916,45,1,2,128,328,41,-945,79,,-340,56,82
EGTO|1|RCS|Rochester~1|13519|5033|133|16,963,35,4,2,161,,,,117,,,,127;02L,827,32,4,0,23,,,,126,,,,118;02R,690,21,4,3,23
GB-0047|||Northrepps~e|28938|13211|55|04,615,25,4,0;15,385,20,4,0
GB-0065|||Audley End~9|20070|2241|86|18,700,30,4,0
GB-0071|||High Easter~9|18062|3411|70|08,450,21,4,0
GB-0078|||Great Massingham~9|27818|6796|84|04,900,20,2,0,40,,,,90,,,,90;10,450,20,2,0,100,,,,90,,,,90;14,400,20,2,0,140,,,,90,,,,90
GB-0198|||Priory Farm~6|24525|11309|57|01,620,30,4,0
GB-0223|||Pent Farm~6|11091|10531|92|06,1000,,4,0
GB-0233|||Old Hay~9|11788|4256|16|10,980,15,4,0,100,,,,17,,,,17
GB-0242|||Nuthampstead~6|19953|701|142|05,720,,0,0
GB-0249|||Monewden~6|21681|12603||04,800,20,4,0,40,,,,55,,,,55;13,379,20,4,0,130,,,,55,,,,55
GB-0303|||Croft~6|31231|2523|4|06,478,20,4,0,60,,,,3,,,,3
GB-0316|||Napps Field~6|16563|4207|61|08,600,,0,0
GB-0420|||Tibenham~9|24559|11561|57|03,1600,46,1,0;15,1250,46,1,0;08,700,46,1,0
GB-0425|||Burnham~6|29380|7726|38|09,560,,4,0,90,,0,-446,30,,0,374,43
GB-0449|||Swanborough Farm~6|8537|20|8|06,650,25,4,0
GB-0562|||Stow Maries Great War~e|16695|6327||02,640,60,4,0,20,,,,56,,,,56;15,550,40,4,0,150,,,,56,,,,56
GB-0815|||Kittyhawk~e|8693|1166||16L,845,17,4,0;16R,568,18,4,0;10,510,15,4,0
GB-0859|||Hinderclay Meadows~9|23445|9759|24|04,800,30,4,0
GB-1057|||Green Lane Farm~6|27121|12476|35|11,670,,0,0
GB-1279|||North Coates~9|34978|620|2|05,760,18,0,0
#NL|H
EHDV|1||D15-FA-1~2|43247|29342
EHTS|1||Terschelling~2|33841|52781
NL-0148|EHMC||Air Operations Control Station Nieuw Milligen~2|22367|57492|52
#NL|L
EHAM|1|AMS|Amsterdam Airport Schiphol|23086|47639|-3|18R,3800,60,1,1,183,,5410,-5197,-4,270,2000,-5506,-4;09,3453,45,1,1,87,,800,-1755,-4,90,980,3299,-4;06,3439,45,1,1,58,,-2070,-2988,-3,250,-400,1362,-4;18L,3400,45,1,1,183,,1270,1606,-4,575,-1780,1345,-3;18C,3300,45,1,1,183,,2280,-2387,-4,,-680,-2640,-4,450;04,2020,45,1,1,41,,-820,1958,-4,,540,3912,-4
EHBK|1|MST|Maastricht Aachen~1|9111|57694|114|03,2750,45,1,1,30,205,-930,-935,111,250,970,983,113,250
EHEH|1|EIN|Eindhoven~1|14501|53745|23|03,3000,45,1,1,31,213,-1100,-1237,22,250,1110,1239,20,250
EHGG|1|GRQ|Groningen Airport Eelde|31191|65777|5|05,2500,45,1,1,52,,-802,-1680,4,,585,1257,4;01,1500,45,1,3,9,,-170,-84,5,,1160,257,4
EHRD|1|RTM|Rotterdam The Hague~1|19569|44372|-5|06,2200,45,1,1,56,235,-480,-896,-5,200,590,1788,-5,200
#NL|M
EHBD|1||Kempen Airport Budel|12553|56014|35|03,1199,23,1,1,30,,-380,-375,35,50,560,485,34,135;03G/21G,600,30,4,0,27,208
EHDL|1||Deelen~d|20606|58731|48|01,1046,50,1,1,18,,290,73,46,273,1175,504,48,274
EHGR|1|GLZ|Gilze Rijen~d|15674|49318|15|10,2768,45,1,1,98,279,210,-1982,13,130,-220,1965,12,101;02,1996,30,1,1,16,197,-1200,144,15,58,540,1029,12,59
EHKD|1|DHR|De Kooy Airfield / Den Helder Naval Air Station|29234|47806|1|03,1275,30,2,1,30,212,-470,-526,1,245,480,532,1,245
EHLE|1|LEY|Lelystad~1|24532|55146|-4|05,2700,45,1,1,46,225,-838,-1506,-4,,801,1427,-4;05L,1370,30,4,2,48
EHLW|1|LWR|Leeuwarden~d|32286|57606|1|05,2452,50,1,1,53,,-940,-2277,1,258,270,673,1,321;09,2000,50,1,1,88,,10,-2093,1,59,-10,907,1
EHTW|1|ENS|Twente~1|22758|68892|35|05,2987,45,1,1,56,,-760,-1797,30,285,770,1791,35,296;11,1999,25,1,2,112,,-420,-1873,30,241,-1070,844,35,121
EHVK|1|UDE|Volkel~d|16572|57078|22|06R,3027,23,1,1,55,236,-880,-1691,22,136,560,2016,20,136;06L,3024,46,1,1,56,235,-720,-1853,22,135,720,1857,20,135
EHWO|1|WOE|Woensdrecht~d|14491|43420|19|07R,2443,45,1,1,67,248,-390,-1633,12,,370,1650,19;07L,2180,23,0,0,69,,-135,-1384,15,,556,1551,18
#NL|S
EHAL|1||Ameland Airport Ballum|34536|56784|3|08,860,30,4,0,87,,-17,-647,3,,17,639,3
EHDR|1||Drachten~9|31179|61273|4|07,730,24,2,0,74,255,10,-440,4,,240,924,4,120
EHHO|||Hoogeveen~9|27308|65161|12|09,1190,24,4,0,92,,,,12,,,,12
EHHV|||Hilversum~9|21919|51469|1|18,700,25,4,0,177,358,284,128,1,,-345,146,1;12,660,25,4,0,120,301,-34,-580,1,,-356,230,1;07,600,25,4,0,63,244,-93,-536,1,,109,279,1
EHMZ|||Midden-Zeeland~9|15122|37311|2|09,1000,30,4,0,87,,-20780,-29590,2,,,,2
EHOW|||Oostwold~9|32088|70331|0|06,800,20,1,0,64,245,-144,-529,0,,156,568
EHSE|1||Breda~3|15549|45530|9|06,830,23,1,0,63,245,-140,-506,9,,158,590,9
EHST|||Stadskanaal~9|29986|70228|4|06,500,30,4,0,58
EHTE|1||Teuge~1|22428|60500|5|08,1199,27,1,1,84,,-35,-837,5,,44,915,5;08G/26G,974,100,4,0,,,104,-741,5,,143,668,5
EHTL|||Terlet Glidersite|20572|59244|84|14L,1372,277,4,0,138,320;14R,1372,277,4,0,139,320;04C,1250,213,4,0,40,219;04R,1250,213,4,0,39;04L,1219,152,4,0,40;12,1097,171,4,0,119,300
EHTX|1||Texel~3|31150|48306|1|03,1109,40,4,0,34;12,622,40,4,0,124
NL-0023|||Malden Glider~9|17853|58810|27|13,1250,,0,0;03,950,,0,0
NL-0024|EHMM||Middenmeer~9|28149|50212|-4|05,600,30,4,0,54
NL-0035|||Schinveld Glidersite|9808|59986|55|07/28,1182,66,4,0,76,284
NL-0037|||Venlo Glidersite|13631|62161|44|08,1084,80,4,0,85;7/29,1000,80,4,0,71,290
NL-0076|||Salland Glider~a|24683|63333|3|09,1189,91,4,0,91,,,,3,,,,3
#NO|H
ENAR|1||Arendal~c|84675|87540|38
ENBE|1||Balder A FPU|91906|23581
#NO|L
ENCN|1|KRS|Kristiansand~1|82042|80854|17|03,2035,45,1,1,35,,-750,-999,12,120,750,987,16,190
ENZV|1|SVG|Stavanger Airport, Sola|88767|56378|9|18,2856,60,1,1,179.1,,1830,-51,3,150,-730,25,9,150;10,2449,45,1,1,106,,510,-3301,2,100,-110,779,8,153
#NO|M
ENHD|1|HAU|Haugesund Airport, Karmøy|93453|52084|26|13,2120,45,1,1,134,,540,-1086,19,60,-790,1580,26,60
ENNO|1|NTB|Notodden~1|95651|92132|19|12,1751,45,1,1,127,,440,-1114,19,632,-320,853,18
ENSN|1||Skien~1|91850|95669|141|01,1401,32,1,1,9,,-620,-166,130,58,620,201,141,58
ENSO|1|SRP|Stord Airport, Sørstokken|97919|53409|49|14,1200,30,1,1,144.8,,440,-621,47,,-440,611,46
#NO|S
ENFY|||Fyresdal~9|92028|80876|301|01,800,22,1,0
ENGK|||Arendal Airfield, Gullknapp|85167|87000|119|05,1120,30,1,0
ENHL|||Jæren Mikroflyklubb~a|86842|55843|9|16,480,20,4,0
ENHS|||Hokksund~9|97599|99195|9|10,630,30,4,0
ENLI|||Lista~1|80995|66261|9|14,2990,45,2,1,131,,900,-1918,5,273,-860,1902,8,273
ENLU|||Lunde Nome~9|92980|91320|58|11,700,25,4,0
ENVE|||Valle Airfield Åraksøyne|90317|75549|235|1,800,20,1,0
NO-0026|||Evje~9|86047|78125|183|11,485,10,4,0
