#RU|L
UIAA|1|HTA|Chita-Kadala~3|20248|33058|693|11,2874,56,2,1,100.5,,390,-2080,693,,-90,2020,671,73;11L,1800,75,4,0,101,,550,-1980,,,240,520
#RU|M
RU-0023|||Chindant~d|3968|63461|671|08,2500,44,2,1
RU-4827|||Cheryomushki~d|20730|34333|677|11,2700,40,2,1
RU-7576|||Step~d|10201|54310|625|09,3000,48,2,1
UIAE|||Krasnokamensk~1|331|80611|652|15,2500,40,2,1
#RU|S
RU-0056||TKM|Taksimo~1|63617|49300|498
RU-0137|||Gazimurskiy Zavod~1|15470|83700|616|10,1100,30,2,1
RU-4111|||Domna~d|19165|31214|695|12/33,2500,42,2,1
UECT|1|TLK|Talakan~1|98764|10444|405|01,3100,42,2,0
UIAR||CZR|Chara~1|69144|82701|671|06,1800,50,2,1
UIKB|1|ODO|Bodaybo~1|78661|42430|280|06,1657,,6,1
