#US|M
5A8||WKK|Aleknagik / New~1|92826|13820|20|15,619,18,5,0
PADL|1|DLG|Dillingham~1|90447|14950|25|01,1951,46,1,1,26.5,,-790,-800,21,,780,700,18
PADQ|1|ADQ|Kodiak~1|77500|75060|24|08,2296,46,1,1,92,,220,-2500,21,344,150,1400,5;11,1646,46,1,1,127,,490,-800,10,134,-400,1400,8;01,1527,46,1,1,22,,-970,100,11,,290,1100,7
PAHO|1|HOM|Homer~1|96445|85208|26|04,2042,46,1,1,55,,-420,-1180,20,,630,1719,21
PAII|1|EGX|Egegik~1|81844|26251|28|12,1707,30,5,1,140,,690,-1110,25,,-480,790,28;03,457,23,5,1,49.7,,-10,-10,24,,250,590,24
PAIL|1|ILI|Iliamna~1|97544|50890|59|08,1550,30,1,1,92,,-250,-1300,57,,-310,1400,51;18,1463,30,1,1,189,,820,100,54,,-470,-300,52;E/W,914,122,12,0,277,,590,-2600,52,,480,-1001,52;N/S,881,122,12,0,198,,-80,-2101,52,,670,-1600,52
PAKN|1|AKN|King Salmon~1|86778|33480|22|12,2713,46,1,0,132,,610,-1299,18,,-1010,2200,22;18,1224,30,1,1,196.3,,550,300,15,,-510,-300,13;NW/SE,1219,152,12,0
PAPH|1|PTH|Port Heiden~1|69579|13698|29|05,1524,30,5,1,70,,-100,-380,27,,360,1921,29;13,1219,30,5,1,147,,570,-2179,23,,-350,-1180,25
#US|S
00AK|||Lowell~a|99477|83075|137|N/S,762,12,5,0
00AN|||Katmai Lodge~1|90933|35433|24|3,1377,18,5,0
02AN|||Emerald Ridge~1|97042|87041|68|2,549,30,4,0
0AK7|||Bradley Lake Hydroelectric Project~6|97760|90367|5|06,732,23,5,1
4AK7|||Aleknagik Mission Lodge~1|92800|14029|46|09,457,11,5,0;03,427,8,5,0
4AK9|||Tibbetts~1|87329|29840|15|16,518,18,5,0
4K0||PDB|Pedro Bay~1|97969|58700|14|09,915,18,5,1
4K5||KOZ|Ouzinkie~1|79421|75357|17|08,1006,24,5,1,101,,,,29,,,,29
5AN5|||Chinitna West Glacier~1|98572|68440|4|18,549,15,5,0
5NK||NNK|Naknek~1|87356|29778|21|08W/26W,610,91,12,0;08,594,15,5,1;14,564,14,5,1
98AK|||Eastland~1|97762|88121|363|09,610,37,5,0
9A8||UGS|Ugashik~1|75235|26037|8|06,945,18,5,0
9Z8||KLL|Levelock~1|91261|31391|12|01,1001,18,5,1,,309
A79||KCQ|Chignik Lake~1|62550|12250|15|08,853,18,5,0
AK00|||Anchor River~j|97831|81468|37|16,762,23,5,0
AK17|||Glacierview Strip|97636|87770|488|01,474,23,4,0
AK60|||Fort Jensen~1|78847|29050|73|06,1433,38,5,0
KCL||KCL|Chignik Lagoon~1|63108|14652|8|04,671,27,5,0
KEB||KEB|Nanwalek~1|93521|80750|8|01,564,15,5,0
KEK||KEK|Ekwok~1|93568|25290|41|02,1006,23,5,0,,,-350,-601,40,,360,500,40
KKU||KKU|Ekuk~1|88112|14410|9|01,366,12,5,0
OLH||OLH|Old Harbor~1|72181|67300|17|03,838,18,5,0
ORI||ORI|Port Lions~1|78849|71523|16|07,671,23,5,0
PABM|1|BMX|Big Mountain~1|93623|47399|202|07,1280,44,5,0,91,,-60,-791,,,-70,1410
PAIG|1|IGG|Igiugig~1|93240|40980|27|05,914,23,5,0,72,,-120,-700,27,,130,800,22
PAJC|1|KCG|Chignik~1|63115|16270|5|02,792,18,5,0,,,-300,-400,5,,290,300,4
PAJZ|1|KGK|Koliganek~1|97266|27410|82|09,1006,23,5,0,106,,120,-800,72,,-110,700,82
PAKD|1|KDK|Kodiak~5|78062|76263|42|02,754,12,1,0
PAKH|1|AKK|Akhiok~1|69387|58170|13|04,951,15,5,0,62,,-210,-700,13,,190,701,12
PAKL|1|LKK|Kulik Lake~1|89821|48790|219|18W/36W,1524,1524,12,0;07,1341,34,5,0
PAKY|1|KYK|Karluk~1|75659|55462|42|10,610,18,5,0
PALB|1|KLN|Larsen Bay~1|75352|60235|27|04,820,23,5,0,,,-220,-549,27,,190,551,22
PAMB|1|KMO|Manokotak~1|89321|10981|33|03,1006,23,5,0,40,,-350,-610,23,,340,590,30
PANO|1|NNL|Nondalton~1|99802|51610|96|02,853,23,5,0,38,,-300,-499,93,,310,399,96
PANW|1|KNW|New Stuyahok~1|94518|26262|111|14,1000,23,5,0,153,,370,-320,111,,-430,480,98
PAOC|1|PCA|Portage Creek~1|89065|22860|42|09,585,18,5,0;01,448,18,5,0
PAPE|1|KPV|Perryville~1|59065|8391|9|02,1006,23,5,0,35,,-350,-409,7,,390,489,8
PAPN|1|PIP|Pilot Point~1|75804|24280|17|07,1000,23,5,0,90,,0,-800,11,,0,800,17
PASO|1|SOV|Seldovia~1|94430|82948|9|16,562,24,5,0
PFCL|1|CLP|Clarks Point~1|88337|14710|24|18,975,18,5,0,,,410,201,19,,-420,-300,24
PFKK|1|KNK|Kokhanok~1|94332|51978|35|07,1006,23,5,1,81,,-60,-880,33,,80,819,34
PFWS|1|WSN|South Naknek Number 2~1|87024|29946|49|12,1010,18,5,0,,,170,-260,48,,-510,940,48;04,690,18,5,0,,,20,-360,49,,320,740,39
PGM||PGM|Port Graham~1|93484|81700|28|12,602,14,5,0
UGB||UGB|Ugashik Bay~1|74241|22552|40|12,1609,38,5,0
US-1262|||Flying C~1|86463|34222|27|12W/30W,1219,61,12,0,149,,720,-1020,,,-220,80,0;1W/19W,1219,61,12,0,355,,-1202,207,0,,-110,2029,0;8W/26W,914,30,12,0,,,,,0,,,,0;7,475,15,5,0;16,427,15,5,0
US-6928|||Golden Eagle~j|97668|82276|59|14,483,18,5,0
US-6929|||Kachemak Landing|96720|83416|227|8,975,18,5,0
#US|W
0Z3|||Shannons Pond~7|90499|14183|24|NE/SW,427,30,12,0
3Z8||GDH|Golden Horn Lodge~7|97470|11250|28|NW/SE,1524,457,12,0,,,,,28,,,,28
5BL|||Homer-Beluga Lake~7|96447|84980|8|NE/SW,914,183,12,0
5Z9||BKF|Lake Brooks~7|85548|42230|11|ALL/WAY,1524,1219,12,0,,,,,11,,,,11
9Z3|||Kodiak /Lilly Lake/~7|78026|76170|40|NE/SW,640,76,12,0,,269,,,40,,,,40
A27|||Seldovia~7|94393|82792||E/W,610,305,12,0
AK56||KTH|Tikchik Lodge~7|99632|15230|93|NE/SW,610,610,12,0,,270.1,,,93,,,,93
AK81||AOS|Amook Bay~7|74715|61850||N/S,2438,213,12,0
ALZ||ALZ|Alitak~7|68973|57503||NE/SW,3048,305,12,0
KIB||KIB|Ivanof Bay~7|58975|5110|0|N/S,3048,1219,12,0
KKB||KKB|Kitoi Bay~7|81909|76300||E/W,1219,305,12,0
KKL||KKL|Karluk Lake~7|73670|59720|112|NW/SE,3048,305,12,0
KMY||KMY|Moser Bay~7|70256|58540||N/S,3048,305,12,0
KOY||KOY|Olga Bay~7|71615|57700||ALL/WAY,3048,305,12,0
KPR||KPR|Port Williams~7|84901|74180||E/W,3048,1219,12,0
KPY||KPY|Port Bailey~7|79313|69592||E/W,3048,610,12,0
KWP||KWP|West Point Village~7|77701|64510||E/W,3048,152,12,0
KZB||KZB|Zachar Bay~7|75530|62539
SYB||SYB|Seal Bay~7|83733|77982
T44|||Trident Basin~7|77808|76090||02,1341,61,12,0
WSJ||UGI|San Juan /Uganik/~7|77304|66790|0|N/S,3048,610,12,0
Z33|||Aleknagik~7|92740|13760|2|E/W,3048,305,12,0
Z78||KBW|Chignik Bay~7|62956|15990||NE/SW,3048,1219,12,0;E/W,1829,1219,12,0
