#BY|L
UMBB|1|BQT|Brest~3|21081|38968|143|11,2620,42,1,1,113.9,,490,-1800,138,,-460,1690,141
UMMS|1|MSQ|Minsk National~1|38881|80400|204|13L,3700,60,2,1,138,,1720,-670,197,,-780,3040,208;13R,3641,60,2,1,139,,666,-2753,195,,-1793,897,204
#BY|M
BY-0006|||Osovtsy~d|25570|48840
UMMA|||Baranavichi~d|31000|60500||04,2998,50,2,1
UMMG|1|GNA|Hrodna~1|36020|40538|135|17,2560,42,2,1,178,,1140,-70,135,,-1150,60,131;09,662,28,1,0,88.9,,-500,-1100,,67,-490,-100
UMNB|||Babruisk~d|31050|92050|153|08,2998,50,2,1
#BY|S
BY-0009|||Lida~d|38770|53770||15,2500,40,2,1
BY-0014|||Lipki~d|39135|77088||01,750,38,2,1
BY-0022|||Dzerzhinsky Highway Strip|36887|73396|210|07,2360,24,2,0,77,,-230,-1593,210,,255,1880,205
BY-9934|||Luninets~d|22757|67746|144|11,2473,42,2,1
BY-9938|||Shchuchyn~1|35982|47632|175|18,725,50,0,0
UMBK|||Borisovo~d|21640|43999|141|10,500,20,0,0
UMLI|1||Minsk Machulishchy~d|37734|75774|213|15,2998,50,2,1
UMNV|||Pruzhany~d|25823|43799||15,2500,44,2,0
#EE|H
EECL|1|CHE|Tallinn Linnahall~2|94480|47533|7|H1/-,8,8,2,0
EESE|1||Salme~2|81319|22583|5
EEVP|1||Vihterpalu Manor~2|92636|38755|9
#EE|L
EETN|1|TLL|Lennart Meri Tallinn~1|94132|48326|40|08,3480,45,1,1,90,,14,-2669,39,250,-3,3461,40
#EE|M
EEEI|1||Ämari~d|92596|42048|20|06,2000,45,2,1,62,,-230,-1290,,,370,2030
EEKA|1|KDL|Kärdla~1|89908|28307|5|14,1520,30,1,1,147,,570,-700,3,,-580,730,4,240
EEKE|1|URE|Kuressaare~1|82299|25095|4|17,2000,30,1,1,180,,1110,-27,4,,-679,-1,2;05,799,30,1,0,59,,-70,-230,3,,300,930,2
EEPU|1|EPU|Pärnu~1|84190|44728|14|03,1970,30,2,1,35,,-548,-712,6,,895,1236,14
EETU|1|TAY|Tartu~1|83074|66865|67|08,1800,31,1,1,88,,-19,-1492,64,,20,1570,59
#EE|S
EE-9281|EERE||Rakvere~9|93639|63605|73|09,750,25,0,0
EE-9282|EETW||Tallinn West~e|93357|45208
EEAA|1||Antsla~9|78261|64925|79|06,630,20,4,0
EEHA|1||Humala~9|93579|43795|27|05,420,20,4,0,44,225,,,24,,,,24
EEJI|1||Jõhvi~9|93260|73929|75|05,600,30,4,0
EEKI|1||Karksi~9|81171|55528|88|16,675,49,4,0
EEKU|1||Kihnu~9|81480|39985|3
EELM|1||Lange Airfield (Lennundusmuuseum)|82907|67677||06,410,24,4,0,66
EELU|1||Lyckholm~6|90221|35781|6
EENA|1||Narva~9|93886|81136|28|09,610,50,4,0
EERA|1||Rapla~9|89903|47164|67
EERD|1||Riidaja~9|80846|58988|90|08,600,20,4,0,87,,-16,-686,88,,12,453,88
EERI|1||Ridali~9|79400|69790|92|18,1200,,4,0
EERU|1||Ruhnu~9|77856|32624|3|13,600,20,0,0,,,,,3,,,,3
EEVI|1||Viljandi~9|83484|54948|76|04,800,30,4,0
EEVO|1||Vormsi~9|89852|32521|7
EEVU|1||Varstu~9|76329|66711|84|03,400,20,9,0
#FI|S
EFHN|||Hanko~9|98489|30836|6|03,1600,18,1,1,33.8,,-660,-560,6,200,540,1030,6,200
#LT|H
EYNE|1||Nemirseta~2|58614|10790
EYPH|1||Paluknys Heli Base|44868|49973
#LT|L
EYKA|1|KUN|Kaunas~3|49640|40858|78|08,3250,45,1,1,85,,-130,-2630,72,340,115,2426,78,240
EYPA|1|PLQ|Palanga~3|59732|10939|10|01,2280,45,1,1,13,,-878,-359,10,,857,340,10
EYVI|1|VNO|Vilnius~3|46341|52858|198|01,2515,50,1,1,22,,-1040,-730,181,,1050,730,197
#LT|M
EYKD|||Kėdainiai~d|53117|39564|52|16,2000,50,1,0,,,,,49,,,,48
EYPP|1|PNV|Panevėžys~d|57294|44608|60|13,2000,40,2,1,137,,670,-1020,58,,-660,1140,58
EYSA|1|SQQ|Šiauliai~3|58939|33950|135|14L,3500,45,2,1,146.1,,1300,-1560,135,,-1310,1560,133;14R,3280,32,2,0,146.1,,1030,-1700,134,,-1420,1230,132
EYSB|1||Barysiai~9|60706|35581|82|10,1000,30,1,0,104,,100,-780,82,,-110,770,82
#LT|S
EYBI|1||Biržai~9|61758|47603|58
EYDR|1||Druskininkai~9|40158|39448|92|03,900,,4,0,,,,,92,,,,92
EYIG|1||Ignalina|52442|61722
EYKL|1||Klaipėda~9|57120|12429|18|06,590,42,4,0;07,500,21,1,0
EYKS|1||S. Darius and S. Girėnas~9|48798|38815|75|09L,840,60,4,0;09R,840,60,1,0,94,,,,75,,,,75
EYKT|1||Kartena~9|59218|15667|79
EYMA|1||Mazeikiai / J.Kumpikeviciaus~9|62306|22594|79
EYMM|1||Sasnava~9|46643|34553|73|07,800,,4,0,,,,,74,,,,74
EYMO|1||Molėtai~9|51129|53365|198|06,390,18,2,0
EYNA|1||Akmenė~9|62422|27331|79|07,900,,0,0,,,,,80,,,,80
EYND|||Nida~9|53278|10458|2|08,808,34,1,0
EYPI|1||Panevėžys Istra~9|58281|43570|52|12,600,18,1,0
EYPR|1||Pociūnai~9|46522|40587|61|18,1100,40,0,0;09,900,40,0,0;04,667,18,2,0
EYRD|1||Rūdiškės~9|44957|47180|159
EYRK|||Rokiškio aerodromas|59719|56042|140|01,1100,,0,0,,,,,140,,,,140
EYRO|1||Rojūnai~9|56108|42208|55|09,800,,4,0,,,,,54,,,,54
EYSE|1||Šeduva~9|57459|38045|79|07,1000,,0,0,,,,,80,,,,80
EYSI|1||Šilute~9|53363|15268|18|09G/27G,750,,4,0;09,489,26,1,0
EYTL|1||Telšiai~9|59873|22930|125|05R,580,60,6,0;11,460,100,4,0
EYUT|1||Utena~9|54890|57179|189
EYVK|1||Kyviškes~9|46683|55158|165|13,540,23,1,0
EYVP|1||Paluknys~9|44797|49898|122|04,600,100,4,0,36;15H/33H,189,18,3,0
EYZA|1||Zarasai~9|57520|62620|165
LT-0006|EYTR||Tauragės Aerodromas|52317|21500|37
#LV|H
EVAP|1||AMO Plant~2|66660|37798|2
EVHB|1||Baltijas Helikopters~2|66079|34584|14
EVJC|1||Nākotne Centra Jaunzemji~2|66063|34521|14
EVLU|1||Ludza Helipad|65211|76941
EVSM|1||M-Sola~2|66641|49041|43
#LV|L
EVLA|1|LPX|Liepāja~3|65175|10969|5|06,2002,40,1,1,70,,-300,-1510,2,,310,1550,5
EVRA|1|RIX|Riga~3|69208|39707|11|18,3200,45,1,1,185,,1430,240,9,,-1436,-235,11
#LV|M
EVKA|||Jēkabpils~d|65347|58925|88|07,720,40,2,0
EVTA|||Jūrmala~1|69422|32239|67|13,2498,40,1,0
#LV|S
EVAD|1||Ādaži~9|70986|42667|2|15R,649,,0,0
EVAH|EVLI||Limbaži~9|74855|46724|64|17,381,15,1,0
EVGA|1||Lielvarde~d|67783|48539|61|18,2500,45,1,1,,,1188,250,60,,-1040,-255,60
EVPA|1||Ikshkile~9|68157|45243|20
EVRS|1||Spilve~e|69911|40750|1|14,1000,23,1,0,148.2,,,,1,235,,,1,359
EVVA|1|VNT|Ventspils~3|73578|15442|6|03,1298,32,1,1,35.5,,-470,-630,6,,470,620,4
LV-0019|EVAL||Aloja~6|77746|48871
LV-0054|||Lejasciems airfield|72910|66184|94|15,510,20,4,0
LV-8043|EVCA||Cēsis~9|73238|53232|112
#PL|L
EPLB|1|LUZ|Lublin~1|12402|27135|193|07,2520,45,1,1,72,,-260,-1770,193,,250,1760,191
EPMO|1|WMI|Warsaw Modlin~1|24511|6518|104|08,2500,45,1,0,82,,-160,-1820,103,,160,1820,104
EPRZ|1|RZE|Rzeszów-Jasionka~1|1098|20242|211|09,3200,45,2,1,91,,40,-2270,210,,-20,2210,207;09ES/27ES,2085,100,4,0,81,,-540,1840,,,-420,2980;08R,900,30,3,0;08L,746,50,4,0
EPWA|1|WAW|Warsaw Chopin~1|21657|9671|110|15,3690,60,1,1,152,,1290,-1120,108,,-1630,1430,108,661;11,2800,50,1,1,115,,580,-2040,110,,-470,1680,106,500
#PL|M
EPDE|1||Deblin Military~d|15510|18923|119|12,2500,60,1,1,121,,587,-1569,119,,-557,1514,119
EPMM|||Minsk Mazowiecki Military~d|21955|16559|184|09,2513,43,2,1,90.3,,0,-1830,171,,-10,1840,184
EPRA|1|RDO|Warsaw Radom~1|13894|12147|186|07,2500,45,1,1,75,,-289,-1698,190,,291,1774,183
EPSY|1|SZY|Olsztyn-Mazury~1|34819|9377|141|01,2500,45,2,1,19,,-1070,-600,134,,640,360,141
EPTM|1||Tomaszów Mazowiecki Military~d|15844|978|174|11,1999,60,1,0,116,,400,-1340,,,-370,1270
#PL|S
EPBB|1||Babięta|36679|12554|156|14,600,50,4,0,145,,,,154,,,,152
EPBC|1||Warsaw Babice~1|22692|9072|107|10R,1300,90,2,1,103,,130,-930,105,,-130,930,107;10L,1000,150,4,0,98,,,,104,,,,106
EPBK|1||Białystok-Krywlany~9|31014|31706|153|08,950,,0,0,,,,,153,,,,153;01,880,,0,0,,,,,153,,,,153
EPCD|1||Depułtycze Królewskie~9|10821|34370|217|18L,1020,30,2,0;18R,800,50,4,0
EPGE|1||Giże~9|39824|24031
EPGR|1||Łańsk / Gryźliny~9|36081|3497|164
EPJL|1||Laszki~a|85|29189|185
EPKA|1||Kielce-Masłów~9|8967|7317|308|11R,1155,30,3,1,,,,,308,,,,308;11L,900,200,4,0,,,,,308,,,,308
EPKE|1||Kȩtrzyn-Wilamowo~9|40471|14261|127
EPKI|1||Kikity|39829|8772|180|11,800,35,4,0
EPKP|||Pobiednik Wielki~9|864|2003|198|12,1050,100,4,2,,,,,198,,,,198;09R,1000,100,4,0,,,,,198,,,,198;09L,700,100,4,2,,,,,198,,,,198
EPML|||Mielec~9|3223|14621|167|08R,2492,45,2,1,90,,0,-1800,166,188,-10,1700,166;17,657,25,2,0,180,,440,-900,165,,-150,-910,166;08L,550,60,4,0,,,-8,12,167,,-8,12,167
EPOD|1||Olsztyn-Dajtki~9|37739|4135|134|09L,850,,1,0,,,,,133,,,,133;09R,850,,4,0,,,,,133,,,,133
EPRJ|1||Rzeszów Sports~9|1042|20470|200|08R,900,30,1,1,89,,,,198,,0,630,196;08L,746,50,4,0
EPRP|1||Radom-Piastrów~9|14789|11100|146
EPST|1||Stalowa Wola-Turbia~9|6264|19990|150|12,930,,4,0,126,,,,148,,,,150
EPSU|||Suwałki~9|40728|28992|177|08,1319,30,1,0
EPSW|||Świdnik~9|12319|26903|201|07,2520,45,1,1,72,,,,193,,,,192
EPVA|||Roszczep~6|24359|13300|99|13,1355,20,4,0
EPZA|1||Zamość-Mokre~9|7017|32044|229|12R,800,,0,0,,,,,229,,,,229
PL-0008|||Nasielsk-Chrcynno~9|25716|8716|112|13,910,55,4,0,132,,,,114,,,,114;10,840,50,4,0,100,,,,114,,,,114
PL-0083|||Kazimierza Mała~9|2603|5414|187|13,470,27,0,0
PL-0111|EPMG||Lotnisko Mrągowo|38253|13190|144|03,600,50,4,0,35,,,,148,,,,139
PL-0125|||Czyże|27862|34310||09,650,30,0,0
PL-0127|||Zawiszyn~9|42779|25379|221|13,842,40,0,0,129,308
PL-0128|||Lisy~6|42194|20448|128|04,455,18,0,0,37
PL-0129|||Stare Juchy Landing Site|39072|22333|115|09,530,34,0,0,91
PL-0136|||Szorce~6|32854|26742|110|05,420,25,4,0
PL-0137|||Żłobek Mały~9|14546|35425|157|02,658,38,4,0;04,496,38,4,0
PL-0147|||Skorupy|20550|14288||18,508,,0,0
PL-0273|||Sochaczew~d|21986|2928|79|10,2499,58,1,0,108.3,,310,-1910,,,-380,1570
#RU|L
UMKK|1|KGD|Khrabrovo~1|48916|5986|13|06,3350,45,2,1,66,,-614,-2381,13,,619,2381,9
#RU|M
RU-0028|||Kaliningrad Chkalovsk Naval~d|47666|3968|50|09,3000,60,2,1
RU-0060|||Chernyakhovsk Naval~d|46017|17824|40|06,2500,60,2,1
RU-0064|||Ostrov Naval~d|73000|84333|67
RU-5376|||Smuravyovo~d|88150|80133|61
ULOO|1|PKV|Princess Olga Pskov~3|77813|83938|47|01,2524,44,2,1,18,,-590,-340,45,,1120,700,47;01R,1700,44,6,2,18,,-480,-110,,,990,810
#RU|S
RU-0447|||Seredka~9|81421|82033|73|01R,617,21,4,0,20,,-290,-130,68,,230,240,73;01L,610,17,1,0,20,,-280,-190,68,,150,110,73,100
#UA|M
UKKO|||Ozerne~d|1583|87383|232
UKKV|1|ZTR|Zhytomyr~1|2706|87386
UKLR|1|RWN|Rivne~3|6071|61416|230|11,2626,42,2,1,118,,560,-1620,227,,-550,1630,229;05,655,20,1,2,56.1,,-790,1640,,,-470,2400,,84
#UA|S
UKGW|||Voroniv~9|6960|67000|220|10,700,40,0,0
UKLC|1|UCK|Lutsk~1|6784|54872|236|07,1660,,2,1
UKVN|||Nalyvaikivka~9|4792|97358||07,410,20,1,0
