#RU|L
UUDL|1|IAR|Golden Ring Yaroslavl~3|75607|1574|87|05,3008,41,1,1,63.4,,-610,-2250,87,,600,2240,92
UWGG|1|GOJ|Nizhny Novgorod / Strigino~3|62274|37852|78|18L,3000,45,1,1,191,,1420,480,77,,-790,-330,77;18R,2805,45,2,1,191,,1460,150,78,,-1010,-760,77;15,600,22,1,0,159.4,,-1220,-220,,,-1730,130;06,500,22,1,0,67.9,,-1740,120,,,-1570,870
UWKD|1|KZN|Kazan~3|56062|92787|125|11,3750,60,2,1,126,,1080,-2780,106,255,-820,2130,125;11R,2498,45,2,2,124.4,,440,-1190,113,,-830,2080,124
UWPS|1|SKX|Saransk~3|41251|52123|206|02,2800,42,2,0,33,,-1039,-1122,206,,1062,1200,206
UWSG|1|GSV|Gagarin~3|17128|61711|31|08,3000,45,2,1,81,,33,-2158,29,,-67,2180,29
#RU|M
RU-0010|||Balashov~d|15317|33017|173|17,2000,48,2,1
RU-0014|||Borisoglebsk~d|13667|21783|119
RU-0018|||Buturlinovka~d|7922|6062|154|11,2500,40,2,1
RU-0043|||Mius~1|49583|33117|160|01,2500,45,2,1
RU-0217|||Sormovo~9|63200|38000|76
RU-10047|||Rtishchevo~d|22973|37241|205|08,2000,40,2,1
RU-10048|||Semyazino~1|61274|3152|169|02,1900,38,2,1
RU-3709|||Bagay-Baranovka~d|21397|69694|38|06,2498,40,2,1
RU-4339|||Tambov~d|27006|13742|169|16,2500,48,2,1
RU-4421|||Danilovo~d|66600|80333|117|16,2350,40,2,1
RU-5672|||Ivanovo North~d|70583|9817|137|10,3000,40,2,1
RU-6558|||Lyambir~d|42850|51683|199|05,2000,50,2,0,46
RU-6687|||Michurinsk~d|29175|3658|164|17,2200,40,2,1
RU-8602|||Engels~d|14805|62150|37|04,3498,70,2,1
USKK|1|KVX|Pobedilovo~1|85039|93478|146|03,2204,46,1,0,48,,-859,-1811,,152,773,1632,,152;06,685,20,4,0,73,,-394,-1978,,,-202,-865
UUBA|1|KMW|Kostroma Sokerkino~1|77969|10194|136|13,1700,48,2,1
UUBI|1|IWA|Ivanovo South~1|69394|9408|125|11,2500,42,2,1,,,880,-2606,125,,-285,912,125
UUOT|1|TBW|Donskoye~1|28061|14828|126|14,2100,42,2,0,142,,865,-703,119,,-807,693,125
UWKG|||Borisoglebskoye~1|58667|91333|65|11,3300,88,2,1
UWKJ|1|JOK|Yoshkar-Ola~1|67006|79047|106|16,2400,,1,0
UWKS|1|CSY|Cheboksary~1|60903|73473|170|06,2512,49,1,1,71.8,,-350,-1920,171,,350,1910,159;06R,1509,82,4,0,72.7,,-360,-1100,170,,60,1200,159
UWLL|1|ULV|Ulyanovsk Baratayevka~1|42702|82256|137|03,3820,45,2,1,19,,-1089,-1167,137,,1269,1365,115
UWLW|1|ULY|Ulyanovsk Vostochny~1|44010|88027|77|02,5000,98,2,1,18,,-1920,-2020,77,,1930,2020,61
UWPP|1|PEZ|Penza~1|31106|50211|187|11,2790,44,1,0
UWSB|1|BWO|Balakovo~1|18583|77456|29|03,2350,40,2,1
XRWL|||Lebyazhye~d|2017|52083|116|03,2500,75,2,1
#RU|S
RU-0093|||Sasovo~9|43561|19833|111|17,1494,45,2,0
RU-0095|||Troekurovka~d|32255|85497|110|08,2200,40,2,1
RU-6878|||Savasleyka~d|54397|23090|102|02,3000,48,2,1
RU-8974|||Yaroslavl Levtsovo|77294|460|101|07,650,25,2,1
UWLS|||Soldatskaya Tashla~9|40153|83060|205|13L,1000,35,2,1
