#CA|L
CA-1292|||YEG|3417|33008|723
CYXE|1|YXE|Saskatoon John G. Diefenbaker~3|21707|32992|504|09,2530,61,1,1,101,,780,-1720,504,,350,1880,500;15,1890,46,1,1,165,,850,-420,501,,-776,407,502
#CA|M
CYBU|||Nipawin~1|33325|59920|372|03,893,23,1,0;12,884,35,10,0
CYDN|1|YDN|Dauphin Barker~1|11008|99480|304|14,1524,46,1,1,150,,640,-600,301,,-520,500,304;08,823,23,1,1,90,,590,-600,301,,590,500,299;02,610,18,5,0,29,,60,0,301,,540,400,299
CYKJ|1|YKJ|Key Lake~1|72561|43820|512|03,1585,55,5,0,,,,,512,,,,512
CYKY|1|YKY|Kindersley~1|15175|8190|694|08,1069,23,1,1,90,,80,-700,690,,80,800,694;17,695,30,4,0,179.9,,70,100,,,-550,100
CYLJ|1|YLJ|Meadow Lake~1|41253|14770|480|09,1524,30,1,1,100,,-40,-1100,480,,-280,1200,480;17,698,23,1,1,179,,500,700,,,-130,800
CYMJ|1|YMJ|Moose Jaw Air Vice Marshal C. M. McEwen~1|3303|44410|577|11L,2538,46,1,1,118.5,,760,-1600,574,,-330,1600,573;11R,2219,46,1,1,118,,80,-1500,576,,-860,1300,577;03,1036,30,1,1,44,,-420,100,576,,250,1100,571
CYNL|1|YNL|Points North Landing~1|82767|59180|489|16,1829,30,5,0,,,,,489,,,,484
CYPA|1|YPA|Prince Albert Glass~a|32142|43270|428|08,1524,46,1,1,91,,380,-1181,428,,380,1155,427;16,762,30,4,0,169.9,,352,-73,427,,-342,130,426
CYQD|1|YQD|The Pas~1|39714|89090|270|13,1799,46,1,1,133,,550,-1000,270,,-560,1000,267
CYQR|1|YQR|Regina~3|4319|53391|577|13,2408,46,1,1,138,,730,-1010,577,,-860,1290,577;08,1890,46,1,1,89,,-380,-1910,577,,-360,690,577
CYQV|1|YQV|Yorkton~5|12647|75380|498|04,1463,46,1,1,44,,-410,-700,498,,530,700,487;13,914,30,0,1,135,,30,0,490,,-550,1000,491
CYQW|1|YQW|North Battleford~1|27694|17563|548|12,1524,46,1,1,139,,500,-630,545,,-550,870,548;06,782,15,1,0,78,,-300,-930,543,,-150,170,546
CYSF|1|YSF|Stony Rapids~1|92503|41590|245|06,1539,30,5,0,,,,,245,,,,245
CYVC|1|YVC|La Ronge~1|51514|47380|379|18,1524,46,1,1,189,,670,200,379,,-680,-200,372;11,730,15,5,0,112,,-50,-1200,378,,-290,-100,372
CYYL|1|YYL|Lynn Lake~1|68639|89240|357|17,1524,46,1,1,180,,670,600,352,,-700,600,354;08,768,24,5,0,87,,-290,-600,357,,-260,600,354
CYYN|1|YYN|Swift Current~1|2919|23090|817|13,1295,46,1,1,136,,480,-500,808,,-360,800,813;04,762,15,1,1,49.3,,-300,-800,817,,140,0,811
CZJN|1|ZJN|Swan River~1|21206|87640|335|02,1199,30,1,1,27,,-480,-400,,,480,400;08,594,23,4,0,85,,-450,-400,,,-410,400
#CA|S
CA-0428|||Elbow~6|11344|34143||16,914,15,4,0
CA-0926|||Clayton Air 1~1|29330|33602|523|04,994,9,5,0
CAN5|||Allan~1|17652|39332|594|08,762,18,4,0,90
CBS7|||Briercrest South~1|665|47004|646|08,579,14,4,0
CCA5|||Stenen/Clayton Air 3~1|18245|76237|521|09,1067,11,5,0
CCL9|||Outlook (South)~1|14392|29980|539|08,1036,23,4,0,90
CJB5|||Moosomin~1|1686|83560|565|08,823,24,5,0;01,465,12,4,0
CJB8|||Kyle~1|8335|19303|663|08,914,23,1,1,91,,-10,-630,,,-20,570
CJC2|||Craik~1|10561|41620|594|08,640,18,4,0;17,579,11,4,0
CJC3|||Davidson~5|12478|40230|617|13,1036,20,4,0
CJC4|||Central Butte~1|7997|35043|619|15,732,23,4,0
CJC6|||Hafford~1|27325|26250|590|07,1113,37,4,0
CJC8||LRQ|Laurie River~1|62486|86960|366|17,677,21,5,0
CJD3|||Birch Hills~1|29908|45550|457|09,811,23,1,0;17,549,23,4,0
CJD5|||Leader~1|8779|4980|671|09,914,23,1,1,108,,60,-500,,,-190,800
CJE2|||Dore Lake~1|46167|26170|477|11,914,30,4,0
CJE5|||Glaslyn~1|33772|16580|686|16,792,55,4,0
CJF3|||Île-à-la-Crosse~1|54897|20700|425|15,1191,23,1,0,158,,,,425,,,,425
CJF8|||Biggar~1|20511|20120|649|09,762,23,1,0
CJG2|||Eatonia (Elvie Smith)~5|12195|6071|721|08,762,18,4,0
CJH2|||Gilbert Plains~1|11333|95000|399|08,770,27,4,0
CJH3|||Maidstone~1|30979|6712|602|12,833,40,4,0
CJH8|||Leask~1|30167|32500|523|08,652,21,4,0
CJJ5|||Cabri~1|6194|15298|663|16,732,23,9,0
CJJ8|||Macklin~1|23436|798|695|11,914,23,1,1,123,,140,-380,,,-300,720
CJK3|||Beauval~1|51103|22840|438|09,960,23,5,0
CJK4|||Esterhazy~1|6428|79000|518|08,914,23,1,1,88,,-30,-1200,,,0,100
CJK5|||Gull Lake~1|578|15100|812|17,808,12,5,0;03,663,9,5,0
CJK9|||Preeceville~1|19500|73500|533|07,770,46,4,0
CJL2||YDJ|Hatchet Lake~1|86625|64620|415|07,1829,30,5,0,,,,,415,,,,415
CJL4|||La Loche~1|64733|5960|458|11,914,23,5,0,,,,,458,,,,451
CJL9|||Radisson~1|24631|26230|511|07,800,27,4,0
CJM2|||Ituna~1|11461|65740|671|11,777,30,4,0
CJM6|||Arborfield~1|31078|63490|361|17,732,30,4,0
CJN2|||Kamsack~1|15597|81210|460|16,762,23,1,0
CJP2|||Kerrobert~1|19269|8710|673|11,777,38,4,0;17,488,37,4,0
CJP6|||Camsell Portage~1|96100|7330|229|06,875,20,5,0
CJP9|||Charlot River~1|96017|8630|213|04,1012,27,5,0
CJR2|||Luseland~1|20695|6249|701|11,914,23,1,1,122,,240,-490,,,-200,710
CJR3|||The Pas / Grace Lake~1|38264|87950|266|08,997,15,5,1;17,853,20,5,0
CJR4|||Eston~1|11442|12370|678|11,914,23,1,1,122,,220,-500,,,-230,600;16,594,15,5,0,180.4,,250,-500,,,-280,-400
CJR7|||Canora~1|16289|75509|489|17,1036,46,4,0
CJR9|||Naicam~1|24114|55160|543|08,930,20,4,0
CJS2|||Malcolm Island~1|69494|77610|341|18,1410,15,5,0
CJS3||XCL|Cluff Lake~1|83911|4840|339|16,1609,37,5,0,,,,,339,,,,339
CJS4|||Moose Jaw~5|4347|46123|578|13,1219,23,1,0,135,,286,-445,580,,-489,767,580
CJT4|||Cumberland House~1|39561|77020|267|10,899,26,5,0
CJT9|||Leoville~1|36206|23910|597|16,1036,23,5,0;12,732,15,5,0
CJU4|||Humboldt~1|21761|48730|568|10,762,23,1,0;17,561,23,4,0
CJU7|||Edam~1|31850|12110|546|12,774,18,4,0
CJV2|||Neilburg~1|28314|3600|677|16,792,23,4,0
CJV4|||Otter Lake~1|55811|52150|396|18,762,23,5,0
CJV9|||Melville~5|9414|72620|549|10,792,23,1,0;02,660,23,1,0
CJW3|||Loon Lake~1|40183|8650|546|10,732,61,4,0
CJW4|||Pelican Narrows~1|52869|72500|379|18,869,23,5,0
CJW5|||Russell~1|7658|87050|556|17,1036,23,1,1,174.4,,470,-100,,,-460,100;14,579,23,4,0,148,,480,-100,,,30,300
CJW7|||Cigar Lake~1|80531|55160|476|17,1554,30,5,0,,,,,476,,,,476
CJX4|||Rosetown~1|15645|20834|585|08,771,23,1,0,90,,,,590,,,,589
CJY3||YTT|Tisdale~1|28367|59330|465|14,914,23,1,1,143,,300,-400,462,,-340,500,461;08,671,49,4,0,90,,-170,-600,,,-170,100;17,640,61,4,0,180,,410,-600,,,-170,-600
CJY4|||Sandy Bay~1|55456|77280|305|05,914,23,5,0,,,,,305,,,,303
CJY5|||Strathclair~1|3961|95750|572|17,899,30,4,0
CJZ3|||Melfort~1|28667|53000|456|08,914,23,1,1,90,,-223,-779,456,,-224,592,454
CJZ4|||Shellbrook~1|32283|36370|500|08,741,37,4,0
CKA9|||Southend Airport / Hans Ulricksen~a|63372|67070|341|03,648,27,5,0
CKB2|||Patuanak~1|59000|22790|435|14,914,23,5,0
CKB7|||Roblin~1|12344|86070|555|13,1070,23,1,1,140,,380,-400,,,-370,500
CKC6|||Lanigan~1|18453|50080|533|08,1341,27,4,0
CKD2|||Porcupine Plain~1|26197|67520|498|08,777,18,4,0;17,774,27,4,0
CKD5|||Kipling~1|992|73930|657|10,915,23,1,1,104,,80,-600,657,,-140,700,656
CKE2|||Quill Lake~1|20667|57330|533|08,762,30,4,0
CKE8|||Unity~1|24458|8150|637|11,914,23,1,1,126,,640,-400,,,170,600;02,325,18,6,0,37,,-300,0,,,-80,300
CKF4|||Goodsoil~1|44167|7670|533|07,899,30,4,0
CKH2|||Rocanville~1|4647|84460|483|12,1204,30,1,1,139,,310,-1000,,,-500,100
CKH3|||Debden~1|35319|31160|518|13,914,30,4,0
CKH7|||Spiritwood~1|33633|24520|584|16,762,24,4,0
CKH8|||Lumsden (Colhoun)~1|6675|52110|579|15,1128,9,4,0
CKJ4|||Hanley~1|16242|35580|587|11,823,30,4,0
CKJ9|||Lemberg~1|7089|68030|625|08,610,23,4,0
CKK2|||St. Brieux~1|26500|51330|543|16,1067,23,9,0
CKL5|||Shoal Lake~1|4570|93907|560|10,1002,23,1,1,108,,160,-570,,,-120,730
CKL6|||Little Bear Lake~1|42919|53290|640|02,671,12,8,0
CKL9|||Regina Beach~1|7528|50210|564|14,782,24,6,0
CKM4|||Jan Lake~1|48308|72110|346|18,960,15,5,0
CKN8|||Nekweaga Bay~1|77425|60550|402|06,671,15,9,0
CKP2|||Spring Valley (North)~1|569|45969|671|17,914,15,4,0
CKQ2|||Squaw Rapids~1|36786|66500|317|02,914,61,4,0
CKQ5|||Lucky Lake~1|9941|28702|635|08,918,23,1,1,90,,10,-820,,,10,580
CKQ8|||McArthur River~1|77675|49760|524|18,1609,30,5,0
CKS3|||Cudworth~1|24881|42360|572|04,762,23,4,0
CKS7|||Wadena~1|19294|61662|530|10,762,23,5,0
CKS8|||Cree Lake (Crystal Lodge)~1|74642|32520|492|18,971,12,9,0
CKT7|||Wakaw~1|26491|42369|506|11,823,30,4,0
CKU4|||Cut Knife~1|27401|9856|640|07,1219,46,4,0
CKU5|||Imperial~1|13500|46000|507|17,701,23,4,0
CKU6|||Grenfell~1|4192|70650|599|08,671,30,4,0
CKU7|||Watrous~1|16871|46377|518|13,1006,23,4,0;07,792,18,5,0;17,762,23,4,0
CKV2|||Kelvington~1|21333|64650|567|17,762,,4,0
CKV6|||Churchbridge~1|10167|81830|532|17,747,23,4,0
CKW6|||Davin Lake~1|68833|64170|366|04,539,15,9,0
CKX5|||Dinsmore~1|13306|25620|579|04,655,23,4,0
CKX8|||Big River~1|38361|29910|485|15,1006,20,5,0
CKY2|||Whitewood~1|3348|77255|610|10,762,20,4,0
CPB5|||Pilot Butte~1|4611|55690|610|12,512,20,4,0
CPV9|||Poverty Valley~1|381|27451|789|15,485,9,4,0,,,194,-16,,,-223,183
CRF5|||Saskatoon/Richter~g|22803|33158|518|08,914,20,6,0,,,-6,-661,,,2,683
CSL7|||Odessa / Strawberry Lakes~6|3645|62592|658|12,902,46,4,0;8,716,46,4,0
CSR2|||PVA1~1|21685|84089|433|13,1069,27,5,0
CWC1|||White City (Radomsky)~1|4397|56940|616|12,457,23,4,0;08,402,23,4,0
CYBE|1|YBE|Uranium City~1|95614|15190|318|06,1199,30,3,1,75,,-140,-1100,312,,140,1000,311
CYBT|1|YBT|Brochet~1|78894|83210|346|03,1067,27,5,0,,,,,346,,,,346
CYFO|1|YFO|Flin Flon~1|46781|83180|304|19,1525,46,1,1,192,,670,200,304,,-680,-200,296
CYHB|1|YHB|Hudson Bay~1|28167|76890|358|06,1524,30,1,1,68,,-280,-1100,359,,270,1000,358;10,610,23,1,3,110,,0,-100,,,-200,800
CYKC|1|YKC|Collins Bay~1|82361|63220|409|02,1585,30,5,0,,,,,409,,,,409
CYVT|1|YVT|Buffalo Narrows~1|58419|15820|434|12,1526,30,1,1,129,,120,-1400,440,,-720,500,440;06,700,23,1,1,82,,-50,-2100,,,60,-900
CYYO|||Wynyard / W.B. Needham~a|18099|58302|530|09,914,23,1,1,102,,-20,-620,,,-180,780
CZFD|1|ZFD|Fond-du-Lac~1|93344|28180|248|10,1158,23,5,0
CZFG|1|XPK|Pukatawagan~1|57492|87340|292|15,914,26,5,0
CZPO|1|ZPO|Pinehouse Lake~1|55281|34180|390|16,914,20,5,0,,,,,386,,,,386
CZWH|1|XLB|Lac Brochet~1|86143|85310|369|03,1067,30,5,0
CZWL|1|ZWL|Wollaston Lake~1|81069|68280|415|17,1156,23,3,0,166,,,,406,,,,414
