#KZ|L
UARR|1|URA|Manshuk Mametova~3|11520|15437|38|04,2799,45,2,1,52,,-771,-1554,37,,778,1601,38
UATT|1|AKX|Aktobe~3|2481|72041|225|12,3202,46,2,1,135,,740,-1230,219,,-1230,1830,225
#RU|L
USCM|1|MQF|Magnitogorsk~3|33920|87552|436|36,3250,45,2,1,16,,-1290,-640,436,,1510,730,425
USPP|1|PEE|Perm~3|79145|60212|123|03,3206,49,2,1,46,,-1000,-1940,117,,1000,1950,120
UWUU|1|UFA|Ufa~3|45575|58744|137|14R,3761,45,2,1,151,,1569,-2505,113,,-1379,334,137;14L,2513,49,2,3,151,,930,60,120,,-1043,1959,123;05,725,91,6,2,60,,120,2030,,,440,3000;01,675,105,6,2,29,,220,2330,,,750,2830;14,645,96,6,0,152.3,,490,2750,,,-20,3230
UWWW|1|KUF|Kurumoch~3|35049|1643|145|15,3001,45,2,1,148,,1370,470,128,,-1170,2020,119;05,2554,60,1,1,49,,-650,-2940,145,,450,500,125
#RU|M
RU-0125|||Bobrovka~d|31450|7100|43|04,2500,40,2,1
RU-2344|||Samara Kryazh~d|31083|983|32|02,2000,40,2,1
USII|1|IJK|Izhevsk~1|68345|34622|162|01,2500,43,2,0
UWKB|1|UUA|Bugulma~1|46412|28002|302|01,2000,40,2,0,12
UWKE|1|NBC|Begishevo~1|55647|20925|196|03,2502,42,1,1,34,,-760,-1440,191,,760,1440,190;04,1713,58,4,2,47.2,,-710,-1540,,,340,450
UWOO|1|REN|Orenburg Central~1|17927|54572|118|08,2503,42,2,1,89.9,,310,-1860,117,,310,1770,117
UWOR|1|OSW|Orsk~1|10725|85956|277|07,2900,42,1,1,77,,-300,-2020,277,,300,2020,265;07R,1780,91,4,0,76.7,,-150,-420,,,220,2050;16,619,52,4,0,172,,570,-1030,,,20,-910;01,604,49,4,0,16.5,,50,-1270,,,570,-1030
UWWB|||Buguruslan Severny~1|37184|23719|222|01,2200,42,2,1
UWWG|||Bezymyanka~9|32200|3250|41|02,3500,90,2,1
#RU|S
RU-0019|||Chebenki~d|19749|55490|122|08,2500,40,2,1
RU-0048|||Menzelinsk~1|57200|30600|91|02,1250,38,1,1
RU-0195|||Kinel-Cherkassy~d|34650|15600||01,2000,40,2,0,12
RU-0393|||Krasny Yar~1|35086|4393|43|02,600,18,2,1
RU-6542|||Orenburg~d|17091|50200|112|11,2500,45,2,1
RU-8604|||Totskoye~d|25017|27800|90|09,2500,40,2,1
USPT|||Berezniki~1|95795|68577|63|17,1500,40,2,1
UWOH|1||Kvarkeno~1|20778|96865
UWUB|1|BCX|Beloretsk~1|39384|83401|557|08,1500,40,2,1
UWUK|1|OKT|Oktyabrskiy~1|44400|33883|115|01,2000,40,2,1
UWWS|1||Smyshlyayevka~1|32413|3750|40|04,1200,38,2,0
