#KZ|L
UASK|1|UKK|Oskemen~3|350|24961|286|12,2510,42,1,1,130.6,,890,-1520,284,,-570,1140,286;12L,1856,61,4,0,130.7,,220,-130,,,-870,1840
UASS|1|PLX|Semei~3|3513|2344|232|08,3096,44,2,1,84.1,,-150,-2170,232,,150,2160,205;02,997,77,2,0,23.5,,-600,-390,212,,230,170,212
#RU|L
UNBB|1|BAX|Barnaul Gherman Titov~3|33613|35397|255|06,2850,50,2,1,67.2,,-250,-2090,251,350,740,1860,250
UNEE|1|KEJ|Alexei Leonov Kemerovo~3|52701|61072|263|05,3200,60,2,1,53.6,,-850,-2030,251,,850,2030,254;05L,2638,47,1,2,55.2,,-440,-1570,,,910,1840
UNNT|1|OVB|Novosibirsk Tolmachevo~1|50198|26187|111|16,3602,45,1,1,170,,3020,-2537,110,,-313,-1537,112;07,3597,60,1,1,81,,-970,420,111,,-470,5980,111
UNTT|1|TOF|Tomsk Kamov~1|63803|52083|182|03,2500,50,1,1,25,,-650,-890,182,,1220,1340,168
#RU|M
UNBG|1|RGK|Gorno-Altaysk~1|19692|58365|294|02,2300,42,1,0,25,,-925,-712,,,937,709
UNNE|||Yeltsovka~1|50924|30045|188|01,3200,75,2,1
UNWW|1|NOZ|Spichenkovo~1|38114|68772|312|01,2679,45,2,0,,,-1076,-574,,,1187,811
#RU|S
RU-0110|||Mochische~9|51690|31430|219|02,1200,55,4,0;06,806,57,0,0
RU-0114|||Panfilovo~1|31243|33743|229|04,1999,38,2,1
RU-0703|||Parabel~1|87075|14643|54|05,1000,20,2,1
UNCC|||Gorodskoy Aeroport~9|50957|29095|172|02,750,35,1,0,26,,430,-950,172,,430,-950,172
UNKO|||Sharypovo~1|54549|91739|335|03,1500,35,2,0
UNLK|||Kargasok~1|90619|8232|59|03,2500,22,2,1
UNLL|||Kolpashevo~1|83253|29325|74|17,1350,30,2,1
UNTR|||Beryozkino~9|65026|46866|120|01,900,28,4,0,14,,-260,1340,120,,-260,1340,120
