#RU|H
RU-0143|||Avachinskiy~2|31607|83884|11
#RU|L
UHPP|1|PKC|Yelizovo~1|31687|84511|40|16L,3400,60,2,3,157,,1486,-1029,34,,-1334,926,39;16R,3400,45,2,1,157,,1550,-710,34,,-1270,1290,40;-12/30,224,15,1,2,118,,-1170,-209,,,-1270,90
#RU|M
RU-8499|||Sharomy~d|42945|81515|149|04,3500,46,2,1
UHMM|1|GDX|Sokol~1|99110|7200|175|10,3452,59,2,1,93.2,,90,-3000,166,,-90,3101,175
UHMT|||Magadan-13~1|96233|9220|50
UHPL|||Palana~1|90821|98916|34
#RU|S
RU-0940|||Severo Kurilsk~1|6694|61243|16|03,625,29,6,0,31
UHPM|1||Milkovo~1|46806|85485|125
UHPU|1||Ust-Khayryuzovo~1|70997|67372
