#CA|M
CYGV|1|YGV|Havre-Saint-Pierre~1|2819|63886|38|08,1372,30,1,1,63,,-270,-860,33,,280,860,38
CYKL|1|YKL|Schefferville~1|48053|31947|521|17,1524,46,1,1,149,,530,-550,515,,-640,670,518
CYNA|1|YNA|Natashquan~1|1901|82110|12|14,1370,30,1,1,118,,270,-880,11,,-320,840,12
CYVP|1|YVP|Kuujjuaq~1|80961|15731|39|07,1829,46,1,1,43,,-1170,-1120,22,,30,1020,32;13,1524,46,5,1,103,,890,-500,39,,580,2020,19
CYWK|1|YWK|Wabush~1|29219|31356|551|18,1829,46,1,1,157,,857,-485,547,,-691,430,551
CYYR|1|YYR|Goose Bay~1|33192|95742|49|08,3367,64,1,1,54.8,,-1530,-2230,49,,220,1910,47;15,2920,61,1,1,133,,1470,-1060,47,,-310,2140,45
CYZV|1|YZV|Sept-Îles~1|2233|37344|55|09,1997,46,1,1,69.5,,-610,-1360,50,,30,1310,53;05,1798,61,1,2,29.5,,-610,-1260,50,,810,-10,55;13,1759,61,1,1,109.5,,640,-1130,52,,90,1310,53
#CA|S
CA-0322||YSV|Saglek~1|84743|73460|82
CMN5|||Manic-Cinq~1|6577|11690|406|10,1220,30,5,0
CNH2||YNP|Natuashish~1|59139|88156|9
CSF3|||Poste Montagnais (Mile 134)~1|18886|42850|606|17,1227,23,5,0,,,,,606,,,,603
CTK6||ZKG|Kégashka~1|1958|87342|10|10,500,26,5,0
CTT5||ZGS|La Romaine~1|2596|93256|27|11,1200,30,1,1,93,,30,-800,27,,-30,880,27
CVB2|||Voisey's Bay~1|63447|79119|75|11,1524,,5,0,,,,,,,,,,305
CYDP|1|YDP|Nain~1|65508|83178|7|06,610,23,5,0
CYHO|1|YHO|Hopedale~1|54488|97719|12|06,762,23,5,0
CYLA|1|YPJ|Aupaluk~1|92967|4003|36|05,1073,30,5,0
CYLU|1|XGR|Kangiqsualujjuaq (Georges River)~1|87114|40072|66|16,1073,30,5,0,,,,,48,,,,66
CYTQ|1|YTQ|Tasiujaq~1|86678|442|37|05,1073,30,5,0,,,,,37,,,,32
CZUM|1|ZUM|Churchill Falls~1|35619|58936|440|13,1676,46,1,1,104.5,,260,-1180,438,,-120,1270,436
YLP||YLP|Mingan~1|2869|58472|21
#CA|W
YBJ||YBJ|Baie-Johan-Beetz Water~e|2837|71900
