#CA|M
CYAY|1|YAY|St. Anthony~1|13919|39168|33|10,1219,30,1,1,80,,-100,-860,33,,100,870,27
CYBX|1|YBX|Lourdes-de-Blanc-Sablon~1|14436|28147|37|05,1372,46,1,1,27.5,,-700,-560,24,,400,350,37
CYIF|1|YIF|St Augustin~1|12117|13417|6|01,1399,30,1,1,353,,-630,120,6,,620,-130,4
#CA|S
CCA6||YWM|Williams Harbour~1|25674|42151|21|14,671,23,5,0
CCD4||YSO|Postville~1|49105|2149|59|06,762,23,5,0
CCE4||YBI|Black Tickle~1|34698|42125|17|16,762,23,5,0
CCH4||YHG|Charlottetown~1|27658|38876|64|09,762,,0,0,,,,,52,,,,64
CCK4||YFX|St. Lewis (Fox Harbour)~1|23728|43261|23|05,671,23,5,0
CCM4|||Port au Choix~1|6902|26703|27|08,823,15,1,0
CCP4||YHA|Port Hope Simpson~1|25281|37139|106|12,762,23,5,0,,,,,102,,,,102
CCZ2||YRG|Rigolet~1|41797|15425|55|11,762,23,5,0
CTB6||ZTB|Tête-à-la-Baleine~1|6744|6164|33|18,500,26,5,0
CTU5||ZLT|La Tabatière~1|8308|10244|31
CYCA|1|YRF|Cartwright~1|36825|29577|12|08,762,23,5,0,,,,,12,,,,12
CYFT|1|YMN|Makkovik~1|50773|8121|71|09,762,23,5,0
CYHR|1|YHR|Chevery~1|4683|3622|12|07,1372,46,1,1,76,,-290,-680,9,,420,900,12
CYMH|1|YMH|Mary's Harbour~1|23028|41526|12|11,762,23,5,0,,,,,12,,,,9
