#CA|M
CYAH|1|YAH|La Grande-4~1|37547|63247|306|09,1524,46,5,0,,,,,303,,,,305
CYGL|1|YGL|La Grande Rivière~1|36253|22958|195|13,1981,46,1,1,113,,350,-1370,181,,-340,1380,195
CYGW|1|YGW|Kuujjuarapik~1|52819|22347|10|03,1540,46,5,0,,,,,10,,,,8
#CA|S
CEL8|||Eleonore~e|27189|39202|229|09,1198,30,5,0,90,,,,229,,,,229
CFX5|||Clarence and Abel Swallow~1|27300|77790|475|06,1494,30,5,0,58,,,,473,,,,475
CRT2|||Rivière Témiscamie (Air Roberval)~1|10092|70164|396|10,701,24,10,0,,,,,,152,,,,213
CSU2||YKU|Chisasibi~1|38056|10831|13|14,1156,30,5,0,,,334,-691,13,,-314,677,13
CTU2||YFG|Fontanges~1|45539|88267|472|09,1494,46,5,0,,,,,471,,,,472
CYAD|1|YAR|La Grande-3~1|35717|38036|236|10,1524,46,5,0,,,,,236,,,,228
CYHH|1|YNS|Nemiscau~1|16911|38644|244|09,1524,46,5,0,,270,,,244,27,,,239
CYKQ|1|YKQ|Waskaganish~1|14733|12417|24|06,1070,30,5,0,62,,,,24,,,,23
CYMU|1|YUD|Umiujaq~1|65361|34817|76|02,1067,30,5,0,,,,,75,,,,76
CYNC|1|YNC|Wemindji~1|30106|11689|20|10,1070,30,5,0,95,,,,9,,,,20
CYPH|1|YPH|Inukjuak~1|84719|19231|25|06,1067,30,5,0,,,-327,-682,23,,333,658,23
CYSK|1|YSK|Sanikiluaq~1|65369|7498|32|09,1158,30,5,0,,,-177,-879,30,,178,894,32
CZEM|1|ZEM|Eastmain River~1|22264|14775|7|02,1070,30,5,0,19,,,,6,,,,7
YOI||YOI|Opinaca~e|22219|33881|211|11,1498,43,5,0
