#CA|H
CYSD|1|YSD|Canadian Forces Base Suffield~2|2764|88198|770
#CA|L
CA-1291|||(Duplicate)YEG|33097|64200|723
CYEG|1|YEG|Edmonton~3|33097|64200|723|02,3353,61,1,1,33.9,,-80,-1600,708,,2450,1200,712;12,3109,61,1,1,135.1,,-330,-1500,709,,-2300,1800,723
CYYC|1|YYC|Calgary~3|11188|59901|1084|17L,4267,61,2,1,180,,2950,1990,1099,,-880,1990,1090;17R,3863,61,1,1,180,,1260,-1110,1084,,-2220,-1110,1080;11,2438,61,1,1,119.5,,760,-2710,1081,,-320,390,1080;08,1890,46,1,3,90,,-1460,-2010,1076,,-1460,690,1084
#CA|M
CYBF|1|YBY|Bonnyville~1|43042|92560|560|08,1351,23,1,1,90,,0,-1000,560,,-30,1100,561,156
CYBW|||Calgary / Springbank~1|11040|56306|1201|17,1524,30,1,1,181,,817,-935,1198,,-553,-933,1201;08,1043,30,1,1,90,,80,-913,1199,,80,534,1199
CYCP|||Blue River~1|21167|7170|683|01,1524,18,1,0,31.6,,-590,-800,,,580,400
CYET|1|YET|Edson~1|35789|35350|928|07,1829,30,1,1,91,,10,-1400,927,181,-10,1400,920,148
CYGE|||Golden~1|12992|30180|785|14,1372,23,1,0,161,,500,-300,785,,-670,400,785
CYLL|1|YLL|Lloydminster~1|33092|99270|668|08,1700,46,1,1,90,,0,-1200,668,,0,1300,658;11,457,30,4,0,122,,210,-1800,667,,0,-1200
CYMM|1|YMM|Fort McMurray~3|66533|87780|369|08,2287,46,1,1,90,,-10,-2000,367,,-10,1500,368,152
CYOD|1|YOD|CFB Cold Lake|44050|97210|541|13L,3840,61,1,1,143,,1390,-2600,540,,-1390,900,541;13R,3048,46,1,1,143,,1170,-3200,540,,-1060,-300,540;04,2521,61,1,1,52,,-830,-600,540,,560,2400,539
CYOJ|1|YOJ|High Level~1|86214|28350|338|13,1524,46,1,1,154,,610,-600,338,,-610,600,335
CYOP|1|YOP|Rainbow Lake~1|84914|5920|536|09,1383,30,1,1,110,,210,-1100,536,,-220,1100,536
CYPE|1|YPE|Peace River~1|62269|25530|571|04,1524,46,1,1,61.4,,-360,-1100,571,,310,1100,567;08,579,46,4,2,102,,60,400,,,-50,1300
CYPY|1|YPY|Fort Chipewyan~1|87672|88830|232|04,1524,46,1,1,51,,-440,-1100,215,,420,1000,231
CYQF|1|YQF|Red Deer~4|21822|61060|905|17,2286,30,1,1,180,,900,100,901,,-620,100,902;12,1051,30,1,1,130,,0,-600,905,61,-610,600,899
CYQU|1|YQU|Grande Prairie~1|51797|11150|669|12,2591,45,1,1,135,,1040,-1959,669,122,-602,928,667;07,1890,61,1,1,89.4,,470,-1500,669,,470,1500,668
CYRV|1|YRV|Revelstoke~1|9622|18157|445|12,1463,23,1,0,138,,930,-570,444,,-40,830,445,91
CYVK|1|YVE|Vernon~4|2462|6690|347|05,1024,23,1,1,71,,30,-600,,,340,700,,140
CYXH|1|YXH|Medicine Hat~4|189|92790|717|03,1524,46,1,1,44.6,,-490,-700,716,,490,800,716;09,860,30,1,1,106.8,,-200,-400,716,,-420,800,716
CYZH|1|YZH|Slave Lake~1|52929|52227|583|10,1695,30,1,1,114.7,,360,-1270,580,,-280,1130,583,170
CYZU|1|YZU|Whitecourt~1|41439|42130|782|11,1768,30,1,1,125,,450,-1100,779,,-460,1100,779
CZAM|1|YSN|Shuswap~4|6828|7710|534|14,1298,23,1,1,158,,540,-300,528,,-540,400,534
#CA|S
CA-0297||PFM|Primrose~1|53900|88802|703|14,1191,30,5,0,135,,,,702,,,,701
CA-0497|||Vulcan / Kirkcaldy~1|3319|66422|1042|03,971,46,1,0;15,938,46,5,0;09,914,46,1,0
CA-0772|||Shuswap (Skwlax Field)~1|8787|4092|357|16,987,23,4,0
CAA8|||Invermere~1|5215|39942|860|15,914,23,1,0,170,,-70,480,,,-900,680
CAG4|||Agro 1~6|3175|67422|1036|17,1219,30,4,0
CAH4|||Valemount~1|28527|6637|797|14,1204,23,1,0,161,,560,-70,,,-460,530
CAJ7|||A J Flying~b|4539|62528|1052|07,1372,15,1,0,87,,-420,-1280,,,-360,720
CAL4||JHL|Fort MacKay/Albian~e|72239|85810|319|13,2301,45,1,0
CAM4|||Alhambra / Ahlstrom~1|23462|53325|979|09,762,18,4,0,109
CAQ5|||Nakusp~1|2664|21870|515|12,914,23,1,0,141,,300,-400,,,-330,400
CBF9|||Mabel Lake~1|6089|12690|430|16,884,46,4,0
CBL6|||Radium Hot Springs~1|6272|39050|808|16,792,30,4,0
CDO2|||Ostergard's~1|12950|73898|884|12,732,23,4,0
CEA3|||Olds-Didsbury~1|17119|58930|1024|10,1113,23,1,1,116.3,,170,-700,,,-295,807;04,549,15,4,0,59.2,,-250,-800,,,0,-100
CEA5|||Hardisty~1|26469|86160|709|07,914,23,1,1,90,,0,-700,,,0,600
CEB5||ZFW|Fairview~1|60814|15650|660|04,1069,23,1,1,59,,-250,-700,,,250,800
CEC3|||Fox Lake~1|84736|54507|259|08,1067,30,5,0
CEC4||YJP|Jasper-Hinton~1|33192|22470|1221|02,1311,30,1,1,39,,-480,-600,1227,,470,600,1221,91
CED3|||Oyen~5|13342|95090|761|14,914,23,1,1,160.6,,390,-300,,,-360,200;04,671,23,8,0,60.6
CED4|||Fox Creek~1|43800|32340|866|10,899,23,1,0,,,,,866,,,,866
CED6|||Highwood~1|8019|61110|1052|16,716,23,5,0
CEE4|||Hinton / Entrance~1|33814|22990|1052|04,1128,46,4,0
CEE5|||Wabasca~1|59614|61813|557|07,1080,30,1,1,88.4,,30,-930,,,50,870
CEE6|||Edmonton / Twin Island~j|34711|68443|742|06,884,30,4,0
CEE8|||Viking~1|31090|81351|689|13,899,23,1,0
CEF4|||Airdrie~e|12639|60660|1112|12,1524,30,1,1,137.5,,500,-800,1113,,-510,700,1113,305;10,892,30,1,2,117.3,,190,-700,,,-200,500;16,889,30,5,2,179.3,,170,-600,,,-610,-600;04,888,30,5,2,60.3,,-610,-600,,,-200,500
CEG3|||Lacombe~1|24883|62880|848|17,916,23,1,1,180,,420,0,,,-410,0
CEG4|||Drumheller~5|14964|72510|792|17,1068,23,1,1,180,,500,0,792,,-450,0,792
CEG5|||Chipewyan Lake~1|69513|65017|549|10,914,30,4,0
CEH2|||Cu Nim~1|7229|58193|1128|07,919,91,4,0;14,680,61,4,0
CEH3|||Ponoka Industrial (Labrie Field)~1|26517|63940|814|16,944,23,1,1,178.9,,410,0,,,-450,0
CEH4|||De Winton South Calgary~1|8219|61760|1023|10,919,46,1,0,120,,230,-600,,,-190,500;16,893,46,1,0,179,,620,500,,,-190,500
CEH5|||Red Earth Creek~1|65461|47242|546|13,1080,23,1,1,143,,390,-420,,,-360,680
CEH6|||Provost~1|23381|97210|670|12,1524,23,1,1,133.8,,460,-700,666,266,-470,1000,670,117
CEJ3|||Stettler~1|23100|72460|819|07,914,23,1,1,88,,-30,-700,,61,0,700
CEJ4|||Claresholm Industrial~1|47|63700|1013|03,945,30,1,1,48,,-180,-700,,,390,300;09,945,30,1,2,108,,-250,-600,,,-500,600;14,945,30,1,2,165,,360,400,,,-410,700
CEJ6|||Elk Point~1|38929|92280|604|08,1371,23,1,1,90,,20,-1100,,,-10,1000
CEK6|||Killam-Sedgewick~1|27954|82396|665|12,900,23,1,0,132
CEL4|||Hanna~1|16322|80953|835|12,1077,23,1,1,134,,250,-530,,,-410,570;02,549,30,4,0,39,,-300,370,,,90,870;15,432,18,4,0,169,,0,470,,,-360,570
CEL5|||Valleyview~1|50329|27055|742|07,1006,23,1,1,88,,-70,-950,,,-40,650
CEL6|||Two Hills~1|37098|82118|613|12,884,23,1,0
CEM4|||Big Bend~1|20786|59730|920|04,922,30,1,0,62,,60,-900,919,,450,300,912;10,922,30,1,0,118,,-50,-900,919,,-440,300,917;16,922,30,1,1,180,,420,400,916,,-420,400,912
CEM5|||Swan Hills~1|46708|45850|1059|10,1372,30,1,1,124,,340,-800,1059,,-360,900,1059
CEN2|||Bassano~1|8041|75359|796|07,899,23,1,0
CEN3|||Three Hills~1|16967|67910|907|12,914,23,1,1,132,,250,-500,,,-280,500
CEN4|||High River~1|5342|61566|1046|07,1268,23,1,1,80,,-47,-394,1044,,91,876,1045;15,831,17,5,0,159,,190,540,1040,,-560,940,1051
CEN5|||Cold Lake~4|44775|97310|544|08,914,23,1,1,90,,0,-700,,,0,700
CEN6|||Vauxhall~1|333|79170|786|05,899,23,1,0
CEP3|||Barrhead~1|40969|55611|646|07,1067,30,1,1,90,,310,-210,,,310,1390
CEP5|||Janvier~1|59000|92670|480|13,1372,30,5,0
CEQ3|||Camrose~1|30403|71840|739|14,1375,30,1,1,154,,220,-100,737,61,-890,800,738
CER2|||Castor~1|22209|80731|824|13,914,23,1,1,148,,-60,-1010,,,-780,-310
CER3||YDC|Drayton Valley Industrial~1|32658|50400|846|14,1544,23,1,1,161,,520,-300,,232,-790,500,,105
CER4||NML|Fort McMurray / Mildred Lake~1|70556|84260|319|11,1657,30,5,1
CES4|||Westlock~1|41417|62596|675|10,914,23,1,1,118,,250,-660,,61,-140,540,,61
CET2||CFM|Conklin (Leismer)~1|56953|87210|588|09,1601,30,9,0,115,285,,,583,,,,582
CEU2|||Beaverlodge~1|51842|5520|698|07,914,23,1,1,90,,0,-700,,,0,800
CEV2|||Edra~1|78500|67500|800|12,975,30,4,0
CEV3|||Vegreville~1|35144|79730|632|13,1219,30,1,1,147.7,,450,-500,,,-470,500
CEV5|||Mayerthorpe~1|39375|48210|741|12,899,23,1,0
CEV7|||Tofield~1|33713|73033|704|10,914,23,1,1,117,,170,-630,,,-210,570
CEW3|||St. Paul~1|39937|86220|654|08,1067,30,1,1,95,,-10,-1000,,,-90,600
CEX3|||Wetaskiwin~4|29650|65890|765|12,1181,30,1,1,134,,420,-800,764,,-310,500,761,109
CEX9|||Brant (Dixon Farm)~1|4194|64590|1019|16,1219,23,4,0
CEZ3|||Edmonton / Cooking Lake~1|34275|68840|743|10,899,23,1,1
CEZ4|||Fort Vermilion~1|84042|40490|255|08,914,30,1,1,96,,20,-800,,,-60,800
CFA5|||Grande~1|63000|77670|533|03,732,30,4,0
CFB3|||Hespero~1|23000|55360|968|11,853,30,4,0;02,792,30,4,0
CFB4|||Trout Lake~1|64990|54523|698|04,914,23,4,0
CFB5|||Namur Lake~1|73833|72000|780|07,610,30,4,0
CFB6|||Edmonton / Josephburg~1|37280|69134|631|08,1390,30,1,1,102,,10,-640,,120,-160,760,,75
CFB7|||Steen River~1|96333|28330|304|17,1524,30,4,0
CFC6|||Rockyford~1|12667|68830|872|13,762,14,4,0
CFC7|||Rimbey~1|26816|57635|903|14,899,23,4,0
CFD5|||Grimshaw~1|61961|23747|625|07,896,23,10,0,,,,,,,,,,280
CFF2|||Christina Basin~1|55900|81770|721|09,732,30,5,0
CFF3|||Jean Lake~1|74833|61170|722|13,732,30,4,0
CFF9|||Marek Farms~1|30314|72220|746|16,610,18,4,0
CFG3|||Consort~1|20238|92512|762|13,914,23,1,1,150,,-350,-420,,,-1070,180
CFG4|||Debolt~1|52352|19600|646|07,899,23,4,0
CFG5|||John D'Or Prairie~1|84914|48620|290|06,1024,27,4,0
CFG6||YFI|Fort Mackay / Firebag|72758|90233|537|16,2100,45,1,1
CFH8|||Warburg / Zajes~1|32178|56634|771|07,732,27,4,0
CFK2|||Bashaw~1|25579|70359|796|10,899,23,4,0
CFK4|||Calling Lake~1|53167|67500|638|10,899,24,4,0
CFK6|||Olds (Netook)~1|18500|59330|1015|14,1341,91,4,0;01,1128,61,4,0
CFL2|||Empress McNeill Spectra Energy~1|6818|99568|730|02,1067,23,1,0,36,,-320,-280,,,460,620
CFL9|||Johnson Lake~1|75667|96830|610|07,762,23,4,0
CFM2|||Birch Mountain~1|77000|81670|792|08,823,23,4,0
CFM4||YOE|Donnelly~1|57094|29060|594|07,900,23,1,0
CFM6|||Teepee~1|64594|58810|782|11,732,46,4,0
CFM7|||Boyle~1|45740|71795|657|08,914,23,4,0
CFN5|||La Crete~1|81729|36621|319|07,1341,30,1,1
CFN7|||Sundre~1|17742|53230|1114|15,1306,23,1,1,157,,610,-447,1116,,-520,100,1114;06,743,23,4,0,72,,110,-600,,,270,200
CFP5|||Glendon~1|42708|89330|559|16,671,21,4,0
CFP7|||CFB Wainwright Field 21~1|28306|88990|689|12,2240,25,1,1,127.6,,550,-1200,,,-560,1200
CFQ4||TIL|Cheadle~1|10575|63760|1006|07,1219,30,4,0
CFQ7|||Edmonton / Gartner~1|32810|65441|728|09,914,15,4,0
CFR2|||Bawlf (Blackwells)~1|29000|74500|709|16,823,15,4,0
CFR7|||Red Deer Forestry~1|16514|47610|1416|07,874,,0,0,,,,,1416,,,,1416
CFS5|||Spirit River~5|57838|11592|623|06,914,23,1,1,88,,-50,-620,623,,-20,880,623
CFS6|||Loon River~1|71419|49250|472|13,1798,30,1,0,153,,720,-700,,274,-710,600
CFS8|||Clearwater River~1|19881|47720|1250|04,1006,23,4,0
CFT2|||Wilderman~h|5524|64168|1021|07,823,17,4,0
CFT8|||Pelican~1|61608|65260|628|07,1180,23,1,1,90.6,,10,-900,616,,0,1000,628
CFU3|||Chipman~1|37188|73641|669|10,792,137,4,0
CFU4|||Garden River~1|87139|61240|241|07,914,23,4,0
CFU8|||Irma~1|29122|88260|680|10,945,20,5,0
CFV2|||Beiseker~1|13933|65280|925|16,899,23,1,0
CFV3|||Mobil Bistcho~1|94747|9939|610|10,1097,23,4,0
CFV6|||Margaret Lake~1|89458|47435|838|10,1219,30,4,0
CFW2|||Gordon Lake~1|66167|95000|488|15,671,15,4,0,139
CFW4|||Muskeg Tower~1|71375|91070|616|16,732,23,4,0
CFX2|||Calgary / Okotoks Air Park|7353|60650|1098|16,922,15,1,1,178,,410,100,,,-410,200
CFX3|||Doig~1|69563|4851|1067|10,914,15,4,0
CFX4|||Manning~5|69508|23560|491|07,1700,30,1,1,90,,0,-1400,491,,0,1400,481
CFX6|||Vulcan~1|4045|67148|1048|16,899,23,1,0;05,640,41,4,0
CFX8|||Chestermere (Kirkby Field)~1|10421|62455|1018|16,618,17,4,0;08,322,12,4,0
CFY2|||Grist Lake~1|54000|95170|610|13,914,23,8,0
CFY4|||Winters Aire Park~1|9048|62038|1027|16,747,23,4,0;09,588,23,4,0
CFY6|||Turner Valley Bar N~b|6544|56560|1283|06,1166,23,5,0
CFZ5|||Sundre / Goodwins~h|17398|53374|1128|16,610,18,4,0
CGB2|||Bishell's~1|15828|59480|1036|16,823,30,4,0;07,427,20,4,0
CJF4|||Jaques Farms~1|8605|93483|610|16,960,,4,0;08,411,,4,0
CLG3|||Liege / CNRL~1|70019|68060|527|10,978,23,5,0
CMF2|||Edmonton / Calmar (Maplelane Farm)|31847|62618|768|07,610,18,4,1,92
CMN6|||Edmonton/Morinville (Mike's Field)~e|38369|64367|702|16,712,23,4,0,160
CNP6|||Nampa / Hockey|59149|28638|625|16,549,15,4,0
CPL6|||Parkland~1|34741|61757|708|08,693,30,1,0,,,59,-1033,708,,5,7,708
CRL4||KFM|Kirby Lake~1|53556|93630|689|08,1500,,0,0,,,,,675,,,,681
CSP3|||Stony Plain (Stony Field)~1|35375|59320|736|06,715,20,4,0,81
CVS2|||Viking (South)~1|30256|80510|683|10,884,27,4,0
CWL3|||Calmar/Wizard Lake~1|31160|62310|792|16,772,,4,0;08,426,,4,0
CWR2|||Wild Rose~1|3608|65928|1059|14,1219,30,4,0
CYBA|1|YBA|Banff~1|12082|44594|1397|18,914,58,10,0
CYBP|||Brooks~4|6336|80740|759|12,853,23,1,0;02,732,15,5,0
CYCT|1|YCT|Coronation~1|20750|85550|791|11,914,23,1,1,128,,250,-600,,,-250,500
CYCZ|1|YCZ|Fairmont Hot Springs~1|3311|41263|811|16,1830,30,1,1,171,,890,-230,804,,-720,270,810,250
CYEA|||Empress~1|9333|99870|674|11,900,23,1,0,,,,,663,,,,674
CYJA|1|YJA|Jasper~1|29964|19398|1021|13,1216,46,4,0
CYLB|1|YLB|Lac La Biche~1|47703|79680|574|11,1737,30,1,1,129,,500,-1000,574,,-500,1100,574
CYNR|1|HZP|Fort Mackay / Horizon~1|73817|82990|279|17,1829,,0,0,,,,,278,,,,277
CYRM|1|YRM|Rocky Mountain House~1|24297|50960|989|13,1676,30,1,1,146,,630,-700,984,,-620,700,986
CYVG|1|YVG|Vermilion~1|33577|91726|617|10,1006,23,1,1,119,,40,-260,615,,-380,1040,616,335
CYWM|||Athabasca~1|47431|67950|601|17,1219,30,1,1,181,,550,100,599,,-530,100,601
CYWV|||Wainwright~1|27964|91416|680|13,914,23,1,1,139,,250,-360,,,-360,540
CZHP|1|ZHP|High Prairie~1|53936|35250|602|07,1199,23,1,1,88.5,,-10,-1000,602,,10,900,601
CZVL|1||Edmonton / Villeneuve~1|36675|61460|688|08,1524,30,1,1,103,,632,-803,,,395,1468;16,1067,30,1,1,181,,473,-1121,,,-484,-1121
