#MN|M
ZMUG|1|ULO|Ulaangom~1|666|19383|1730|13,2687,30,2,0
#RU|L
UNAA|1|ABA|Abakan~3|37400|13850|253|02,3250,45,1,1,26,,-1320,-1030,253,492,1320,1050,251,242;02C,2500,80,4,2,25,,-880,-800,,,1140,790;02L,1300,28,1,2,25,,370,-180,,,1430,640
UNKL|1|KJA|Krasnoyarsk~3|61757|24858|287|11,3700,60,1,1,113.1,,380,-1990,287,,-930,3490,287
#RU|M
RU-3880|||Kansk~d|61233|56633|316|06,2500,40,2,1
UNII|1|EIE|Yeniseysk~1|84742|21125|77|17,2200,40,2,1
UNKM|1|KCY|Krasnoyarsk Cheremshanka~1|61776|25459|254|11,1800,35,2,1
UNKS|1|ACS|Achinsk~1|62692|5751|315|08,2450,42,2,0,87
UNKY|1|KYZ|Kyzyl~1|16694|44006|647|05,2700,40,2,1
#RU|S
RU-0029|||Kansk West~1|62055|56362|199|E/W,1280,15,1,0,86,,-30,-1090,,,340,980;H,23,23,1,2
RU-0058|||Tasayevo~1|71750|48900|91|04,1250,20,2,1
RU-0071|||Kuznetsovo~9|59618|30120|270|08,600,81,4,0
RU-0345|||Nazarovo~1|59725|4902|270|06,1350,35,2,1
RU-0468|||Oktyabrskiy~1|60881|94095|262|15,1700,30,2,1
RU-0470||MJY|Motygino~1|81809|47453|164|09,1303,,2,0
UINN|1||Nizhneudinsk~1|48900|90660|408
UNAU|1||Shushenskoye~1|33852|20447|270|08,1800,35,2,1
UNKB||BGS|Boguchany~1|83806|74723|136|08,1200,20,2,1
UNKI||KNY|Kodinsk~1|84794|90939|302|06,1600,32,2,1
