#CA|M
CYAQ|1|XKS|Kasabonika~1|35247|13572|205|03,1067,30,5,0,,,,,205,,,,193
CYMO|1|YMO|Moosonee~1|12911|93922|9|06,1219,30,1,1,43,,-300,-110,8,,500,1090,8;14,1067,30,0,1,127,,390,-1190,9,,-190,30,8
CYQN|1|YQN|Nakina~1|1828|33036|322|09,1067,30,1,1,85,,-60,-720,322,,30,750,322;06,975,91,4,2,53.4,,-360,-500,,,160,610;16,975,91,5,2,153.3,,-60,-50,,,-840,560
CYYW|1|YYW|Armstrong~1|2903|10903|322|12,1219,30,1,1,117,,880,-1530,319,,390,0,322;18,896,30,1,0,178.7,,390,0,322,,-420,30,322
#CA|S
CJV7||SUR|Summer Beaver~1|27086|14581|254|17,1067,30,5,0
CKB6||YAX|Wapekeka~1|38492|4206|217|12,1097,30,5,0,,,,,212,,,,217
CKL3||WNN|Wunnumin Lake~1|28939|7108|250|16,1067,30,5,0,,,,,248,,,,250
CNM5||KIF|Kingfisher Lake~1|30125|1447|264|12,1073,30,5,0,,,,,264,,,,263
CPS5|||Miminiska~1|16044|14178|305|09,732,15,4,0
CYAT|1|YAT|Attawapiskat~1|29275|75681|9|06,1067,30,5,0,,,-304,-607,,,323,591
CYER|1|YER|Fort Severn~1|60189|23239|15|15,1067,30,5,0
CYFA|1|YFA|Fort Albany~1|22035|83048|15|10,1098,30,5,0,98,,,,,,,,14
CYFH|1|YFH|Fort Hope~1|15619|20922|274|09,1067,30,5,0
CYKP|1|YOG|Ogoki Post~1|16586|40983|181|09,1067,30,5,0
CYLH|1|YLH|Lansdowne House~1|21956|20658|254|08,1067,30,5,0,,,,,251,,,,252
CYPO|1|YPO|Peawanuck~1|49879|45574|53|11,1073,30,5,0,108,,,,52,,,,51
CYTL|1|YTL|Big Trout Lake~1|38178|1031|222|14,1189,30,5,0,,,,,222,,,,216
CYWP|1|YWP|Webequie~1|29594|26251|209|02,1067,30,5,0
CZKE|1|ZKE|Kashechewan~1|22825|83222|11|06,1190,30,5,0,64,,,,11,,,,10
