#CA|H
CCR6|||Campbell River (E & B Heli)~2|413|47314|2
#CA|M
CAJ4||YAA|Anahim Lake~1|24515|46962|1108|13,1198,23,1,0,146.9,,550,-420,1102,,-350,580,1108;06,835,30,5,2,81.5,,380,-320,,,490,880
CAZ5||YZA|Cache Creek-Ashcroft~4|7753|86787|620|15,1000,23,1,0,171,,1250,330,,,360,530
CBBC|1|ZEL|Bella Bella (Campbell Island)~1|21850|18430|43|13,1128,23,1,0,151,,440,-400,43,,-440,400,31
CYBD|1|QBC|Bella Coola~1|23875|34040|36|05,1280,30,1,0,72,,-170,-800,,,190,900,,35
CYCQ|1|YCQ|Chetwynd~1|56872|83730|610|05,1367,30,1,1,72,,-190,-1000,610,,190,1100,610
CYDQ|1|YDQ|Dawson Creek~1|57412|98167|655|07,1524,46,1,1,85,,-10,-1070,654,,100,1430,654
CYKA|1|YKA|Kamloops John Moose Fulton Field~4|7030|95514|345|09,2438,45,1,1,103,,90,-740,344,,-270,1760,345;05,572,15,1,0,61,,-380,560,344,,-110,1360,344
CYPZ|1|YPZ|Burns Lake~1|43764|40490|714|11,1524,23,1,1,136.8,,510,-900,713,,-500,800,714
CYQZ|1|YQZ|Quesnel~1|30261|74900|545|13,1676,61,1,1,150,,650,-700,545,,-650,600,543
CYWL|1|YWL|Williams Lake~1|21831|79460|940|12,2134,46,1,1,135,,610,-1000,939,,-730,1100,937
CYXJ|1|YXJ|Fort St John / North Peace~4|62381|92600|695|12,2106,46,1,1,135,,690,-1300,686,,-640,1000,684;03,2042,60,1,1,45,,-610,-1000,674,,690,1300,695,58
CYXS|1|YXS|Prince George (International)~1|38843|73334|691|15,3490,46,1,1,170,,1600,-440,680,,-400,260,670,152;06,1714,46,1,1,79,,140,-2640,691,,440,-140,676,124;01,1149,23,1,0,31,,160,-1140,681,300,1040,-240,679,114
CYXT|1|YXT|Northwest Regional Airport Terrace-Kitimat|44685|14240|217|15,2285,46,1,1,171.9,,1020,-1400,211,,-1010,-901,206;03,1638,46,1,0,51,,-960,-800,205,,-40,1200,217
CYYD|1|YYD|Smithers~1|48247|28170|522|15,1524,46,1,1,171,,690,-100,519,,-660,200,522
CYYE|1|YYE|Fort Nelson~1|88364|74030|382|04,1951,61,1,1,57,,-560,-1900,382,,390,900,380;08,1090,23,1,0,102,,190,-200,381,,-80,1900,374
CYZT|1|YZT|Port Hardy~1|6806|26330|22|11,1524,46,1,1,129.3,,550,-600,13,,-340,1000,11;08,1219,46,1,1,92,,0,-900,22,,-60,900,10;16,1219,46,1,0,178.4,,520,-500,13,,-560,-400,22,450
CYZY|1||Mackenzie~1|52978|68661|690|17,1534,30,1,1,186,,1330,290,,,-30,90
CZST|1|ZST|Stewart~1|59354|176|7|18,1189,23,1,0,194,,520,41,,,-510,-359
#CA|S
CA-0069|||Knutsford~9|5980|96914||13,762,,4,0
CA-0446||YRR|Stuart Island~6|4094|48684|110
CA-0784|||Kleena Kleene (Chilanko Lodge)~1|19574|51140|924|15,958,27,4,0
CAD5||YMB|Merritt~1|1225|92546|634|03,1219,22,1,0,57,,-370,-860,,,230,540
CAF4|||Tsuniah Lake Lodge~1|15264|58360|1219|04,1219,30,4,0
CAG3||CJH|Chilko Lake (Tsylos Park Lodge)~1|16258|58555|1173|18,975,15,5,0
CAJ9|||Fort Ware~1|74279|43518|747|09,1433,9,5,0
CAL3||DGF|Douglas Lake~1|1655|98287|844|08,1402,12,1,0,100,,230,-2170,,,10,-270
CAM5|||Houston~1|44403|32200|655|13,1189,20,1,0,150,,-230,-800,,,-1160,100
CAP6|||Ingenika~1|67906|51030|680|11,1829,30,5,0
CAQ4|||Springhouse~j|19549|78600|991|15,1463,23,4,0
CAS2|||Moose Lake Lodge~1|30738|45916|1067|06,838,12,4,0
CAT5||YMP|Port McNeill~1|5735|29723|69|11,1097,23,5,0;06,732,11,1,0
CAU4|||Vanderhoof~1|40516|59892|678|07,1529,30,1,0,84.1,,-630,-1320,,,-490,980,,61;03,1370,55,4,0,55,,-1600,-820,,,-540,780;16,1015,55,4,0,180,,-630,-1020,,30,-1500,-820
CAV3|||One Hundred Mile House~1|16425|86930|931|08,579,14,1,0
CAV4|||McBride Airport/Charlie Leake~a|33150|98290|716|11,823,23,1,0
CAW3|||Scum Lake~1|17954|64184|1204|03,1067,18,1,0
CAX5|||Likely~1|26130|84923|983|08,975,20,5,0
CBA8|||Beaverley~1|38556|70920|738|07,750,15,5,0
CBA9|||Ospika~1|62710|59367|701|02,1707,18,5,0
CBG2|||Green Lake~1|14294|87900|1082|18,785,12,4,0
CBH2|||Helmet~1|94258|92020|588|12,1378,30,6,0
CBJ4|||Echo Valley~1|12417|80102|1113|07,1040,18,1,0,90.2,,0,-1220,,,-10,280
CBK6|||Quesnel Lake~1|25140|89541|762|07,823,46,4,0
CBK7|||Mile 422 (Alaska Highway)~1|88484|47636|732|07,914,24,5,0
CBL3|||Gordon~a|88167|72170|495|12,1219,15,4,0
CBL9|||Elkin Creek Guest~b|15105|61938|1244|18,1219,14,4,0
CBN9|||Tsay Keh~1|69061|50350|695|12,1372,15,5,0
CBQ8|||Woodcock~1|50667|17670|164|02,1021,61,1,0,44,,-330,-600,157,,330,500,164,320
CBT3|||Tsetzi Lake (Pan Phillips)~1|29701|49713|1082|02,671,23,4,0
CBU2|||Eddontenajon / Iskut Village~1|78480|160|945|09,1097,15,5,0
CBW2|||Kitimat~1|41678|14213|76|17,914,23,5,0
CBW3|||Fort Grahame~1|65214|55297|680|13,1524,12,5,0
CBX7||TUX|Tumbler Ridge~1|50250|90650|937|01,1219,30,1,1,33,,-420,-600,937,,500,400,937
CBZ9|||Fraser Lake~1|40145|52286|820|08,1189,23,1,0,103.7,,10,-560,,,-240,1140
CCI9|||Cortes Island (Hansen Airfield)~1|203|50160|50|15,518,23,5,0
CDC3|||Flying L~b|58195|95397|817|07,610,,4,0
CRHA|||Streatham Reef Hueston~9|38226|38270||02,2835,35,1,1
CYAL|1|YAL|Alert Bay~1|5822|30840|73|09,884,23,1,0
CYJM|||Fort St James~1|43972|57370|721|10,1219,23,1,0,124,,310,-800,,,-300,800
CYJQ|||Denny Island~1|21365|19438|49|10,900,30,1,0,,,,,49,,,,49
CYLI|||Lillooet~1|6747|81060|402|14,1216,23,1,0,161.5,,530,-200,,,-530,300
CYNH|1|YNH|Hudson's Hope~1|60351|80217|677|05,1585,30,1,0,74.1,,-150,-970,,61,240,1430,,61
CYPS|||Pemberton~4|3025|72620|204|06,1194,30,1,0,83,,-70,-800,,,70,900
CYPU|||Puntzi Mountain~1|21128|58550|910|05,1832,76,1,0,66.9,,-320,-1200,910,,330,1300,910
CZML|1|ZMH|South Cariboo Region / 108 Mile~1|17361|86670|953|15,1613,23,1,1,165,,690,-400,953,126,-580,300,943
KCA2|||The Hill~6|22188|65505||1/2,792,20,1,1
YRD||YRD|Dean River~1|28237|30350|19
#CA|W
CA-0841||YHC|Hakai Passage Water~e|16697|19182|0
CAA7|||Gilford Island/Echo Bay~7|7667|35170
CAE3||YHH|Campbell River~7|500|47500
CAE5||YWS|Whistler/Green Lake Water~e|1436|70510|640
CAF6||YIG|Big Bay~7|3923|48628
CAH2||ZOF|Ocean Falls~7|23667|22830|0
CAU8||YRN|Rivers Inlet~7|16840|27360
CAV5||YTG|Sullivan Bay~7|8854|31689
CAV7||YMU|Mansons Landing~7|714|50164
CAW8||YSX|Bella Bella/Shearwater~7|21500|19170|0
CAX7|||Minstrel Island~7|6083|36940
CAY4||YTB|Hartley Bay~7|34167|7500|0
YBH||YBH|Bull Harbour Water~e|9179|20628|0
YCF||YCF|Cortes Bay Water~e|630|50700
YGE||YGE|Gorge Harbour~7|994|49765|0
YGN||YGN|Greenway Sound~7|8390|32250||12,1746,50,12,0,,,1762,-11070,,,892,-8565
YKT||YKT|Klemtu Water~e|26076|14782|0
YQJ||YQJ|April Point~7|650|47650
YRC||YRC|Refuge Cove~7|1234|51570|0
ZNU||ZNU|Namu Water~e|18628|21306|0
