#CA|M
CYAV|1||Winnipeg / St. Andrews~1|564|29675|232|13,914,23,1,1,132,,500,-310,231,,-60,640,232;18,914,23,1,1,190,,500,-430,230,,-290,-640,231;04,869,23,1,1,46,,-560,-310,231,,-30,560,232
CYGM|1|YGM|Gimli Industrial Park~1|6281|29567|230|15,2073,46,1,1,150.3,,800,-610,230,,-840,860,226
CYIV|1|YIV|Island Lake~1|38572|53464|235|12,1219,30,5,0,123,,290,800,235,,-330,800,235
CYLR|1|YLR|Leaf Rapids~1|65133|147|292|18,914,23,1,1,183,,450,60,,,-390,-30
CYNN|||Nejanilini Lake~1|94875|22197|305|17,1021,24,5,0
CYPL|1|YPL|Pickle Lake~1|14464|97858|386|09,1500,30,1,1,90,,10,-1070,386,,10,1090,374
CYRL|1|YRL|Red Lake~1|10669|62069|386|08,1524,46,1,1,80.7,,-110,-1080,377,,120,1090,386
CYTH|1|YTH|Thompson~1|58011|21358|222|06,1768,46,1,1,61,,-469,-1053,218,,301,1412,218;15,1548,30,5,1,151,,1175,-226,222,,-41,970,214
CYXL|1|YXL|Sioux Lookout~1|1139|80947|383|16,1615,30,1,1,156.2,,696,-441,379,91,-659,364,383;03,671,15,5,2,31.2,,140,200,,,640,670
CYYQ|1|YYQ|Churchill~1|87392|59350|29|15,2804,49,1,1,152.6,,650,-1270,29,,-1590,960,19;07,1219,30,5,1,72,,1250,-610,28,,1600,1380,26
CZEE|1|KES|Kelsey~1|60375|34903|183|12,789,23,5,0
CZJG|1|ZJG|Jenpeg~1|45189|19539|222|15,1158,30,5,0
CZLQ|1|YTD|Thicket Portage~1|53189|22922|207|12,677,23,5,0
CZMN|1|PIW|Pikwitonei~1|55889|28358|192|05,671,23,5,0
CZSJ|1|ZSJ|Sandy Lake~1|30642|66556|290|11,1067,30,5,0,,,,,288,,,,286
#CA|S
CA-0407|||Wiebenville~1|22170|95351|374|10,1639,21,5,0
CAV6|||Beausejour/Av-Ranch~j|411|34142|244|11,549,18,4,0
CEG8|||North Seal River~1|89694|250|299|03,1444,,0,0,,,,,298,,,,299
CJB6|||Gods Lake~1|47805|62818|184|16,762,20,5,0
CJE4|||Snow Lake~1|48972|1811|303|03,1070,23,5,0
CJE7|||Ashern~1|11586|16681|297|14,762,27,4,0
CJK2|||Gunisao Lake~1|35200|36289|270|12,1097,18,5,0
CJN7|||Little Churchill River / Dunlop's Fly-In Lodge~1|65800|37525|213|10,800,18,5,0
CJP7|||Bird River (Lac Du Bonnet)~1|3967|42650|290|07,1295,30,4,0
CJQ9|||Big Sand Lake~1|76194|1247|320|17,1052,24,9,0
CJR5|||Gladstone~1|1636|10575|274|18,821,29,1,0;08,625,23,10,0
CJR8|||Mccreary~1|7647|5033|305|17,792,15,4,0
CJT2|||Matheson Island~1|17322|30656|221|03,785,34,5,0
CJT3||YKE|Knee Lake~1|49153|52019|191|03,1204,34,5,0
CJU3|||Macdonald~1|964|14992|256|16,732,18,4,0
CJU5|||Minnedosa~1|2719|2369|561|10,838,23,10,0
CJU6|||Arborg~1|9128|26956|233|17,991,30,4,0;08,762,14,4,0
CJV5|||Neepawa~1|2328|4894|389|04,1070,23,1,1,50.8,,-310,-580,,,300,590
CJV8|||Grand Rapids~1|31725|6769|262|13,951,23,5,0,,,310,-492,261,,-294,514,261
CKB8|||Silver Falls~1|5000|39019|236|14,785,30,10,0
CKD9|||Slate Falls~1|11300|83344|413|10,1067,30,5,0,,,,,413,,,,409
CKF9|||De Lesseps Lake~1|7175|93164|400|08,920,21,2,0
CKG2|||Riverton~1|9718|30011|221|17,914,30,4,0
CKJ8|||Molson Lake~1|42581|29889|229|09,1329,27,5,0
CKL2|||Selkirk~1|1723|31297|228|11,914,27,5,0
CKM6|||Easterville~1|31167|2000|259|12,792,23,5,0
CKM8||YBS|Opapimiskan Lake~1|26067|96231|312|12,1478,30,5,0
CKQ3||YNO|North Spirit Lake~1|24900|70289|330|13,1067,30,5,0
CKQ6|||Erickson~5|4994|1022|644|09,914,23,1,1,96,,30,-640,,,-50,670
CKQ9|||Pine Dock~1|16200|31892|229|04,1204,30,5,0
CKR4|||Lundar~1|7033|19433|253|12,1173,26,4,1;06,817,23,4,0
CKX4|||Fisher Branch~1|10786|25302|251|17,488,27,4,0
CKZ3|||Elk Island~1|46714|58547|191|06,1158,21,9,0
CNE3||XBE|Bearskin Lake~1|39656|89728|244|07,1067,30,5,0,,,,,244,,,,242
CPV8||KEW|Keewaywin~1|29911|71636|301|13,1067,30,5,0
CYAC|1|YAC|Cat Lake~1|17272|81756|410|11,1189,30,5,0,,,,,408,,,,407
CYAX|1||Lac du Bonnet~1|2944|39900|259|18,1097,23,1,1,185,,480,80,,,-520,-30
CYBQ|1|XTL|Tadoule Lake~1|87063|14889|281|07,976,31,5,0,72,,,,281,,,,266;06,975,30,5,2
CYBV|1|YBV|Berens River~1|23589|29817|222|09,884,23,5,0,,,-3,-611,222,,1,681,222
CYCR|1|YCR|Cross Lake (Charlie Sinclair Memorial)~1|46098|22376|216|05,1216,29,5,0
CYGO|1|YGO|Gods Lake Narrows~1|45577|55099|188|14,1161,30,5,0,,,,,183,,,,188
CYGX|1|YGX|Gillam~1|63571|52885|145|05,1524,46,5,0,,,,,145,,,,144
CYHP|1|YHP|Poplar Hill~1|21133|57444|334|13,1067,30,5,0,,,,,334,,,,329
CYMY|||Ear Falls~1|7172|66155|387|10,1200,30,1,1,100,,140,-740,387,,-50,950,387
CYNE|1|YNE|Norway House~1|39583|21558|224|06,1189,30,5,0,60,,,,222,,,,224
CYOH|1|YOH|Oxford House~1|49333|47211|202|04,1167,23,5,0
CYPM|1|YPM|Pikangikum~1|18197|60267|340|09,1067,30,5,0,,,,,337,,,,340
CYRS|1|YRS|Red Sucker Lake~1|41672|64428|222|09,1084,26,5,0,,,,,222,,,,222
CYST|1|YST|St. Theresa Point~1|38453|51480|236|04,1036,23,5,0,,,,,236,,,,236
CYVZ|1|YVZ|Deer Lake~1|26556|59388|333|13,1067,30,5,0,,,,,328,,,,332
CZAC|1|ZAC|York Landing~1|60894|39108|189|10,1035,26,5,0,,,,,188,,,,189
CZBD|1|ILF|Ilford~1|60516|43812|196|09,914,23,5,0
CZGI|1|ZGI|Gods River~1|48397|59214|191|09,1079,24,5,0,,,,,184,,,,191
CZGR|1|ZGR|Little Grand Rapids~1|20454|45338|306|18,853,23,5,0
CZMD|1|MSA|Muskrat Dam~1|34414|82372|278|05,1067,30,5,0,,,,,273,,,,278
CZNG|1|XPP|Poplar River~1|29965|27258|222|10,762,18,5,0
CZPB|1|ZPB|Sachigo Lake~1|38909|78041|267|10,1067,30,5,0
CZRJ|1|ZRJ|Round Lake (Weagamow Lake)~1|29436|86872|297|03,1067,30,5,0,,,,,291,,,,297
CZSN|1|XSI|South Indian Lake~1|67928|10928|290|18,1070,30,5,0,,,,,289,,,,280
CZTA|1|YDV|Bloodvein River~1|17846|33077|220|18,914,23,5,0
CZTM|1|ZTM|Shamattawa~1|58636|79189|88|01,1221,27,5,0
