#KZ|L
UACC|1|NQZ|Nursultan Nazarbayev~3|10270|14671|355|04,3500,45,1,1,45,,-1600,-1750,355,,640,1750,353
UASP|1|PWQ|Pavlodar~3|21950|70731|125|03,2500,45,2,1,42.8,,-830,-1140,116,,810,1330,125
#KZ|M
KZ-0068|||Kurchatov~9|7361|85389|166
KZ-7470|||Dolon~d|5369|91947|215
UASB|1|EKB|Ekibastuz~1|15910|52150|189
#KZ|S
KZ-0114|||Bayanaul~1|7781|57446||14,1200,20,1,0
#RU|L
UNOO|1|OMS|Omsk Central~1|49631|33124|95|06,2876,82,4,0,77.1,,320,-2340,,,900,2030;07,2500,45,1,1,76.9,,140,-2090,95,,650,1720,89;15,725,76,4,0,164.6,,230,2720,,,-400,3020
#RU|M
UNOS|||Omsk Severny~1|49750|35550|116|04,3000,80,2,1
#RU|S
RU-0104|||Barabinsk~1|53600|83000||05,1025,,2,0,50
UNLW|||Novy Vasyugan~1|85860|65040|75|05,650,22,2,1
