#CZ|H
CZ-0038|LKCU||Chomutov~c|4536|34118|335
#CZ|L
LKKV|1|KLV|Karlovy Vary~1|2030|29150|606|11,2150,30,1,1,113,,384,-1374,606,140,-374,1402,605
LKPD|1|PED|Pardubice~1|150|57398|226|09,2500,75,2,1,93,,-100,-1860,224,,-210,1630,223
LKPR|1|PRG|Václav Havel Airport Prague|1009|42599|380|06,3715,45,2,1,65,,90,-3360,366,,1510,1350,353;12,3250,45,2,1,127,,710,-1450,354,,-1040,2180,376;04,2120,60,1,3,37,,-1320,680,380,,200,2450,358
#CZ|M
CZ-0244|||Kostomlaty~6|2084|49259||10,457,15,4,0
LKKB|1||Prague–Kbely~d|1214|45436|286|06,2000,45,1,1,62,,-420,-1230,286,,410,1240,279
LKVO|1|VOD|Vodochody~1|2166|43958|280|10,2500,45,1,1,105,,297,-1717,268,,-280,1670,279;11,1800,50,4,0,101,,60,-866,,,-358,1586
#CZ|S
CZ-0060|||Studenec ULM|5496|55359|550|11,610,35,4,0
CZ-0061|||Teplice~9|6208|38098|350|18,480,35,4,0;11,400,20,4,0
CZ-0069|||Druzcov u Lípy Ultralight~9|7278|49252|460|17,440,18,4,0
CZ-0071|||Vrátkov~9|395|48227|315|11,670,15,0,0
CZ-0072|||Buranos Aires Ultralight Strip|89|40377|380|09,550,30,0,0
CZ-0100|||Choteč~9|4339|55306|328|09,600,30,0,0
CZ-0129|||Osičiny~6|165|47722|390|18,540,30,0,0
CZ-0171|||Rovná u Sokolova~6|1011|26788|774|W/E,600,12,1,0
LKBR|1||Broumov~9|5619|63428|409|14,920,18,4,0,137,,190,-120,,,-180,380
LKCB|1||Cheb~9|661|24117|483|05,1000,25,4,0,53,,-365,-815,483,,382,760,483;06,1000,18,2,0,53,,-230,-440,,,300,680
LKCE|1||Česká Lípa~9|7094|45667|284|13,700,40,0,0,309,,210,-380,,,-200,380
LKCH|1||Chomutov~9|4689|34681|345|04,1199,40,4,0,38,,60,60,,,880,1140;14,831,40,4,0,139,,360,-480,,,-220,270
LKDK|1||Dvůr Králové nad Labem~9|4142|58369|284|10,860,100,0,0,98,,60,-590,,,-70,590
LKHC|1||Hořice~9|3576|55770|281|12,740,23,4,0,125,,199,-422,,,-197,428
LKHD|1||Hodkovice nad Mohelkou~9|6572|50778|451|01,980,100,4,0,8,,-421,-103,,,447,116
LKHK|1||Hradec Králové~1|2532|58452|241|15L,2400,60,2,1,151,,980,-730,238,,-980,710,240;15R,800,25,4,0,151,,520,-530,241,,-130,-50,241
LKJA|1||Jaroměř~9|3314|59539|271|14L,938,48,4,0,142,318,351,-375,,213,-331,402;14R,938,40,4,0,142,318,325,-428,,213,-355,349
LKJC|1||Jičín~9|4300|53331|263|12,1000,100,4,0,123,,267,-590,263,,-251,558,263
LKKL|1||Kladno~9|1128|40897|433|12,980,140,4,1,124,,290,-552,433,,-247,526,433
LKKO|1||Kolín~9|19|51733|284|03L,900,110,4,1,26,,-357,-306,282,,358,272,269;03R,850,35,0,0,26,,-389,-221,282,,323,361,269
LKKR|1||Krnov~9|744|76952|375|12,750,125,0,0,117,,110,-485,,,-176,462
LKLB|1||Liberec~9|7671|50231|405|16,1020,50,4,0,162,,362,-264,397,,-368,266,405
LKLT|1||Letňany~9|1314|45256|277|05L,860,23,4,0,46,,-209,-433,,,261,399;05R,800,25,4,0,51,,-208,-252,,,240,610
LKMB|1||Mladá Boleslav~9|3983|48983|238|16,900,100,4,0,155,,240,-430,237,,-550,-50,226;04,775,100,4,0,45,,-310,-520,234,,170,210,231
LKMH|1|HRA|Mnichovo Hradiště~1|5402|50066|244|07,1553,30,2,0,66.6,,-280,-1010,244,464,280,1000,244,480;08,985,61,4,0,66.7,,-160,-850,,,180,420
LKMI|1||Mikulovice~9|3017|72975|421|05,999,23,4,0,52,,-267,-541,,,264,573
LKMO|1||Most~9|5250|36831|332|02L,1129,30,4,0,18,,-485,-258,,,492,268;02R,1129,70,4,0,18,,-496,-203,,,474,338
LKNM|1||Nové Město nad Metují~9|3642|61136|305|08,930,30,4,0,78,,-110,-900,297,,30,390,302;18,900,30,4,0,179,,390,0,305,,-410,-20,300
LKPC|1||Panensky Tynec~9|3061|39342|368|09,2505,29,1,0,86,,-70,-1740,368,,90,1750,350
LKRA|1||Rana Loumy~9|4039|37519|268|11,850,70,4,0,108,,230,-1015,248,,-22,104,263;22,750,100,4,0,45,,422,677,,,-42,-66
LKRK|1||Rakovnik~9|942|36889|387|09R,935,90,4,0,87,,-71,-379,388,,-37,891,370;09L,750,90,4,0,87,,68,-206,,,97,882
LKRO|1||Roudnice nad Labem~9|4102|42271|223|13R,1400,63,4,0,133,,474,-797,222,,-410,605,222;13L,840,30,4,1,133,,243,-335,222,,-288,504
LKSN|1||Slaný~9|2164|40878|329|07L,760,23,4,0,72,,-64,-444,,,116,442;07R,760,40,4,0,72,,-93,-429,,,88,458
LKSZ|1||Sazená~9|3247|42589|232|15R,1315,120,4,0,145,,492,-527,233,,-499,510,233;15L,841,30,4,1,145,,291,-194,233,,-388,505,233
LKTO|1||Toužim~9|864|29528|652|08,1290,100,0,0,75,,-143,-881,651,,158,850,645
LKUL|1||Usti Nad Labem~9|6997|39697|241|05,780,30,4,0,51,,-210,-530,236,,250,360,239
LKVP|1||Velké Poříčí~9|4678|62056|403|09L,760,30,0,0,85,,-12,-538,,,31,523;09R,550,30,0,0,85,,-41,-537,,,-6,237
LKVR|1||Vrchlabí~9|6242|56464|491|11L,836,40,4,0,,,162,-546,,,-82,573;11R,836,30,4,0,112,,117,-577,,,-134,540
LKZD|1||Žatec-Macerka~9|3175|35128|268|11,1120,40,4,0,109,,164,-745,269,,-190,719,269
LKZM|1||Žamberk~9|839|64439|430|13,725,100,4,0,134,,187,-430,,,-193,411
#DE|H
ETOA|1||Schweinfurt Army~2|498|1679|225
#DE|L
EDDB|1|BER|Berlin Brandenburg~1|23617|35023|48|06R,4000,60,2,1,69,,-1626,-3387,46,,-327,2088,45;06L,3600,45,1,1,69,,502,-2137,44,296,1671,2791,47,300
EDDC|1|DRS|Dresden~1|11341|37678|230|04,2850,60,2,1,41,,-944,-1312,230,,994,1356,214,302
EDDE|1|ERF|Erfurt-Weimar~1|9783|9607|316|09,2600,50,1,1,98,,298,-2097,312,,4,1577,310,210
EDDP|1|LEJ|Leipzig/Halle~1|14207|22327|142|08L,3600,45,2,1,85.7,,1050,-1690,127,,1290,3470,137;08R,3600,60,2,1,86,,-909,-2805,,,-668,2355
#DE|M
EDAC|1|AOC|Leipzig–Altenburg~1|9819|25064|195|04,2435,45,2,1,41,,-766,-993,195,260,923,1213,184,300
EDAH|1|HDF|Heringsdorf~1|38787|41523|29|10,2305,35,1,1,100,,290,-1780,23,,-260,1600,27;10L,1325,40,4,0,100,,128,-412,,,-194,1501;10R,600,30,4,0,100,,90,-1020,,,-60,-120
EDBN|1|FNB|Neubrandenburg Trollenhagen~1|36022|33060|69|09,2293,45,2,1,85,,-31,-1724,61,,37,1736,69
EDBR|1||Rothenburg/Görlitz~9|13633|49500|157|17,2000,30,1,1,173,,1110,-20,157,,-1140,20,157;17R,1200,40,4,0,173,,693,-54,157,,-384,-3,157
EDGE|1|EIB|Eisenach-Kindel~1|9916|4797|339|10,1720,55,2,1,105,,260,-1530,336,,-140,840,336,220
EDHK|1|KEL|Kiel-Holtenau~1|43796|1453|31|08,1260,30,1,1,82,,-90,-970,30,160,70,950,27,44;08L,450,35,4,0,81,,140,-450,,,210,220
EDHL|1|LBC|Lübeck Blankensee~1|38054|7192|16|07,2102,60,1,1,72,,-350,-1760,16,300,237,1274,14
EDQM|1|HOQ|Hof-Plauen~1|2885|18529|597|08,1480,30,1,1,87,,-20,-920,597,240,50,1150,578,60
EDUZ|1||Zerbst~9|20008|21486|88
EDVE|1|BWE|Braunschweig-Wolfsburg~1|23192|5561|90|08,2300,45,1,1,85,,-80,-1400,83,300,110,1958,88;08R,900,30,4,2,85,,-180,-760,,,-100,560
ETHC|1||Celle Army~9|25912|221|39|08,1831,45,1,1,81,,-130,-1330,39,,130,1340,39
ETHS|1||Faßberg~d|29194|1858|75|09,2440,29,1,1,91,,10,-2010,71,1940,-20,1620,75;09L,1000,50,4,0,88.3,,40,-720,,,70,800;06,400,45,4,0,64.3,,-710,560,,,-540,1140
ETNL|1|RLG|Rostock-Laage~1|39182|22783|42|09,2500,45,2,1,98,,141,-1803,42,,-170,2000,34
ETSH|1||Holzdorf~d|17678|31677|81|09,2419,30,1,1,93.3,,70,-1750,77,,-60,1750,80
#DE|S
DE-0004|EDUG||Gransee~9|30063|32022|50
DE-0043|EDVQ||Wilsche Glider~a|25247|4626|58
DE-0111|||Berliner Heide~9|26697|3705|69|03,671,125,0,0,30
DE-0118|||Scheuen~9|26693|880|58|08L,495,30,4,0,,,6,136,,158,15,869,,34;08R,450,33,4,0,,,-81,-784,,41,-29,-127
DE-0125|EDVP||Peine-Glindbruchkippe~9|23238|1815|75
DE-0190|||Stapelburg~9|19140|6833|222|A/B,800,800,4,0
DE-0230|||Riesa-Canitz~9|13024|32280|125|09,1000,,4,0
DE-0256|EDUP||Perleberg Glider~a|30705|18187|28|11,1280,,4,0
DE-0336|||Altes Lager~9|19962|29730|98|10,450,10,2,0
DE-0337|||Crawinkel~9|7785|8169|472|05,500,30,4,0
DE-0348|||Roggenhagen Ultralight~9|36709|33999||12,520,,4,0
EDAB|1||Bautzen~9|11936|45197|173|07,2200,50,2,1,69,,-290,-1500,173,,280,1510,162;07L,1000,40,4,0,69,,-170,-1380,,,90,-10
EDAD|1||Dessau~9|18318|21840|57|09,1000,25,1,1,87,,10,-720,57,,-10,730,57
EDAE|1||Eisenhüttenstadt~9|21972|45857|45|11,1170,23,1,1,110,,230,-780,45,,-200,780,45,50
EDAG|1||Großrückerswalde~9|6442|31264|670|10,1000,40,4,0,107,,,,670,150,,,670
EDAI|1||Sonderlandeplatz Segeletz|28267|25419|43|10,800,30,4,0,103,,88,-584,43,,-99,759,43
EDAJ|1||Gera-Leumnitz~9|8817|21358|309|06,915,24,1,0,59,,,,,,,,,105
EDAK|1||Großenhain~9|13081|35556|127|11,1415,48,2,0,111,,450,-1590,127,,-450,1460,127,235;11R,950,40,4,0,111
EDAM|1||Merseburg~9|13626|19411|104|08,1140,30,2,0,77,,-40,-830,104,,120,780,104
EDAN|1||Neustadt-Glewe~9|33624|16138|35|09,1200,40,4,0,85,,,,35,,,,35;18,900,40,4,0,175,,,,35,,,,35
EDAO|1||Nordhausen~9|14935|8376|210|10,895,30,4,0,99
EDAP|1||Cottbus-Neuhausen~9|16847|44231|85|11,800,,1,0,106,,,,85,340,,,85
EDAQ|1||Halle-Oppin~9|15522|20539|107|11,1120,30,1,1,109,,190,-860,106,30,-230,610,106,30
EDAR|1||Pirna-Pratzschwitz~9|9796|39084|123|11,900,40,4,0,113,,,,120,,,,123
EDAS|1||Finsterwalde-Heinrichsruh~9|16346|36751|117|08,955,40,4,0,80,,,,,254,,,,100
EDAT|1||Nardt~9|14511|41994|116|08,950,40,4,0,74,,,,,334,,,,80
EDAU|1|IES|Riesa-Göhlis~1|12936|33561|98|12,1000,23,1,0,116,,160,-440,98,,-320,780,98;09,750,30,4,2,96,,440,-1410,,,370,-350;12R,600,30,4,0,116,,479,-1327,,,203,-572
EDAV|1||Eberswalde-Finow~9|28263|37013|35|10,1538,50,2,1,95,,130,-1135,34,53,-111,1120,37
EDAW|1||Roitzschjora~9|15778|24944|88|09L,1200,40,4,0,93,,48,-709,88,,-112,1016,88;09R,1200,40,4,0,93,,-21,-724,,,-182,995
EDAX|1|REB|Müritz~j|33064|27522|67|07,2380,50,2,1,72,,-280,-1630,67,300,280,1820,67,300
EDAY|1||Strausberg~9|25806|39167|80|05,1200,28,2,1,45,,-410,-770,80,,290,570,80;05R,1200,40,4,0,45,,-470,-700,,,240,670
EDAZ|1||Schönhagen~9|22046|31595|46|07,1510,23,1,1,75,,-200,-800,40,371,40,760,40,245;12G/30G,760,40,4,0;12,700,18,1,2,121,,370,-540,,,40,330
EDBA|1||Arnstadt-Alkersleben~9|8419|10699|349|09,870,23,1,0,89,,,,349,,,,349
EDBC|1|CSO|Cochstedt~1|18564|14203|183|07,2500,45,1,0,77,,-290,-2010,,,200,1550;07G/25G,800,40,4,0,77,,-403,-2140,,,-246,-1003
EDBE|1||Brandenburg-Mühlenfeld~9|24375|25900|30|10,730,40,4,0,97,,21,-224,,,-103,836
EDBF|1||Fehrbellin~9|27935|27603|41|10,900,23,1,0,101,,98,-650,39,125,-102,649,35,125
EDBG|1||Burg~9|22418|18562|53|09,850,30,4,0,87,,,,53,,,,53
EDBH|1|BBH|Stralsund-Barth~1|43383|27105|7|09,1685,30,1,1,88,,-10,-960,2,,-10,880,7,50;09L,900,40,4,2,89.9,,130,-770,,,140,610
EDBI|1||Zwickau~9|7017|24539|320|05,1100,40,4,0,52,,,,320,,,,308
EDBJ|1||Jena-Schöngleina~9|9153|17142|374|02,1170,23,1,1,18,,-520,-270,374,,490,330,374;08,620,30,4,0,77,,-90,-520,,,40,320
EDBK|1||Kyritz~9|29189|24253|40|14,1000,23,1,1,138,,339,-411,40,,-388,471,40;14R,1000,30,4,0,138,,303,-490,,,-423,392
EDBL|1||Laucha~9|12458|16933|225|09,720,30,4,0,87,,48,-495,,,13,556
EDBM|1||Magdeburg City~9|20736|16264|82|09,1000,30,1,1,86,,-10,-720,81,125,20,740,76;09L,700,30,4,0,86,,98,-464,,,119,564
EDBO|1||Oehna~9|18997|30528|87|08,850,20,1,0,79,,-43,-620,87,,42,613,87;08R,750,30,4,0,79,,-58,-43,87,,1,748,87
EDBP|1||Pinnow~9|36153|15611|44|01,800,40,4,0,11,,-288,54,44,,413,289,44;11,500,40,4,0,111,,-9,-140,44,,-245,502,44
EDBQ|1||Bronkow~9|16721|39601|129|12,900,40,4,0,116,,293,-517,129,,-111,617,129;07,880,40,4,0,73,,-163,-605,129,,18,630,129
EDBS|1||Sömmerda-Dermsdorf~9|11984|11918|137|07,925,40,4,0,70,,-134,-636,137,,130,623,137
EDBT|1||Allstedt~9|13806|14467|284|07,1200,30,2,0,67,,-380,-1770,284,,-10,-150,284
EDBU|1||Pritzwalk-Sommersberg~9|31800|21846|88|08,830,30,4,0,77,,-100,-620,88,,70,600,88
EDBV|1||Stralsund~9|43358|30433|15|05,900,40,4,0,45,,-262,-541,15,,254,538,15
EDBW|1||Werneuchen~9|26317|37669|80|08,800,28,2,0,79,,-53,-772,80,,21,404,80
EDBX|1||Görlitz~9|11589|49503|237
EDBY|1||Schmoldow~9|39728|33434|32|15,900,,0,0,,,,,32,,,,32
EDBZ|1||Schwarzheide/Schipkau~9|14919|38794|101|08L,850,,0,0,,,,,101,,,,101;08R,800,,0,0,,,,,101,,,,101
EDCA|1||Anklam Otto Lilienthal~9|38328|36686|5|09,1000,20,1,1,96,,40,-700,5,,-60,810,5;09R,900,40,4,0,96.1,,-30,-570,,,-110,800
EDCB|||Ballenstedt~9|17458|12297|163|09,685,,0,1
EDCE|1||Müncheberg-Eggersdorf~9|24828|40907|68|06,1200,40,4,0,56,,,,64,,,,67
EDCG|1|GTI|Rügen~1|43835|33255|21|09,900,18,1,1,82,,-33,-776,21,43,31,742,21,46
EDCH|1||Sprossen (Zeitz)~9|10434|22319|205
EDCI|1||Klix~9|12718|45057|148|10,880,,0,0,,,,,148,,,,148
EDCJ|1||Chemnitz/Jahnsdorf~9|7475|28375|365|06,900,20,1,1
EDCK|1|KOQ|Köthen~1|17237|19488|93|07,800,,0,0,,,,,93,,,,93
EDCL|1||Klietz-Scharlibbe~9|27094|20733|29
EDCM|1||Kamenz~9|12969|41275|151|03,1100,28,2,1,34.1,,-380,-430,151,,430,460,151;03L,1100,40,4,0,34.1,,-350,-520,,,470,370
EDCO|1||Obermehler-Schlotheim~9|12678|6347|277|11,1450,30,1,0,110,,210,-960,277,,-230,990,277
EDCP|1|PEF|Peenemünde~1|41578|37744|2|13,2400,60,2,0,137,,790,-1420,2,,-790,1080,2
EDCQ|1||Aschersleben~9|17669|14983|160|11,1050,,0,0,,,,,160,,,,160
EDCR|1||Rerik-Zweedorf~9|40819|16492|9|08,640,40,4,0
EDCS|1||Saarmund~9|23083|31006|53|09A/27D,1000,,4,0,,,,,50,,,,50
EDCT|||Taucha~9|13950|25369|150|07,599,30,4,0,,,,,150,,,,150
EDCU|||Güstrow~9|38053|22306|14|09,700,40,4,0
EDCV|||Pasewalk~9|35053|39483|22|09,900,,0,0,,,,,22,,,,22
EDCW|||Wismar~9|39144|14994|13|08,640,40,4,0,,,,,13,,,,13
EDCX|||Purkshof~9|41617|22486|20|04,1100,40,4,0,,,,,20,,,,20
EDCY|||Spremberg-Welzow~9|15756|41369|114|03,2000,30,2,1,32,,-400,-630,114,,1050,1070,114
EDEG|||Gotha-Ost~9|9700|7278|302|08,810,,0,0,,,,,300,,,,307
EDEQ|||Mühlhausen~9|12131|5486|248|08,900,,0,0,,,,,248,,,,248
EDFK|1||Bad Kissingen~9|2106|689|199|17,805,,0,0,,,,,199,,,,199
EDFS|||Schweinfurt South~9|108|2511|209|10,980,,0,0,,,,,209,,,,209
EDHB|1||Grube~9|42444|10247|2|09,500,30,4,0,,,,,2,,,,2
EDHG|||Lüneburg~9|32483|4587|49|07,980,,0,0,,,,,49,,,,45
EDHM|||Hartenholm~9|39150|356|33|05,761,15,1,0
EDHW|||Wahlstedt~9|39694|2217|39|11,800,,0,0,,,,,39,,,,39
EDNZ|||Zell-Haidberg~9|1369|17944|635|06,800,,0,0,,,,,580,,,,580
EDOA|||Auerbach~9|4973|23780|573|01,800,,0,0,,,,,572,,,,572
EDOB|||Bad Berka~9|9044|12603|305|07,700,40,4,0,,,,,305,,,,305
EDOD|||Reinsdorf~9|19008|31944|102|10,1280,,0,0,,,,,102,,,,102
EDOE|||Böhlen~9|12139|23636|131|06,950,,0,0,,,,,131,,,,131;11,800,,0,0,,,,,131,,,,131
EDOH|||Langhennersdorf~9|9483|32617|386|05,900,,0,0,,,,,386,,,,386
EDOI|||Bienenfarm~9|26617|27458|37|12,860,40,4,0,,,198,-506,37,,-204,582,37
EDOJ|||Lüsse~9|21427|26714|66|06,1020,,0,0,,,,,65,,,,65
EDOK|||Rudolstadt-Groschwitz~9|7328|12361|468|07,800,,0,0,,,,,468,,,,468
EDOM|||Klein Mühlingen~9|19475|17697|52|10,450,30,4,0,,,,,52,,,,52,30
EDON|1||Neuhardenberg Marxwalde~9|26131|42428|12|08,2400,50,2,0,80,,-117,-1784,11,,93,1742,11
EDOQ|||Oschatz~9|12968|30787|153|08,830,,0,0,,,,,153,,,,153
EDOR|||Stölln-Rhinow~9|27408|23900|42|08,840,,0,0,,,,,40,,,,40
EDOS|||Pennewitz~9|6697|10511|459|06,900,,0,0,,,,,457,,,,457
EDOT|||Greiz-Obergrochlitz~9|6440|21746|386|05,500,30,4,0
EDOV|||Stendal-Borstel~9|26289|18186|56|08,1997,52,2,1,83,,-110,-1320,43,,90,1610,56;08L,700,40,4,0,83,,-20,-900,,,60,130
EDOW|||Waren-Vielist~9|35683|26528|86|04,800,,0,0,,,,,86,,,,86
EDOX|||Renneritz~9|15951|22379|94|07,1000,,0,0,,,,,94,,,,94
EDOZ|||Schönebeck-Zackmünde~9|19971|17898|51|07,800,,0,0,,,,,51,,,,51
EDQC|||Coburg-Brandensteinsebene~9|2625|9956|454|12,632,20,2,1,118,,190,-500,453,,-200,540,443
EDQK|||Kulmbach~9|1349|14591|506|09,713,49,1,0,85,,-20,-480,503,,40,490,504
EDQL|||Lichtenfels~9|1486|10481|260|04,701,30,4,0,44,,-300,-511,260,,193,273,260
EDQR|1||Ebern-Sendelbach~9|400|8225|252|14,518,24,0,0,140,,153,-212,249,,-212,264,249
EDQS|1||Suhl-Goldlauter~9|6320|7260|586
EDQT|1||Haßfurt-Schweinfurt~9|182|5292|219|11,1100,20,1,1,113,,176,-621,219,,-199,710,219
EDQY|1||Coburg-Steinrücken~9|2306|9958|361|07,767,,0,0,69,,-120,-542,361,,123,457,361
EDUA|||Flugplatz Stechow-Ferchesar|26506|24878|45|04,690,,0,0
EDUF|||Falkenberg-Lönnewitz~9|15478|32281|95|08,1200,30,2,0,80,,-80,-760,87,,110,950,87
EDUO|1||Oberrißdorf~9|15429|15952|225
EDUW|1||Tutow-Betriebs~9|39177|32203|8|17,1000,50,2,0,171,,1430,-420,7,,-520,110,7;17L,500,30,4,0,170
EDVA|1||Bad Gandersheim~9|18542|256|241
EDVC|1||Celle-Arloh~9|26882|1128|63|04,900,40,4,0,42,,,,63,,,,63,101
EDVJ|||Salzgitter-Schäferstuhl~9|20307|3625|226|11,950,,0,0,,,,,200,,,,226
EDVU|||Uelzen~9|29837|4654|75|08,800,20,1,0,,,,,75,,,,75
EDXT|1||Sierksdorf/Hof Altona~9|40667|7422|24|03,500,30,4,0,,,,,24,,,,24
#DE|W
EDUY|1||Welzow-Sedlitzer See~7|15578|41050|110
#DK|H
EKAO|1||Ærø~2|48907|3986|15
EKRB|1||Bornholm~c|50908|47081|19
#DK|L
EKAH|1|AAR|Aarhus~1|63033|6183|25|10L,2777,23,1,1,100.3,,410,-2050,24,,-30,2360,24;10R,2702,45,1,1,100.3,,220,-2070,25,,-210,2220,23
EKCH|1|CPH|Copenhagen Kastrup~1|56179|26560|5|04L,3600,45,1,1,41,,-2570,-5246,4,,-136,-1483,4,600;04R,3300,45,1,1,41,,-1480,-2300,4,,750,1160,2;12,2800,45,1,1,123,,839,-2267,4,705,-538,1453,2,270
EKOD|1|ODE|Odense Hans Christian Andersen~1|54753|3272|17|06,1845,45,1,1,59.8,,-380,-1190,13,,450,1330,14;13,695,30,4,0,130,,160,720,,,-240,1560,,110
#DK|M
EKMB|1|MRW|Lolland Falster Maribo~1|46994|14382|5|09,1200,30,1,1,97,,70,-900,5,,-60,950,5
EKRK|1|RKE|Copenhagen Roskilde~1|55856|21314|45|11,1740,32,1,1,116.3,,440,-1580,44,,-250,900,42,59;03,1500,32,1,1,30.9,,-720,-760,39,,440,470,45
EKRN|1|RNN|Bornholm~1|50633|47596|16|11,2002,45,1,1,113.7,,360,-1440,14,,-370,1430,16
EKSN|1|CNL|Sindal~1|75035|2294|28|08,1199,30,1,1,86,,-30,-1000,28,,40,1000,28
#DK|S
DK-0005|||Bogense Flyveplads|55430|326||09,410,15,0,0
DK-0010|EKAS||True Gliderfield|61789|766|67|11,1067,46,4,0;09,1006,91,4,0
DK-0032|||Vejrø~9|50257|13478|0|06,550,23,4,0,,,,,5,,,,5
EKAE|1||Ærø~9|48528|4564|1
EKAT|1||Anholt~9|66983|15557|7|03,650,20,4,0
EKEL|||Endelave~9|57568|2487|5|11,650,25,4,0
EKFR|||Freerslev|58986|22450||02,427,16,4,0,,,-161,-132,,,237,207
EKGH|||Grønholt Hillerød~9|59414|23822|30|11,1004,18,1,1,110,,160,-760,,173,-160,770,,333
EKGL|||Gørløse Glider~a|58856|22281||09,790,30,0,0
EKGR|||Grenaa~9|64425|9306|6|01,700,30,4,0,,,,,5,200,,,5
EKHE|||Annisse flyveplads|59847|22144||09,471,15,4,0,,,49,-384,,,-16,364
EKHK|1||Holbæk (Ny Hagested)~9|57339|16047|1|10,565,18,4,0
EKLS|1|BYR|Læsø~1|72772|10001|8|07,928,23,1,1,65,,-170,-700,8,,180,700,8
EKMN|||Kostervig Mon~9|49654|21965|1|09,500,18,4,0
EKRD|||Randers~9|65066|364|42|07,900,,0,0,,,,,47,,,,47
EKRS|1||Ringsted~9|54258|18067|34|05,733,40,4,0,,,-176,-384,34,,237,519,34
EKSS|||Samsø~9|58891|6138|0|10,695,30,4,0
EKST|1||Sydfyn (Tasinge)~9|50166|5633|2|11,900,,0,0,,,,,5,,,,5
#DK|W
EKAC|||Aarhus Seaplane Terminal|61526|2511
EKCC|||København Vandflyveplads|56912|26001
#NO|L
ENTO|1|TRF|Sandefjord Airport, Torp|91867|2586|87|17,2809,45,1,1,179,,1225,-27,86,375,-1298,31,78,375
#NO|M
ENRY|1||Moss Airport, Rygge|93788|7854|53|12,2442,45,1,1,117,,490,-1920,52,,-490,1920,52
#NO|S
ENJB|||Jarlsberg~9|92992|3698|28|18,800,18,1,0
ENKJ|||Lillestrøm Airfield, Kjeller|99691|10405|108|12,1622,30,1,0,123,,420,-1660,105,218,-370,790,108,71
ENRK|||Rakkestad Astorp~9|93975|13469|122|15,1080,18,1,1,,,,,101,,,,122
ENSI|||Ski~9|97070|8817|107|01,525,24,4,0
NO-0027|||Torsnes~9|91957|10636|5|15,550,15,4,0
#PL|H
EPBG|1||Gołubie~2|41975|80025|170
#PL|L
EPGD|1|GDN|Gdańsk Lech Wałęsa~1|43776|84662|149|11,2800,45,1,1,113,,350,-1420,137,,-630,2550,149
EPKK|1|KRK|Kraków John Paul II~3|777|97848|241|07,2550,60,2,1,78,,-230,-1670,241,,250,1810,237,239
EPKT|1|KTW|Katowice Wojciech Korfanty~3|4760|90807|303|08,3200,45,2,1,90,,10,-2110,296,,0,2390,303,319
EPLL|1|LCJ|Łódź Władysław Reymont~1|17219|93981|184|07,2500,45,3,1,71,,-568,-2591,180,295,177,822,185,311;07R,700,175,4,2,71,,-260,-140,176,,-50,810,185
EPPO|1|POZ|Poznań-Ławica~1|24216|68234|94|10,2504,50,1,1,108,,330,-1730,94,,-340,1760,88;02,700,300,4,2
EPSC|1|SZZ|Solidarity Szczecin–Goleniów~1|35847|49022|47|13,2500,60,1,1,131,,740,-1430,36,,-730,1430,47
EPWR|1|WRO|Copernicus Wrocław~1|11037|68821|123|11,2503,45,3,1,116,,510,-1630,123,,-470,1590,122
#PL|M
EPBY|1|BZG|Ignacy Jan Paderewski Bydgoszcz~1|30968|79777|72|08,2500,60,2,1,82,,-160,-1850,72,,160,1850,71
EPCE|1||Cewice Naval~d|44165|77657|151|07,2504,52,1,0,76,,-310,-2110,149,,220,1630,154
EPIR|1||Inowroclaw Military~d|28294|83306|79|05,400,30,6,1
EPKS|||Krzesiny Military~d|23317|69664|81|12,2500,60,2,1,117.9,,530,-1620,83,,-520,1630,84;07,1783,56,1,2,75,,-330,-1570,,,80,960
EPLK|||Łask~d|15517|91791|193|10,3000,60,2,1,108,,332,-1723,188,,-474,2404,193
EPLY|1||Leźnica Wielka~d|20049|91438|123|10,2500,60,1,1,,,276,-1754,119,,-257,1783,119
EPMB|||Malbork Królewo~d|40266|91357|5|07,2500,50,2,1,79,,-217,-1880,5,,208,1865,5
EPMI|||Miroslawiec Military~d|33951|60828|140|12,2500,45,2,1,125,,631,-1540,150,,-644,1533,150
EPPW|||Powidz Military~d|23801|78532|113|10R,3525,60,2,1,107,,370,-2580,111,,-570,2360,116;10L,2725,30,2,1,107,,590,-2470,112,,-150,1350,117
EPSN|1||Swidwin Military~d|37906|58263|120|11,2499,58,2,1,111.1,,410,-1770,117,,-400,1760,116
EPZG|1|IEG|Zielona Góra-Babimost~1|21385|57986|59|06,2500,60,2,1,65,,-480,-1660,59,,480,1650,57
#PL|S
EPDA|1||Darłówo Naval~d|44047|63531|3
EPEL|1||Elbląg~9|41408|94233|3|08,913,100,4,0,80,,,,3,,,,3;10,700,79,4,0,104,,,,3,,,,3
EPGI|1||Grudziądz Lisie Kąty~9|35244|88492|37|13,1060,200,4,0,135,,,,32,,,,32
EPGL|||Gliwice-Trynek~9|2687|86725|253|08R,900,23,0,1,87,,,,262,,,,256,100;08L,700,100,4,0,87;10,680,100,4,0,103
EPIN|1||Inowrocław~9|28062|82831|85|08,760,100,4,0;13,690,100,4,0;18,390,100,4,0
EPJG|1||Jelenia Góra~9|8989|57856|341
EPJS|1||Jeżów Sudecki~9|9440|57665|559
EPKB|1||Kazimierz Biskupi~9|23195|81643|110|09,620,27,2,0
EPKM|||Katowice-Muchowiec~9|2382|90337|277|05L,1109,30,2,0,49,,-330,-550,275,,320,640,272;05R,600,60,4,2,,,,,276,,,,272;07,480,80,4,2
EPKN|1||Opole-Kamień Śląski~9|5306|80793|208|11,1200,60,2,0,112,,260,-930,201,,-540,2060,206
EPLS|||Leszno-Strzyzewice~9|18350|65219|94|05R,1320,50,4,0,53,,,,91,,,,93;18,940,50,4,0,178,,,,94,,,,94;05L,700,50,3,1,53,,,,91,,,,94
EPLU|||Lubin~9|14230|61962|156|13L,1000,30,1,1,130,,290,-550,156,,-290,540,156;11,900,100,4,0,114;31L,850,100,4,0,307
EPMR|||Mirosławice Private~9|9578|67703|151|17,845,50,4,0,175;09L,570,50,4,0,93;09R,515,50,4,0,93
EPMY|1||Myślibórz-Giżyn~9|29412|50298|70|15,920,23,4,1,153,,380,-313,70,210,-370,325,70,114
EPOK|||Oksywie Air Base / Gdynia-Kosakowo~9|45797|85172|44|13,2496,59,2,1,136,,810,-1340,43,,-810,1340,43;08,576,30,1,0,87,,750,420,,,780,1310
EPPI|||Piła~9|31701|67111|79|03,2401,59,1,1,35.2,,-950,-1080,,,810,990
EPPK|||Poznań-Kobylnica~9|24346|70440|85|07,750,100,4,1,68;02,700,300,4,2
EPPL|1||Płock~9|25622|97203|101
EPPR|||Pruszcz Gdański~d|42480|86716|5|09,1166,45,1,0,,,57,-590,4,,-117,1171,4
EPPT|||Piotrków Trybunalski-Bujny~9|13831|96883|205|03,950,18,2,0
EPRU|1||Częstochowa-Rudniki~1|8847|92018|262|08,2000,60,2,0,82.9,,-110,-1260,,,110,1550
EPSD|1||Szczecin-Dąbie~9|33907|46328|1|09/27L,1000,50,4,0,94,,33,-829,1,,-31,745,1
EPSK|1||Słupsk-Krȩpa~9|44100|70906|76
EPTO|1||Toruń~9|30292|85459|50|10,1269,57,2,0,104,,130,-810,50,,-140,890,50;02,1189,57,2,2,,,,,50,,,,50;10L,851,100,4,0,105,,160,-150,,,-30,1080
EPWK|1||Włocławek-Kruszyn~9|25847|90156|67|08,1000,,0,0,,,,,66,,,,65
EPWS|1||Wrocław-Szymanów~9|12061|69986|119|14,770,,4,0,,,,,123,,,,115
EPZB|1||Zborowo~9|23621|66387|82
EPZI|1||Zieleń~9|31885|89617|96|12,510,25,4,0
EPZP|1||Zielona Góra-Przylep~9|19789|54639|76|06,880,,0,0,,,,,74,,,,74
PL-0001|||Poznań-Bednary~9|25344|72188|104|11L,1900,135,0,0;11R,1900,30,2,0
PL-0002|EPKG||Kołobrzeg-Bagicz~9|42001|56838|6|07,892,40,2,0,75,,-93,-630,7,,101,703,5
PL-0004|EPBO||Borsk~9|39510|79480|142
PL-0062|EPWT||Watorowo~9|32985|84141|91|8,899,51,4,0
PL-0070|EPWC||Świebodzice~9|8803|63087|267|06,753,,4,0,55
PL-0074|EPPG||Kakolewo (former military)|22350|62430|101|10L,1190,30,2,1,106,,,,89,,,,99;10R/28R,1190,100,4,0,106,,,,88,,,,98
PL-0076|EPZE||Żerniki Gądki~9|23225|70409|79|06,618,18,3,1,59
PL-0104|EPGU||Ulim|26936|52159|18
PL-0108|||Herburtowo Forest~9|29022|61296||09,1016,,0,0
PL-0120|EPBE||Bełchatów~6|14021|93782|217
PL-0167|||Chojnice~9|36808|75337|163|03,500,,9,0
PL-0172|||Ldzań~9|15896|92542|185|06,1100,28,4,0,63,,-150,-470,,206,130,420,,206
PL-0189|||Święta Katarzyna~6|10155|71062||15,530,,0,0
PL-0214|||Marianka~9|17578|47402|74|12,812,46,0,0
PL-0244|||Robakowo~9|33543|86671|84|04,500,26,4,0,43
PL-0246|||Tuszyn~6|15921|96062|205|09,735,50,4,0
PL-0272|EPKC||Kraków Rakowice-Czyżyny Airport (Disused)|844|99903|223|11,739,45,2,0,108,289,70,-330,,90,-95,390,,90
PL-0274|EPBD||Bydgoszcz Aeroklub~9|31052|79604|70
PL-0289|||Krzywina~9|7139|71642||11,484,20,0,0
PL-0290|EPSP||Sieraków-Lutomek~9|26087|61503
PL-0292|EPFG||Kiełpin~9|26205|52008
#SE|H
ESAN|ESEN||Norra Alvsborgs County~c|83190|22682|95
ESEB|1||Borås~c|77242|29643|182
ESEL|1||US Linköping Hospital Helipad|84016|56194|78|H1/H1,6,6,1,1
ESEM|1||Lund Hospital Helipad|57118|31988|107
ESEU|1||Uddevalla~c|83573|19288|20
ESEV|1||Visby~c|76499|83009|8
ESEW|1||Västmanland's~c|96157|65820|31
ESHB|1||Sahlgrenska University East Hospital Helipad|77210|20478|41
ESHC|1||Södersjukhuset~c|93085|80548|41
ESHD|1||Danderyds~c|93911|80335|2
ESHG|1||Gamla Stan HLS|93228|80666|1|H1/H1,15,7,1,1
ESHJ|1||Ryhov~c|77648|41945|105|H1/H1,6,6,1,1
ESHL|1||Huddinge Hospital Helipad|92198|79344|80
ESHM|1||Kungälvs~c|78771|19682|11
HSHI|ESHI||Kristianstad Central~c|60293|41719|2
SE-0019|ESHK||Karolinska University~c|93511|80352
#SE|L
ESGG|1|GOT|Göteborg Landvetter~1|76628|22798|154|03,3299,45,1,1,26,,-1330,-1210,146,,1330,1210,154
ESKN|1|NYO|Stockholm Skavsta~1|87897|69115|43|08,2878,45,1,1,83.1,,-300,-3110,34,128,10,1830,39;16,2039,40,1,1,161.8,,1170,-740,41,,-570,360,40
ESMS|1|MMX|Malmö Sturup~1|55356|33763|72|17,2800,45,1,1,173.4,,1250,-250,64,,-1250,260,72;11,797,18,1,0,105,,-1250,-1650,71,,-1430,-430,69
ESOW|1|VST|Stockholm Västerås~1|95894|66336|6|01,2581,50,1,1,8.2,,-1092,-435,2,400,1177,488,6
ESSA|1|ARN|Stockholm-Arlanda~1|96485|79288|42|01L,3301,45,1,1,10,,-1120,-1560,30,,1790,-500,36;08,2500,45,1,1,75.9,,990,730,33,,1540,5040,38;01R,2500,45,1,1,10.4,,-2210,2190,42,,0,2990,30
ESSL|1|LPI|Linköping City~1|84049|56845|52|11,2135,45,1,1,112,,500,-2110,43,,-220,1260,52
ESSV|1|VBY|Visby~1|76628|83462|50|03,2000,45,1,1,21,,-840,-600,43,,840,600,41;10,1101,40,4,0,101,,-1180,-1650,43,,-1380,150,50
#SE|M
ESCF|1||Malmen~d|83977|55224|94|01,2214,35,1,1,18.3,,-1100,-640,76,,790,550,90;08,1870,37,1,1,83.2,,390,-680,94,,590,2500,84
ESDF|1|RNB|Ronneby~1|62667|52650|58|01,2331,45,1,1,8.7,,-980,-250,55,,1090,320,57
ESFR|1||Råda~d|84981|30532|70|18,1986,34,1,1,184.6,,890,140,73,,-890,-130,75
ESGJ|1|JKG|Jönköping~1|77576|40687|226|01,2203,45,1,1,18.1,,-940,-570,223,,940,580,225;11,600,25,6,0,114,,-400,20,222,,-620,940,225
ESGP|1|GSE|Säve~1|77747|18704|18|01,1085,45,1,1,5,,-880,-160,17,55,940,140,15,57;04,871,30,1,2,44,,120,200,17,,680,1220,18
ESGR|1|KVB|Skövde~1|84564|39727|99|01,1736,30,1,1,15.7,,-750,-410,99,,750,400,90
ESGT|1|THN|Trollhättan-Vänersborg~1|83181|23450|42|15,1710,30,1,1,146,,610,-840,41,,-660,790,41,210
ESIB|||Såtenäs~d|84264|27144|55|01,2264,40,1,1,5,,-820,-470,52,,1200,-160,53;11,1933,40,1,1,112,,670,-1970,50,,20,1100,55
ESKK|1|KSK|Karlskoga~1|93459|44959|124|03,1499,30,1,1,22,,-630,-490,121,60,620,490,120
ESMK|1|KID|Kristianstad~1|59217|40855|23|01,2215,45,1,1,7,,-990,-220,23,,990,220,22
ESMQ|1|KLR|Kalmar~1|66855|62876|5|16,2050,45,1,1,152.2,,1130,-1090,5,,-500,470,5;05,664,40,1,0,48,,-490,-1000,3,,-90,-190,3
ESMT|1|HAD|Halmstad~1|66911|28202|31|01,2261,40,1,1,6,,-1010,-200,20,,1010,200,25
ESMX|1|VXO|Växjö Kronoberg~1|69291|47280|186|01,2103,45,1,1,13.1,,-920,-390,186,,920,390,172
ESOE|1|ORB|Örebro~1|92237|50380|57|01,3270,45,1,1,12,,-1270,-520,49,,1020,400,57
ESOK|1|KSD|Karlstad~1|94447|33374|107|03,2516,45,1,1,25.6,,-1020,-960,101,,1020,960,107;03L,561,52,6,0,26.2,,560,10,,,1010,450
ESSB|1|BMA|Stockholm-Bromma~1|93544|79417|14|12,1668,45,1,1,125,,430,-1210,14,,-430,1200,13
ESSP|1|NRK|Norrköping~1|85863|62506|10|09,2203,45,1,1,90.8,,-20,-1890,4,,-50,1900,10;11,594,35,4,0,115,,390,-1460,2,,160,-540,2
ESSU|1|EKT|Eskilstuna~1|93511|67084|42|18,1886,35,1,1,178,,840,-60,39,,-850,60,40
ESTA|1|AGH|Ängelholm-Helsingborg~1|62961|28471|21|14,1945,40,1,1,136.4,,170,-290,18,,-1090,1880,16;04,187,40,1,2,41,,-160,-230,21,,1190,1880,20
ESTL|||Ljungbyhed~9|60828|32125|43|11R,2270,40,1,1,113,,450,-3460,37,225,-350,-110,41;11L,2010,40,1,1,113,,570,-2010,38,,-130,960,42;12R,789,25,1,2,113,,170,380,,,-110,1550;12L,789,25,1,2,113,,310,460,,,30,1630
#SE|S
ESCM|1||Ärna~d|98973|75886|21|08,2010,40,1,1,75,,-250,-1860,12,,220,1600,19,47;03,1905,40,1,1,33.2,,-420,-530,18,,1010,1330,21
ESFA|1||Hässleholm Bokeberg~9|61344|38756|32|04,830,40,4,0
ESFS|1||Sandvik~9|70649|68619|9|17,600,20,4,0
ESGA|1||Backamo~9|81772|19735|126|06,780,30,4,0
ESGC|1||Ålleberg~9|81345|36021||03,680,30,4,0,30,220,,,335,,,,335
ESGD|1||Bämmelshed~9|81921|39982
ESGE|1||Borås~9|76959|28450|179|04L,800,18,1,1,,,,,179,62,,,179,78;04R,800,50,6,0,,,,,179,,,,179
ESGF|1||Morup~9|69686|23880|11|09,700,30,4,0
ESGH|1||Herrljunga~9|80324|31086
ESGI|1||Rödene~9|79489|25758|68|01,600,30,4,0,,,,,69,,,,69
ESGK|1||Falköping~9|81698|35878|239|04,1316,30,1,1,32.3,,-500,-590,238,,500,600,236
ESGL|1|LDK|Lidköping-Hovby~1|84655|31744|61|06,1990,45,1,1,62.2,,-420,-1510,61,,420,1510,58
ESGM|1||Öresten~9|74453|26490||06,680,35,4,0,,,,,115,,,,115
ESGN|1||Brännebrona~9|85734|36112|79|12,600,40,4,0,,,,,76,,,,76
ESGO|1||Vårgårda~9|80393|27858|97|04,900,28,1,0
ESGS|1||Näsinge~9|90168|13413|35|03,906,35,4,0
ESGU|1||Rörkärr~9|83665|17739|51|03,655,30,4,0
ESGV|1||Varberg Getterön~9|71251|22292|2|12,560,50,4,0
ESGY|1||Säffle~9|90845|29494|46
ESIA|||Karlsborg~d|85138|45071|94|06,2277,40,1,1,62.8,,-460,-1740,94,,470,1740,94
ESKC|||Uppsala-Sundbro~9|99227|75368||03,630,40,4,0,30,,-498,-385,19,,-8,182,19;08,470,60,4,0,75,,26,-614,19,,142,252,19;14,435,35,4,0,144,,52,-645,19,,-266,-191,19
ESKO|||Munkfors~9|97988|34907||03,700,40,4,0
ESKU|||Sunne~9|98602|31129||01,770,100,4,0
ESKV|||Arvika~9|96759|26394|72|01,1150,30,1,1,4,,-520,-70,66,,510,70,68,224
ESMB|||Borglanda~9|68630|66561|35|03,750,50,4,0,,,,,,130,,,,60
ESMC|||Ränneslätt~9|76706|49430|219|01,1000,30,4,0,,,,,,200,,,,100
ESME|1||Eslöv~9|58489|33299|90|12,799,20,1,0;06,600,30,4,0
ESMF|||Fagerhult~9|63879|34706|115|17,530,30,4,0
ESMG|||Feringe~9|69503|39217|164|01,1152,30,1,1,16.9,,-500,-290,162,,490,260,164
ESMH|||Höganäs~9|61848|25761|6|14,800,50,4,0;06,510,50,4,0
ESMI|||Sjöbo Sövde~9|55982|36747|36|12,800,50,4,1
ESMJ|||Kågeröd Simmelsberga~9|59947|30509|84|11,800,35,4,0
ESML|1||Landskrona Enoch Thulins~9|59461|28700|59|12R,1180,30,1,1,118,,90,-890,,105,-420,770,,60;12L,1050,90,4,0,118,,150,-630,,,-290,860
ESMO|1|OSK|Oskarshamn~1|73505|64980|29|01,1500,30,1,0,6,,-840,-140,23,,510,80,29
ESMP|||Anderstorp~9|72642|35994|155|04,1000,30,1,0,32.3,,-380,-430,152,,370,440,155
ESMU|1||Möckeln~9|65725|41689|146|03,604,30,4,0
ESMV|1||Hagshult~d|72922|41368|169|04,2050,40,1,1,43.1,,-670,-1120,169,,670,1200,169
ESMY|1||Smålandsstenar Smålanda~9|71686|34402|165|04,800,15,1,0
ESMZ|1||Ölanda~9|73282|70505|8|15,600,23,1,0
ESQO|1||Arboga~9|93866|59241|10|15,2000,40,1,0,147.1,,750,-960,10,,-760,950,10
ESSC|||Ekeby~9|93839|64419||05,800,,0,0
ESSE|||Skå-Edeby~9|93451|77405|6|11,870,40,4,0;03,650,40,4,0
ESSF|1|HLF|Hultsfred~1|75258|58233|112|12,1946,40,2,1,116,,380,-1390,112,,-390,1520,109
ESSH|||Laxå~9|89787|46662||03,849,30,1,0
ESSI|||Visingsö~9|80984|44026||15,800,25,4,0;01,600,25,4,0
ESSN|||Norrtälje~9|97326|86952|12|07,800,18,1,1
ESSW|1|VVK|Västervik~1|77800|65236|36|15,1199,30,1,1,146,,,,39,,,,38
ESSX|||Johannisberg~9|95758|65032|10|05,850,22,1,1
ESSZ|||Vängsö~9|91011|72111|14|03,770,30,4,0;15,700,30,4,1
ESTF|||Fjällbacka Anra~9|86300|13145|3|06,800,30,4,0
ESTT|||Vellinge~9|53912|30221|4|03,730,30,4,0
ESVB|1||Bunge~9|78505|90342|21|09,676,27,1,0;16,676,27,1,0
ESVH|1||Hällefors~9|98674|44239|196
ESVK|1||Katrineholm~9|90180|62218|45|15,700,40,4,0
ESVQ|1||Köping/Gålby~9|95281|59701|7|06,840,40,4,0
SE-0001|||Trosa Troslanda airfield|88986|74985|8|12,660,25,4,0
SE-0002|ESVE||Stegeborg|84337|66068|2|07,800,27,4,0,,,,,2,,,,2
SE-0006|||Alvesta Smålanda~9|69258|45423|137|01,700,20,4,0
SE-0009|ESVL||Långtora~9|97474|71452|5
SE-0010|||Vallentuna flygfält|95418|80387|13|15,850,30,4,0
SE-0018|||Frölunda~9|94570|77079|15|16,580,30,4,0
SE-0022|||Vassunda Private~9|97217|77200|4|11,450,25,4,0
SE-0026|||Finspångs flygfält|87334|56040|50|16,580,30,4,0
SE-0045|||Sala flygfält|98951|66301|52|16,670,30,4,0
SE-0048|||Duvhed flygfält UL|74434|21649|6|08,500,30,4,0,,,,,5,,,,5
SE-0049|||Timmele~9|78730|34304||01,500,30,4,0,,,,,180,,,,180
SE-0051|||Degerfors Grenlanda~9|91029|43003|114|07,675,22,4,0
SE-0057|||Lindholmen flygfält|95859|81610|23|06,1100,30,4,0
SE-0066|||Motala flygklubb|84949|51024|103|01,650,30,4,0
SE-0069|||Skeppsdal~6|94963|84230|4|12,550,15,4,0
