#CN|M
ZYHE|1|HEK|Heihe Aihui~1|1716|73089|319|17,2500,45,1,0
ZYJD|1|JGD|Daxing'anling Elunchun~1|3714|41175|367|18,2300,,2,0
ZYMH|1|OHE|Mohe Gulian~1|29169|24228|560|15,2200,,2,0
#RU|M
UELL|1|NER|Chulman~1|69139|49140|857|08,3600,45,2,1,68.9,,-580,-2800,857,,580,2700,822
UHBB|1|BQS|Ignatyevo~1|4267|74155|194|18,2821,45,1,1,168.3,,1110,-750,172,,-1370,150,194
#RU|S
RU-1221|||Vozzhayevka~d|7700|87770|225|01,2500,40,2,1
RU-2244|||Ukrainka~d|11700|84450|235|16,3500,70,2,1
UEEA|1|ADH|Aldan~1|86028|54090|683|06,1376,34,1,0
UHBE||EYA|Zeya~1|36870|70910|276
UHBW|1|TYD|Tynda~1|52849|47790|610
