#GB|H
EGBC|1||Cheltenham Racecourse~2|19256|79456|65|14,230,30,4,0
EGBV|1||Silverstone~2|20702|89873|153
EGLT|1||Ascot Racecourse~2|14216|93402|67
EGLW|1||London~2|14699|98205|5|03,35,16,2,1,24,,,,5,,,,5
EGUH|1||RAF High Wycombe|16825|91967|196
GB-0347|||Lundy Island Helipad|11648|53332
GB-1313|||Hartland Point~2|10187|54818
GB-1327|EGHK|PZE|Penzance~2|1304|44861
#GB|L
EGAA|1|BFS|Belfast~3|46575|37842|82|07,2780,45,1,1,65,,-520,-1944,63,,530,1962,82;17,1891,45,1,1,162,,40,-1282,63,160,-1490,-419,79,153
EGBB|1|BHX|Birmingham~1|24539|82520|100|15,3052,45,1,1,148,,1170,-1311,93,292,-1094,1211,100,449
EGCC|1|MAN|Manchester~1|33494|77205|78|05R,3050,45,2,1,51,,-1740,-3116,57,,-30,451,69,184;05L,3048,45,1,1,51,,-430,-1324,65,427,1300,2236,76,183
EGFF|1|CWL|Cardiff~3|13967|66567|67|12,2354,45,1,1,117,,480,-1538,62,243,-490,1531,65,168
EGGD|1|BRS|Bristol~1|13823|72835|190|09,2011,45,1,1,87,,-20,-1700,187,,90,1183,183,135
EGGP|1|LPL|Liverpool John Lennon~1|33349|71504|24|09,2285,46,1,1,86,,-205,-1728,18,61,-48,1695,23
EGGW|1|LTN|London Luton~1|18747|96317|160|07,2162,45,1,1,74,,-270,-1525,157,,250,1497,155,85
EGKK|1|LGW|London Gatwick~1|11487|98143|62|08R,3317,45,1,1,78,,-360,-2664,60,393,279,1971,60,427;08L,2561,45,1,1,78,,-181,-2690,59,321,313,891,59,416
EGLL|1|LHR|London Heathrow~1|14707|95401|25|09L,3901,50,1,1,90,,679,-2954,24,307,698,2667,24;09R,3658,50,1,1,90,,-592,-2691,23,309,-574,2585,23
EGNM|1|LBA|Leeds Bradford~1|38659|83394|208|14,2250,46,2,1,138,,750,-1147,205,292,-750,1153,202,293
EGNT|1|NCL|Newcastle~3|50380|83104|81|07,2330,45,1,1,65,,-450,-1674,80,120,430,1633,73,136
EGNX|1|EMA|East Midlands~1|28311|86719|93|09,2894,45,1,1,88,,-50,-2147,93,180,30,2143,86,130
EGPD|1|ABZ|Aberdeen~3|72019|78022|66|16,1953,46,1,1,158,,760,-561,62,,-760,564,66;14,660,23,1,2,139,,200,-414,61,,-250,294,60;05,577,46,2,2,46,,170,-498,62,,530,197,58;18,260,23,1,2,179,,280,-387,61,,50,-379,61
EGPF|1|GLA|Glasgow~1|58719|55669|8|05,2661,45,1,1,46,,-840,-1596,8,,800,1479,6,299;09,1104,46,1,3,90.6,,30,-1162,5,62,10,585,7
EGPH|1|EDI|Edinburgh~1|59501|66277|41|06,2558,45,1,1,59,,-610,-1784,34,213,580,1724,30,213;12,1747,46,1,3,119,,120,1286,30,,-630,3740,41,62;08,799,46,1,2,70,,-330,1629,30,,-80,2861,34
EGPK|1|PIK|Glasgow Prestwick~1|55015|54228|20|12,2987,45,1,1,121,,1490,-3756,12,244,90,272,20;02,1906,45,1,1,24,,-1310,-1021,15,,190,144,18
#GB|M
EGAB|1|ENK|Enniskillen/St Angelo~1|43983|23488|47|14,1218,30,1,1,140,,420,-614,47,100,-411,599,47,333
EGAC|1|BHD|George Best Belfast City~1|46181|41275|5|04,1829,45,1,1,35,,-670,-822,4,92,680,807,4
EGAE|1|LDY|City of Derry~1|50428|28389|7|08,1969,45,1,1,73,,-240,-1395,3,85,240,1377,3;02,1205,45,1,3,17,,-610,-430,6,133,420,137,2
EGBJ|1|GLO|Gloucestershire~1|18942|78328|31|08,1431,30,1,1,85,,-60,-1002,23,118,50,1051,27,312;03,983,23,1,1,35,,-560,-93,25,,170,712,26,88;18,800,18,1,2,174,,250,109,25,,-450,220,27
EGBN|1|NQT|Nottingham City~1|29200|89208|42|09,1050,30,1,1,88,,100,-663,39,213,100,620,27,121;03,821,23,1,0,27.8,,-330,-24,35,,310,559,29
EGDC|||Royal Marines Base Chivenor|10872|58497|8|10,1833,46,1,1,90.2,,-10,-1321,6,,0,1295,7
EGDM|||MoD Boscombe Down|11522|82526|124|05,3212,46,1,1,50,,-810,-2121,122,,980,1288,115;17,1914,46,1,0,167,,940,1371,115,,-740,2007,109;05N/23N,766,,1,0
EGDR|||RNAS Culdrose|861|47443|81|11,1831,46,1,1,113,,250,-1021,79,,-390,1335,81;18,1051,46,1,1,178.5,,390,383,80,,-560,423,77;06,1028,46,1,1,63,,-90,-777,77,,340,521,80
EGDX|EGSY||MOD St Athan|14052|65667|50|07,1828,43,1,1,73,,-240,-1271,49,,240,1238,41
EGDY|1|YEO|RNAS Yeovilton|10094|73612|23|08,2310,46,2,1,83.1,,-240,-2292,16,,10,976,21,23;04,1462,46,2,1,37,,-570,-539,23,,480,718,21
EGEC|1|CAL|Campbeltown~1|54372|43136|13|11,1412,30,1,1,106,,85,-436,12,183,-266,1707,12,427
EGED|1|EOI|Eday~1|91906|72278|3|18,578,30,4,0,182,,,,6,,,,3;07,527,18,9,0,66,,,,3,,,,3
EGFE|1|HAW|Haverfordwest~1|18331|50389|48|03,1524,45,1,1,30,,-600,-554,43,227,590,542,45,255;09,1040,45,1,0,88.3,,80,-918,45,240,110,582,42,210
EGFH|1|SWS|Swansea~1|16014|59290|91|04,1350,46,2,1,36,,-150,-321,80,61,870,885,90,90;10,857,46,1,1,97,,-20,-526,78,33,-100,703,78,30
EGHH|1|BOH|Bournemouth~1|7805|81604|12|08,2272,46,1,1,75,,-300,-1833,12,422,220,1281,9
EGHI|1|SOU|Southampton~1|9503|86432|13|02,1887,36,1,1,19,,-730,-408,9,73,730,406,13,209
EGHL|1||Lasham~9|11874|89683|188|09,1797,40,1,0,86,,-40,-1473,184,,80,1091,174
EGHQ|1|NQY|Cornwall Airport Newquay|4406|50046|119|12,2744,45,1,1,122,,640,-1663,93,,-610,1664,119
EGKA|1|ESH|Brighton City~1|8356|97028|2|02,1032,18,1,1,22,,-360,-233,2,140,430,261,2,95;06,799,25,4,0,64,,-300,-309,2,,60,827,2;13,408,18,4,0,125,,270,268,2,,60,746,2
EGLF|1|FAB|Farnborough~1|12758|92237|73|06,2440,45,1,1,62,,-520,-1574,69,540,500,1514,67,637
EGLK|1|BBS|Blackbushe~1|13239|91525|99|07,1335,46,1,1,72,,-180,-912,98,240,180,912,99,257
EGNC|1|CAX|Carlisle Lake District~1|49375|71908|58|06,1829,30,1,1,59,,-330,-942,44,199,300,919,56,235;13,1237,46,0,2,123.4,,440,-1080,,,-170,531;01,885,23,1,0,1.1,,-204,-213,46,,476,-190,48,129
EGNH|1|BLK|Blackpool~1|37717|69714|10|10,1868,45,1,1,95,,50,-1409,10,,-80,1416,9;13,998,24,1,1,127,,280,-1513,10,146,-310,-214,9;07,799,30,1,2,67.8,,70,-1273,10,38,340,-150,9,99
EGNJ|1|HUY|Humberside~1|35762|96505|37|02,2200,45,1,1,22,,-1090,-756,37,,740,506,23,246;08,990,18,1,0,82,,-40,-397,27,,90,1181,26,197
EGNL|1|BWF|Barrow Walney Island~1|41286|67325|53|05,1048,46,1,1,56,,-470,139,12,,140,1333,7,55;17,1011,46,1,1,166,,450,-179,10,,-430,193,13;12,404,46,1,3,113,,420,-284,10,,0,1419,9
EGNO|1|WRT|Warton~e|37451|71169|17|07,2422,46,1,1,71,,-370,-1818,9,64,330,1659,17;14,1277,30,1,2,133,,30,-1399,9,160,-760,48,12,108
EGNR|1|CEG|Hawarden~1|31781|70222|14|04,2093,45,1,1,41,,-690,-984,9,300,690,1017,5,300
EGNV|1|MME|Teesside~3|45092|85706|37|05,2291,45,1,1,48,,-700,-1303,35,,700,1302,35
EGOM|||RAF Spadeadam|50500|74500|325
EGOS|1||RAF Shawbury|27982|73320|76|18,1834,46,1,1,180,,360,2,74,,-1280,7,72;04,1379,46,1,1,45,,-550,-868,76,,330,569,73
EGOV|1|VLY|Anglesey~1|32481|54647|11|13,2290,46,1,1,131,,570,-1090,9,,-760,1505,7;01,1639,46,1,1,6.3,,-450,-526,5,,1000,-259,11,67;08,671,46,1,2,70,,-230,-1053,6,214,160,748,11,122
EGPA|1|KOI|Kirkwall~1|89579|70949|15|09,1430,45,1,1,87,,-20,-782,12,176,40,1727,12,40;06,1183,46,1,3,58,,-210,-677,,137,350,1066,5;14,677,19,1,0,140,,260,-412,12,,-130,207,,120
EGPB|1|LSI|Sumburgh~1|98789|87044|6|09,1498,44,1,1,84,,190,-966,6,7,310,1127,5,32;15,1424,43,1,1,144,,300,-489,2,187,-730,1030,2,187;06H/24H,543,44,1,0,53,,-410,513,2,,-120,1292,6
EGPC|1|WIC|Wick John O'Groats~1|84589|69069|38|13,1831,45,1,1,127,,480,-1237,35,250,-510,1267,35,310;08,1036,45,1,3,76,,-310,-851,30,,-80,868,35
EGPE|1|INV|Inverness~1|75425|59525|9|05,1888,45,1,1,49,,-550,-1201,9,66,550,1193,6;11,701,18,1,0,110,,210,-1237,9,,0,-131,8
EGPI|1|ILY|Islay~1|56827|37425|17|12,1554,30,1,1,112,,363,-1077,7,150,-219,642,12,150;07,635,18,1,1,73,,-25,-125,10,,146,731,16,60
EGPL|1|BEB|Benbecula~1|74811|26372|6|06,1837,46,1,1,55,,-470,-1248,5,120,470,1273,4;17,1208,46,1,1,167,,580,-295,5,,-490,162,4
EGPN|1|DND|Dundee~1|64525|69742|5|09,1400,30,1,1,91,,0,-1138,5,,-10,1132,4
EGPO|1|SYY|Stornoway~1|82156|36689|8|18,2200,46,1,1,174.3,,980,-184,5,120,-980,190,5;06,1000,23,1,1,60,,-350,-471,8,,90,1005,6
EGPR|1|BRR|Barra~1|70228|25569|2|15,846,46,8,0,,,,,1,,,,0;07,799,60,8,0,,,,,1,,,,0;11,680,46,8,0
EGPU|1|TRE|Tiree~1|64992|31308|12|05,1402,30,1,1,47,,-420,-799,9,,440,868,6,52;11,820,19,1,1,109.5,,360,-1024,12,,110,253,7;17,792,18,2,0,168,,830,-830,10,,300,-636,11
EGQL|1|ADX|Leuchars Station~9|63740|71311|12|08,2588,46,1,1,82,,-100,-1281,9,270,240,2865,6;04,1464,46,1,3,37,,-410,-539,8,,650,870,10
EGQS|1|LMO|RAF Lossiemouth|77052|66608|13|05,2771,46,1,1,43.7,,-720,-1422,6,,1080,1789,7,93;10,1849,46,1,1,96.5,,210,-464,12,98,20,2619,11
EGTC|1||Cranfield~1|20722|93833|110|03,1799,45,1,1,32,,-700,-690,109,205,680,690,109;18,620,18,1,2,175.5,,110,-424,,,-440,-353
EGTE|1|EXT|Exeter~3|7343|65860|31|08,2076,45,1,1,76,,-223,-1402,30,,217,1406,31;13,1339,46,1,2,120,,420,-1304,23,136,-180,339,30
EGTK|1|OXF|London Oxford~1|18369|86800|82|01,1526,30,1,1,11,,-685,-206,76,,646,199,79;03,880,47,4,2,22.9,,-660,167,75,,90,667,77;09,880,45,4,3,85.8,,-230,-528,79,,-190,694,75;11,760,28,1,2,111,,360,-283,82,,110,750,76
EGUB|1|BEX|RAF Benson|16144|89040|69|01,1823,46,1,1,8,,-750,-165,54,,870,193,62;06,1458,30,1,2,56,,50,-633,60,,780,1117,69
EGVA|1|FFD|RAF Fairford|16836|82108|87|09,3046,61,1,1,88,,-60,-2280,87,,40,2120,78
EGVN|1|BZZ|RAF Brize Norton|17500|84164|88|07,3050,56,1,1,74,,-390,-2053,87,,390,2181,76
EGVO|1|ODH|RAF Odiham|12341|90572|123|09,1838,43,1,1,93,,40,-1309,120,1,-30,1317,119
EGWC|||RAF Cosford|26405|76947|83|06,1186,46,1,0,58,,-280,-741,79,45,290,746,83,45
EGWU|1|NHT|RAF Northolt|15530|95818|38|07,1690,46,1,1,69.7,,-290,-1282,35,92,230,1003,38
EGXC|1|QCY|RAF Coningsby|30930|98340|8|07,2744,57,2,1,72,,-370,-1956,6,,400,1931,8
EGXE|||RAF Leeming|42972|84611|40|16,2291,46,1,1,156,,470,-371,34,,-1400,1072,40
EGXG|EGCM||Leeds East~1|38347|88053|9|06,1877,46,1,1,54.7,,-510,-1254,9,166,460,1073,9;16,1666,46,1,1,155.7,,950,-810,9,,-410,219,8,200
EGXT|1||RAF Wittering|26126|95235|83|07,2759,61,1,1,74,,-310,-1900,83,,410,1983,74
EGXW|1|WTN|RAF Waddington|31662|94762|70|02,2939,60,1,1,22,,-1235,-821,69,,1219,804,67
EGXZ|||RAF Topcliffe|42041|86197|28|02,1813,45,1,1,22,,-640,-676,24,380,910,383,28;13,1246,45,1,1,126,,510,-858,27,,-150,708,25,316
EGYD|1||RAF Cranwell|30273|95069|66|08,2082,45,1,1,83,,140,-1260,66,,350,1436,55;01,1464,45,1,1,8,,-620,769,54,,670,1077,55;06,1197,30,4,0,64,209,1296,-730,64,,1762,881,55;03,1103,30,4,0,30,,1190,-252,61,,2045,583,55
EGYE|1||RAF Barkston Heath|29606|94406|112|06,1744,46,1,1,58,,-200,-1246,112,67,680,1053,98;10,1278,46,1,1,103,,-30,-1286,112,,-290,573,104,154;18,795,23,1,0,178,,440,323,112,,-240,373,112
#GB|S
EG34|||Ledbury~9|20019|75258|46|01,611,,1,0
EG74|||Bruntingthorpe~e|24930|88749|142|06,3000,60,1,0,58.4,,-1310,-2438,141,370,100,1325,138,370;06R,900,25,6,0,59.8
EGAD|1||Newtownards~1|45811|43081|3|03,1020,18,1,1,36,,,,3,,,,3;15,644,18,1,1,154,,,,3,,,,3;08,556,18,1,0,81,,,,3,,,,3
EGBD|1||Derby~9|28597|83825|53|17,594,20,4,0,176,,,,53,,,,52;05,547,20,4,0,52,,,,52,,,,53;10,453,20,4,0,101,,,,52,,,,53
EGBF|1||Bedford~e|22307|95362|82|08,1095,30,2,0,82,,,,83,,,,82;11,850,50,4,0
EGBG|1||Leicester~1|26066|89698|143|10,940,30,1,1,96,,150,-841,137,,60,492,142;15,495,18,1,0,148.8,,120,-369,141,,-270,20,141;04,490,18,1,0,37.8,,-300,48,141,,60,464,142;16,418,30,4,0,150.8,,90,-258,141,,-230,34,141;06,335,30,4,0,54.8,,-130,-63,141,,30,298,143
EGBK|1|ORM|Sywell~e|23053|92069|131|03L,1268,30,2,1,26,,,,119,,,,128;03R,671,30,4,0,26,,,,119,,,,125;05,602,30,4,0,54,,,,119,,,,119;14,450,18,4,0,146,,,,126,,,,117
EGBM|1||Tatenhill~9|28143|82321|134|08,1190,28,1,1,76,,,,126,,,,134
EGBO|1||Wolverhampton Halfpenny Green~1|25175|77406|86|16,1182,30,1,1,156,,490,-383,84,219,-490,319,85,187;10,800,23,1,0,97,,-20,-796,78,158,-120,372,84,140;04,635,18,1,0,37.3,,-140,-671,79,30,360,-116,83,90
EGBP|1|GBA|Cotswold~1|16685|79434|132|08,2009,45,1,1,80.4,,-190,-1448,132,171,110,1417,126,265;13,545,46,1,2,123,,,,132,,,,126;08L,450,20,4,0,86;03,350,20,4,2,36
EGBS|||Shobdon~9|22417|71189|97|08,836,18,1,1,86,,-52,-621,97,,44,594,92
EGBT|1||Turweston~e|20408|89044|137|09,1256,23,1,0,87,,,,131,157,,,130,99;09G/27G,757,23,4,0,88,,-62,-542,,,-38,564;03,490,20,4,0
EGBW|||Wellesbourne Mountford~9|21894|83859|48|18,917,23,1,1,176,,700,-90,46,,-130,21,48;05,587,18,1,0,46,,-220,-368,48,,160,271,48
EGCA|||Coal Aston~9|33048|85711|229|11,660,20,4,0,110,,,,219,,,,226
EGCB|||Manchester Barton~e|34717|76103|22|08L,641,32,4,0,83,,,,21,,,,21;08R,625,32,4,0,83,,,,21,,,,21;02,533,32,4,0,14,195,,,21,69,,,22;14,398,32,4,0,134,,,,22,,,,21
EGCF|||Sandtoft~9|35594|91410|3|04,886,18,0,0,,,,,3,,,,3
EGCJ|1||Sherburn-in-Elmet~9|37885|87831|8|11L,830,18,1,3,106,,,,8,,,,7;06,793,18,4,0,61,,,,8,,,,7;11R,616,18,4,0,106,,,,8,,,,8;01,585,18,4,0,1,19,,,7,,,,7
EGCK|||Caernarfon~1|31018|56624|0|02,1077,23,1,0,13.2,,-230,-478,4,77,700,-113,4;07,880,23,1,1,71,,-120,-573,4,56,150,754,3,89
EGCL|||Fenland~9|27392|99703|2|08,670,18,4,0;18,600,30,4,0,183,,,,2,,,,2
EGCS|1||Sturgate~9|33812|93152|18|09,820,,1,0;14,460,,1,0
EGCV|||Sleap~9|28348|72297|84|05,799,46,1,1,48,,,,84,,,,84;18,775,18,1,0,181,,,,84,,,,84
EGCW|||Welshpool~1|26286|68467|71|04,1020,18,1,0,36,,-380,-446,71,97,360,430,71,111
EGDJ|1|UPV|Upavon~e|12866|82178|175
EGDN|||Netheravon~9|12472|82457|139|11,1092,,4,0,,,,,127,,,,136;04,640,,4,0
EGDO|||Predannack~9|12|47692|90|05,1824,46,1,0,39,,-1050,-620,86,,310,1113,88;01,1405,46,1,0,3.5,,,,85,,,,91;10,1309,46,1,0,93.5,,,,87,,,,87;13,916,46,1,0,129.5,,,,89,,,,85
EGDW|||RNAS Merryfield|9643|70616|46|09,1831,,0,0,,,,,45,,,,33;03,1294,,0,0,,,,,35,,,,35;16,1129,,0,0,,,,,36,,,,33
EGEF|1|FIE|Fair Isle~1|95347|83715|68|06,537,23,5,0,62,,,,69,,,,67
EGEI|1|SKL|Broadford~6|72531|41722|7|07,771,23,1,0
EGEL|1|COL|Coll~1|66019|33822|6|02,500,18,1,0,23,,,,6,,,,6
EGEN|1|NRL|North Ronaldsay~1|93675|75656|12|10,527,18,9,0,99,,,,13,,,,17;14,378,30,4,0,136,,,,16,,,,18;03,330,48,9,0,31,,,,18,,,,17
EGEO|1|OBN|Oban~1|64635|46003|6|01,1264,30,1,1,6,,-540,-117,7,122,590,84,7,204;04,900,30,1,2,39
EGEP|1|PPW|Papa Westray~1|93510|70996|28|04,527,18,9,0,32,,,,27,,,,27;18,343,31,4,0,176,,,,24,,,,28;07,334,18,4,0,64,,,,24,,,,27
EGER|1|SOY|Stronsay~1|91553|73586|12|02,515,18,9,0,25,,,,12,,,,6;06,411,30,4,0,58,248,,,8,,,,9;10,404,18,4,2,101,,,,6,,,,11
EGES|1|NDY|Sanday~1|92503|74233|21|03,467,18,9,0,26,,,,10,,,,18;11,426,30,4,0,105,,,,15,,,,15;17,386,30,4,0,165,,,,20,,,,14
EGEW|1|WRY|Westray~1|93505|70499|9|09,527,18,9,0,88,,,,9,,,,5;13,421,18,4,0,133,,,,8,,,,5;01,291,18,4,0,11,,,,4,,,,8;H,16,16,1,0
EGEY|1|CSA|Colonsay~6|60575|37569|13|11,501,18,1,0,105,,,,11,,,,13
EGFA|||Aberporth~1|21153|54431|130|08,924,23,1,1,72,,-130,-646,128,38,130,637,126,41
EGFD|||Llanbedr~9|28117|58764|9|17,2286,46,1,1,169.7,,360,-668,6,95,-1670,-66,9;05,1319,46,1,0,47,,-590,-1031,,,190,435;15,1282,46,1,0,150.1,,370,-1190,,,-640,-262
EGFP|||Pembrey West Wales~1|17139|56878|5|04,797,30,3,0,36,,,,5,,,,4
EGHA|||Compton Abbas~e|9672|78464|247|08,799,30,4,0,79,,,,243,,,,247
EGHC|1|LEQ|Land's End~1|1028|43294|121|16,784,18,1,0,162,,233,-149,117,,-337,205,118;07,693,18,1,0,68,,-133,-802,114,,108,-6,114;02,483,19,4,0,23;12,479,18,4,0,116
EGHF|||Solent~1|8142|87967|10|05,1029,30,1,0,,,-134,-780,,277,520,259,,23;10,789,44,1,2,,,-195,-815,,171,-258,305;16,671,43,1,2,,,435,371,,91,-158,583,,122
EGHG|||Yeovil/Westland~e|9400|73414|62|09,1182,37,4,0,94,,,,59,,,,53
EGHJ|1|BBP|Bembridge~1|6781|88906|16|12,827,23,2,0,,,,,15,61,,,9,84
EGHN|||Isle of Wight/Sandown~1|6531|88178|17|05,884,40,4,0,,,,,15,95,,,7
EGHO|||Thruxton~e|12106|84000|97|07,969,23,1,1,,,,,92,,,,93;12,760,31,4,0,,,,,97,,,,85
EGHP|||Popham~9|11947|87669|168|03,900,25,4,0,30,,,,164,,,,151;08,890,25,4,0,80,,,,166,,,,169
EGHR|1|QUG|Goodwood~e|8598|92399|30|14,1262,31,4,0,,,,,33,,,,27;06,855,30,4,0,,,,,31,,,,32;14L,726,30,4,2;10,700,30,4,0,,,,,34,,,,31
EGHS|||Henstridge~9|9850|76428|56|06,725,26,1,0,62
EGHU|||Eaglescott~9|9287|60116|200|08,600,,4,0
EGHY|||Truro~e|2784|48577|39|14,540,18,4,0
EGKR|1||Redhill~e|12136|98614|68|07R,897,30,4,0,,,-108,-626,68,,106,612,60;18,851,25,4,0,,,400,-207,63,,-229,-224,61;07L,683,23,4,1,,,-4,-465,62,,161,477,62;06,500,10,1,0;07H/25H,175,30,4,0
EGLA|||Bodmin~9|4997|53342|198|13,610,18,4,0,132,,,,197,,,,190;03,480,18,4,0
EGLD|||Denham~e|15883|94869|76|06,775,18,1,1,59,,,,76,,,,73;12,546,18,4,0,118,,,,76,,,,74
EGLJ|||Chalgrove~9|16761|89192|73|13,1801,46,1,1,123.9,,,,67,52,,,73;06,1289,46,1,1,59,,,,68,,,,68;18,1270,46,1,1,178,,720,371,68,,-420,436,73,46
EGLM|||White Waltham~9|15008|92256|40|07L,1110,45,4,0,,,-220,-726,38,,190,639,37;03,1025,45,4,0,,,-510,639,35,,320,580,39;11,930,30,4,0,,,-110,-535,38,,-380,639,35;07R,788,25,4,0,65,,-245,-704,38,,61,330,40
EGLP|||Brimpton~9|13835|88279|64|06,620,25,4,0
EGLS|||Old Sarum~9|10989|82158|87|06,781,50,4,0,,,,,85,,,,86
EGMJ|1||Little Gransden~9|21660|98508|76|12,650,45,4,2;10,570,18,4,0;03,430,23,4,2
EGNE|1||Retford Gamston~1|32806|90486|28|02,1199,23,1,1,25,,-725,-560,26,240,751,587,23,240;08,811,46,1,2,77.6,,-340,-1777,,,-200,-582;14,800,18,1,0,142,,130,-1527,,,-450,-721
EGNF|1||Netherthorpe~9|33172|88044|76|06,563,36,4,0,56,,,,76,,,,69;18,382,18,4,0,178,,,,69,,,,72
EGNG|||Bagby Thirsk~9|42112|87076|49|06,710,20,4,0
EGNU|||Full Sutton~9|39806|91353|26|04,772,,4,0,35,,,,26,,,,26;16,750,21,0,0;07,400,20,1,0
EGNW|1||Wickenby~e|33167|96503|19|03,530,18,1,0,27,,,,25,,,,23;16,497,18,1,0,152,,,,22,,,,24
EGNY|||Beverley/Linley Hill~9|38984|96386|1|12,710,30,4,0
EGOE|||Tern Hill~9|28728|74673|83|05,980,46,1,1,43,,-210,-333,81,,410,614,83,189;10,948,46,1,1,99,,70,-747,80,,-50,588,82,192
EGOQ|||RAF Mona|32586|56265|62|04,1579,46,1,1,37,,-470,-746,57,87,650,688,60
EGOW|1||RAF Woodvale|35816|69445|11|03,1647,46,1,1,33,,-630,-833,10,,660,417,11;08,1068,45,1,1,83,,-410,-1266,10,358,-250,324,9,49;16,1003,45,0,0,162,,,,11,381,,,9,152
EGPG|||Cumbernauld~1|59747|60244|107|07,820,23,1,1,76,,-115,-609,106,,106,643,100
EGPJ|||Fife~1|61833|67797|122|06,700,18,1,0
EGPS|||Longside~9|75168|81354|46|10,500,15,2,0,,,,,37,,,,37
EGPT|1|PSL|Perth/Scone~1|64392|66278|121|03,853,27,1,1,32,,,,119,,,,118;15,620,36,4,0,153,,,,120,,,,118;09,609,22,1,1,92,,,,119,,,,118
EGSF|1||Peterborough Business~1|24681|97489|8|10,987,23,1,1,94,,50,-723,8,,-30,721,8,111;16,800,43,1,2,150.9,,50,-640,,,-590,-57
EGSP|1||Peterborough/Sibson~9|25571|96130|40|06,935,30,4,1,64,,,,37,,,,33;15,551,18,4,1,143,,,,32,,,,32
EGTB|1|HYC|Wycombe Air Park|16118|91917|157|06,735,23,1,1,62,,-157,-458,156,,147,477,156;17,695,30,4,2,167,,148,-67,147,,-469,170,147;06G/24G,610,23,4,0,62,,-187,-283,156,,76,525,155
EGTD|1||Dunsfold~e|11172|94642|52|07,1880,45,1,1
EGTF|1||Fairoaks~1|13481|94411|24|06,813,27,1,1,59,,-201,-475,24,53,186,510,23,13
EGTH|1||Old Warden~9|20846|96799|34|02,799,18,4,0
EGTP|1||Perranporth~9|3306|48207|101|05,940,18,1,0,44,,-310,-507,101,,300,412,99;09,750,23,1,0,87,,-170,-661,101,,-130,390,101;01,626,27,1,2,6,,-260,411,,,300,507
EGTR|1||Elstree~9|16558|96742|101|08,651,20,1,1,80,,-48,-464,99,,55,458,91
EGTU|1||Dunkeswell~9|8610|67661|256|04,968,45,1,0,44,,-480,-410,256,,180,490,252,295;17,963,46,1,0,170,,340,-110,249,,-240,57,254;09,867,46,1,2,82.8,,330,-638,,,430,584
EGTW|1||Oaksey Park~9|16322|79853|76|04,850,25,4,0;17,785,20,4,0
EGUD|||RAF Abingdon|16906|86834|79|18,1802,,1,0;08,1067,,1,0
EGVP|||Middle Wallop~9|11439|84311|91|17,1181,45,4,0;09,1096,45,4,0;04H/22H,300,25,1,0
EGWE|||RAF Henlow|20182|96962|63|09R,966,46,4,0;02,959,46,4,0;13,800,46,4,0;09L,762,23,4,0
EGWN|1||RAF Halton|17907|92620|113|02,938,45,4,0,21,,,,112,62,,,97,62;07,849,45,4,0,72,,,,108,,,,103
EGXY|1||RAF Syerston|30228|90889|69|06,1827,46,1,0,63,,-560,-1719,68,,180,707,57;15,1347,46,1,0,151,,450,-425,68,,-600,556,55;11,1292,46,1,2,120,,-160,-1380,,,-740,287
EGZL|1||Feshiebridge Glider~a|71037|61083|266|3,900,,4,0
GB-0002|||Fishburn~9|46868|85417|115|08,790,30,4,0,78,,-79,-586,115,,66,546,99
GB-0006|||Draycot Farm~e|14934|82562|152|18,700,25,4,0
GB-0007|EGTN||Enstone~e|19282|85715|168|08R,1100,40,1,0;08L,800,40,4,0
GB-0008|||Causeway~9|50588|34156|10|16,650,20,4,0
GB-0015|||Brent Tor Glider~a|5925|58547|259|11,1100,,4,0
GB-0026|||Newton Peveril~9|7950|79033|37|08,461,,4,0
GB-0030|||Langar~9|28959|90990|37|01,914,20,2,0,,,-1042,-85,,,196,1;07,610,20,2,0,,,-294,-926,,,204,585
GB-0033|||Heywood Farm~6|10040|67592|66|18/28,830,,4,0
GB-0037|||White Ox Mead~6|13199|75991|167|96/24,518,30,4,0,60,,,,158,,,,158
GB-0038|||Eshott~9|52805|82851|60|01L,610,12,1,0;01R,610,25,4,0;08,550,12,1,0
GB-0042|||Lower Upham~9|9725|87515|62|04,648,,4,0
GB-0044|||Lower Upham Farm~e|14967|82873|137|18,600,,4,0;09,400,,4,0
GB-0045|||Clench Common~9|13902|82666|190|08,443,28,4,0;15,396,28,4,0
GB-0048|||Easter~9|77533|60572|7|06,900,50,4,0
GB-0050|||Wing Farm~9|11634|77914|133|09,500,,4,0
GB-0051|||Colemore Farm~9|10609|89893|186|02,428,,4,0
GB-0052|||Eggesford~9|8668|61369|176|11,630,,4,0
GB-0058|||Boston~e|29746|99282|3|09,620,15,4,0
GB-0060|||Porthtowan~9|2851|47716|104|03,440,,4,0
GB-0062|||Branscombe~9|6978|68443|152|10,600,18,4,0
GB-0063|||Farway Common~9|7358|68208|235|10,550,18,4,0;18,550,18,4,0
GB-0064|||Ashcroft~9|31645|74278|46|13,650,12,4,0;12,600,10,4,0;09,520,9,4,0;17,350,9,4,0
GB-0068|||Gigha~9|56552|42450|11|07,650,,4,0
GB-0073|||Hinton-in-the-Hedges~9|20287|87928|154|06,700,18,1,0
GB-0075|||Elvington~9|39230|90067|15|08,914,18,1,0
GB-0077|||Finmere~e|19853|89436|122|10R,701,46,0,0;10L,600,30,0,0
GB-0140|||Brooklands~e|13486|95297|16|01,420,20,1,0,10,,,,15,,,,15
GB-0179|||Wombleton~9|42311|90253|38|04,1128,46,2,0,,,-232,-271,,,602,709;10,737,15,2,2,,,-245,-192,,,-283,944
GB-0180|||Strathaven~9|56800|58866|258|09,530,,4,0
GB-0185|||Wadswick Farm~6|14111|77796|137|10,500,25,4,0,100
GB-0200|||Hanley Farm~6|22990|75305|197|05,600,,0,0
GB-0201|||Glenswinton Farm~6|50478|59684|158|03,430,15,0,0
GB-0202|||Insch~6|73110|73516|152|13,547,,4,0
GB-0203|||Westonzoyland~9|11068|70913|9|08,510,20,4,0,80,,,,9,,,,9;03,490,20,0,0;15L,450,20,0,0;15R,450,50,2,2
GB-0208|||Thornborough Grounds~6|20059|90646|82|04,550,,0,0
GB-0248|||Rufforth East~9|39521|88251|16|05,640,,2,0,,,-192,-403,,85,196,343
GB-0279|||Stoke Golding~9|25801|85687|91|08,525,25,0,0
GB-0287|||Charterhall~9|57076|76215|107|07,600,12,1,0
GB-0324|||Baxterley~e|25688|83857||07,450,15,4,0
GB-0357|||Bute~9|57568|49520|14|09,498,,0,0
GB-0365|||Holmbeck Farm~9|19103|92704|128|11,500,14,0,0
GB-0368|||Long Acres Farm|21298|96891|24|09,573,,0,0
GB-0369|||Darley Moor~9|29693|82513|177|02,650,,0,0
GB-0376|||Yorkshire Gliding Club|42307|87889||02,732,91,4,0,20,,,,280,,,,311;06,511,152,4,0,60,,,,280,,,,280
GB-0388|||Pitsford Water~e|23153|91281|101|11,450,,0,0
GB-0393|||Currock Hill Glider~a|49327|81533|244|06,600,50,4,0
GB-0441|||Easterton Glider~a|75874|66932|110|08,950,100,4,0,,,,,103,,,,100
GB-0550|||Lower Botrea|1125|43705|152|07,600,50,4,0;17,500,50,4,0
GB-0577|||Kirriemuir Farm Strip|66503|69712|73|09,560,,0,0
GB-0615|||London Gliding Club|18685|94548||04,900,50,4,0,40,,-226,-565,152,,281,137,152
GB-0622|||Dairy House Farm~9|31065|74963||12,530,15,4,0
GB-0639|||Ranksborough Farm~6|26890|92247||11,1040,,0,0
GB-0762|||Edington Private~6|12678|78981|195|01,640,15,4,0,10,,,,189,6,,,195;09,366,5,4,0,85,,,,198
GB-0879|||Slemish~9|49028|38647||08,765,,0,0
GB-0978|||Greenlease Farm~6|7484|92306|5|07,550,25,4,0
GB-1015|||Spire-View~6|10205|81395||04,470,,0,0;01,450,,0,0
GB-1102|||Baldardo~a|66668|71992|152|08,500,12,4,0
GB-1136|||Middlezoy~e|11031|70960|9|08,585,20,4,0,80,280,,,9,134,,,9,134;15,351,20,0,2,150
GB-1209|||Rufforth West~9|39471|88128|16|17,1262,45,2,0,,,583,-162,,366,-534,178,,422;05,838,48,2,0,,,-438,-596,,471,42,317,,210
GB-1222|EGUY|QUY|RAF Wyton|23571|98922|41|08,2516,61,1,2,83,,-190,-1675,41,,100,1987,32;08G/26G,799,23,4,0,83,,-213,-1636,,,-123,-475;15,762,18,1,2,151,,320,-756,39,,-280,-217,38;08H/28H,416,17,1,0,83,,-256,-1049,,,-208,-441
GB-1273|||Plockton~6|73355|43269|69|02,597,23,1,0
GB-1275|||Breighton~9|38028|90828|50|10,850,50,0,0
GB-1278|||Cark airfield|41643|70387|6|06,500,15,0,0
GB-1280|||Bognor Regis Lec~9|8024|93422|0|02,608,18,1,0,,,-320,-398,,,114,129
GB-1281|||Badminton~9|15484|76968|151|07,1300,8,4,0
GB-1282|||Boon Hill Farm~6|43081|90259||02,850,20,4,0
GB-1361|||Ragley Hall~6|22283|81561|64|00/00,485,,4,0,,,,,64,,,,64
GB-DOC|||Dornoch~9|78690|59770|0|10,750,28,4,0
GB-FLH||FLH|Flotta Isle~6|88258|68572|15
GB-ULL|||Glenforsa~9|65172|40860|5|07,780,28,4,0
#IE|H
EIAH|1||Adona~2|34428|37382|67
EIFR|1||Finner Camp~2|44927|17591|33|08,447,15,1,2,,,-115,-674,27,,-5,-16,32;H,20,20,1,0
#IE|L
EICK|1|ORK|Cork~3|18413|15089|153|16,2133,45,1,1,160,,900,-534,145,,-900,531,140;07,1310,45,1,1,63,,30,-490,144,,570,1198,153
EIDW|1|DUB|Dublin~1|34287|37379|74|10L,3110,45,2,1,97,278,846,-1852,72,,650,1714,65;10R,2637,45,1,1,95,,-627,-2797,74,,-840,1152,62;16,2072,45,1,1,157,,830,12,66,,-880,1251,62;11,1339,61,1,2,105,,790,-17,66,85,470,1929,66
EIKN|1|NOC|Ireland West Airport Knock|39104|11830|203|08,2300,45,1,1,79,,-210,-1865,180,153,190,1567,203
EINN|1|SNN|Shannon~1|27020|10752|14|06,3199,45,1,1,52,,-880,-1872,14,,880,1870,5,140
#IE|M
EIDL|1|CFN|Donegal~1|50442|16590|9|02,1496,30,1,1,20,,-630,-408,3,200,630,401,9,200
EIKY|1|KIR|Kerry~1|21809|4762|34|08,2000,45,1,1,71,,-290,-1383,25,,290,1386,34;07,1230,30,1,2,58,,-200,-1506,23,90,380,16,28,90
EIME|||Casement~d|33017|35487|97|10,1829,46,1,1,108,,299,-1752,86,,-8,667,96,183;04,1463,46,1,1,41,,-812,-251,97,,181,1185,93
EISG|1|SXL|Sligo~1|42802|14008|3|10,1072,30,1,1,100,,98,-907,3,30,-95,907,3,30
EIWF|1|WAT|Waterford~1|21872|29130|36|03,1433,30,1,1,21,,-600,-372,26,90,600,380,34,143
EIWT|1||Weston~1|33516|35096|46|07,926,7,1,0,67.2,,-40,-167,47,15,180,574,46,15
#IE|S
EIAB|1||Abbeyshrule~e|35914|23571|59|10,620,18,1,0
EIBA|EIBB||Ballyboughal~e|35056|37622|55
EIBF|||Benfield~e|31615|27326|79|03,503,20,4,0,,,,,73,,,,73
EIBN|1|BYT|Bantry~e|16772|5129|2|07,390,15,1,0
EIBR|1||Birr~e|30706|21025|76|36,570,18,4,0;NE/SW,91,0,0,0
EICA|1|NNR|Connemara~4|32303|5322|21|05,600,18,0,0
EICL|1||Clonbullogue~e|32497|28773|73|09,770,18,1,1
EICN|1||Coonagh~e|26665|13182|2|10,419,9,0,0
EIER|||Erinagh~9|28125|17178|47|06,600,18,4,0
EIHH|1||Navan~9|36959|33459|76|07,530,20,4,0;09,500,10,4,0
EIIM|1|IOR|Inishmore~e|31067|3464|7|14,158,5,0,0
EIIR|1|INQ|Inisheer~e|30647|4891|12|13,520,18,0,0
EIKH|||Kildare~e|30636|31447|79|01,606,10,4,0;11,550,18,4,0
EIKK|1|KKY|Kilkenny~1|26508|27039|97|09,930,23,4,0
EILT|1||Letterkenny~9|49513|23272|6|08,600,,4,0
EIMN|1|IIA|Inishmaan~e|30930|4319|5|15,546,20,1,0;05,265,20,0,0
EINC|||Newcastle~e|30711|39547|0|18,690,18,4,0,,,,,3,15
EIRT|||Rathcoole~e|21056|10167|86|09,450,18,0,0
EITM|||Trim~e|35747|32614|61|10,560,12,0,0
IE-0004|EIDG||Dolly's Grove~9|34225|34538|78
IE-0005|||Eyne~9|30828|27224|81|15,500,15,0,0
IE-0093|EISB||Snug Beag~9|36284|29892
#IM|L
EGNS|1|IOM|Isle of Man~1|40831|53761|16|08,2110,46,1,1,78,,-171,-1505,9,290,225,1652,10,140;03,1199,46,1,1,28,,-532,-781,7,95,420,78,16;17,903,27,1,2,175,,220,-638,,,-480,-360,5
