#MN|S
ZMHG|1|HTM|Khatgal~1|4360|1395|1676
#RU|L
UIII|1|IKT|Irkutsk~3|22667|43956|511|12,3565,45,2,1,113.6,,700,-2560,484,,-440,1740,511
UIUU|1|UUD|Baikal~3|18086|74397|515|08,3400,45,2,1,83,,-190,-2270,515,,440,2530,505;08L,2042,104,4,2,78,,-30,-1070,,,350,1830;14,1411,96,4,2,135,,1040,-570,,,140,930
#RU|M
RU-0008|||Bada~d|14069|99001|762|09,2500,45,2,1,,,-120,-1810,,,130,1790
RU-0036|||Irkutsk Northwest~1|23676|41833|448|14,2600,58,2,1
RU-2844|||Dzhida~d|6774|61386|600
RU-6560|||Ulan-Ude East~1|18500|77380|509|08,3000,70,2,1
UIBB|1|BTK|Bratsk~1|63696|17018|491|12,3160,45,2,1,115,,690,-2680,490,,-500,2020,488
UIBV|||Zheleznogorsk~1|64877|41060|593|10/18,1400,40,2,1
UITT|1|UKX|Ust-Kut~1|68567|57300|667|12/33,2000,45,2,1
#RU|S
RU-0276|||Oyok~9|25500|44539|458|03,762,42,4,0,28,,-230,-230,,55,290,260,,55
RU-10143|||Mostovoy~9|61041|14377|443|13,725,35,6,0,123,,182,-480,,,-170,500
UIBS||UIK|Ust-Ilimsk~1|81354|25561|408|07,3000,40,2,1
UIIB|||Belaya~d|29149|35755|458|15,4000,80,2,1
UIIH|1||Khuzhir~1|32179|74105|496
UIKK|1|KCK|Kirensk~1|77730|80640|256|09,1550,40,2,1
UITK|||Kazachinskaya~1|62802|75676|457|04,1600,32,2,1
UIUN|1|NZG|Nizhneangarsk~3|58008|95950|471|05,1600,32,2,1
