#US|H
US-8448|||Akutan Seaplane Base~2|41344|42220|3
#US|M
PACD|1|CDB|Cold Bay~1|52079|72750|29|15,3103,46,1,1,158,,1450,-1301,21,,-1200,500,27;08,1494,46,1,1,95,,-890,-200,28,,-1010,2200,29
PADU|1|DUT|Tom Madsen (Dutch Harbor)~1|38988|34550|7|13,1372,30,1,1,136,,410,-600,7,30,-350,600,4,31
PAEH|1|EHM|Cape Newenham LRRS~1|86464|79370|165|15,1202,46,5,1,162,,520,-299,69,,-510,300,162
PAPB|1|STG|St George~1|65773|3362|38|11,1519,46,5,1,118,,330,-1120,38,,-320,1080,36
PAPM|1|PTU|Platinum~1|90177|81721|5|14,1524,23,5,1,154,,-210,490,3,,-1030,1191,3;09,586,15,5,2,108,,-580,290,5,,-740,1290,3
PASD|1|SDP|Sand Point~1|53139|94779|6|13,1219,46,1,1,149,,580,-590,6,,-350,409,6
#US|S
6AK1|||Platinum Mine~1|89117|82860|30|16,610,23,5,0
A63||TWA|Twin Hills~1|90747|97250|25|18,914,18,5,1,,270.9
AK33||HED|Herendeen Bay~1|58023|90987|6|12,332,11,4,0;07,296,15,4,0
GNU||GNU|Goodnews~1|91176|84248|5|05,864,24,5,0,69,,-160,-880,3,,120,519,3,59
PAAL|1|PML|Port Moller~1|60060|94390|6|01,1067,30,5,0
PAAM|||Driftwood Bay Air Force Station~1|39729|31415|7|14,1067,30,5,0
PACS|1|WSF|Cape Sarichef~1|45839|50943|89|16,1067,37,5,0;06,579,27,5,0
PADY|1|KKH|Kongiganak~1|99608|71190|9|01,732,23,5,0,21,,-240,-200,9,,240,200,8
PAGG|1|KWK|Kwigillingok~1|98765|68310|5|15,559,12,5,0,165,,330,-100,4,,-330,199,5
PAKF|1|KFP|False Pass~1|48475|65928|6|13,640,23,5,0
PAKI|1|KPN|Kipnuk~1|99318|59718|3|17,975,18,5,0,166,,400,-380,3,,-170,-81,2
PAKO|1|IKO|Nikolski Air Station|29416|11505|23|08,1070,41,5,0,90,,0,-749,14,,-10,850,23
PAOU|1|NLG|Nelson Lagoon~1|60075|88400|4|08,1220,23,4,0,96,,60,-1000,4,,-50,900,3
PAQH|1|KWN|Quinhagak~1|97551|81550|13|12,1219,23,5,0,134,,380,-800,12,,-380,700,12
PATG|1|TOG|Togiak~1|90528|96030|6|03,1341,23,5,1,46,,-390,-800,6,,410,799,6;10,299,18,5,0,111.2,,330,399,,,220,1001
PAUT|1|KQA|Akutan~1|41446|43957|41|09,1372,23,1,1,99,,94,-1019,34,,-92,1056,39
PAVC|1|KVC|King Cove~1|51163|77340|47|08,1067,35,4,1,88,,-10,-899,47,,20,800,46
Z52|||Johnsons Landing~1|60367|97340|40|09,404,9,5,0;18,250,6,5,0
#US|W
36H|||Squaw Harbor~7|52333|94480||ALL/WAY,1524,1524,12,0
KCN||KCN|Chernofski Harbor~7|34029|24797||ALL/WAY,1524,610,12,0
KQA|||Akutan~7|41338|42211||E/W,3048,305,12,0
KWK|||Kwigillingok~7|98367|68600||NW/SE,610,91,12,0
Z87|||Blinn Lake~7|52516|72470|15|E/W,762,305,12,0,,,,,15,,,,15;N/S,610,305,12,0,,,,,15,,,,15
