#US|M
PAEN|1|ENA|Kenai~5|5709|87548|30|02L,2394,46,1,1,31,,-780,-1280,27,,1000,820,30;2W/20W,1402,73,12,0;02R,604,23,5,0,31,,410,719,,,870,1220
PAFM|1|ABL|Ambler~1|71055|21447|102|01,1219,23,5,1,23,,-440,-369,76,,320,430,82;10,732,18,5,1,112,,380,-1270,102,,130,330,94
PAGA|1|GAL|Edward G. Pitka Sr~1|47362|30630|47|08,1829,30,1,1,90,,-30,-2301,45,185,-10,2300,46;06,792,15,5,0,90,,40,-1100,45,,40,701,45
PAHC|1|HCR|Holy Cross~1|21883|2250|21|02,1219,30,5,1,31,,-470,-601,21,,470,600,21
PAHL|1|HSL|Huslia~1|56979|36490|67|03,1219,23,5,1,51.1,,-350,-1100,63,,340,1000,62
PAIM|1|UTO|Indian Mountain LRRS~1|59928|62960|388|07,1250,46,5,1,83,,-90,-1299,372,,50,1400,316
PAKP|1|AKP|Anaktuvuk Pass~1|81336|82570|641|02,1463,30,5,0,38,,-510,-1100,624,,510,1101,641
PAMC|1|MCG|McGrath~1|29529|43940|104|16,1809,30,1,0,179,,630,100,102,,-990,100,102;05,610,18,5,0,68,,410,-1300,104,,600,-200,104
PANI|1|ANI|Aniak~1|15816|4570|27|11,1890,30,1,0,121,,420,-1500,30,,-430,1500,30;05W/23W,914,122,12,2
PARY|1|RBY|Ruby~1|47272|45300|201|03,1219,30,5,1,51,,-340,-1000,196,,350,999,199
PASV|1|SVW|Sparrevohn LRRS~1|10974|44260|483|17,1280,46,5,1,182,,560,0,479,,-560,-100,422
PASX|1|SXQ|Soldotna~1|4749|89615|34|07,1524,40,1,1,90,,10,-1350,29,,10,1450,34
PATK|1|TKA|Talkeetna~1|23205|99060|109|1,1067,23,1,1,207,,-341,-341,108,,511,594,105
PATL|1|TLJ|Tatalina LRRS~1|28944|40230|294|17,1164,46,5,1,179,,530,0,,,-520,100
#US|S
02AK|||Rustic Wilderness~1|18769|99024|58|15,671,14,5,0
0AA7|||Kalifornsky Meadows~1|4915|87647|20|18,774,30,4,0
0AK9|||Falcon Lake Strip|13326|99410|34|17,610,9,5,0
1AK1|||Crevice Creek~1|73729|79840|256|13,686,18,6,0
1AK4|||Kenai River~j|5242|92480|61|07,640,18,5,0
1AK6|||Talachulitna River~1|18563|86025|86|08,549,15,5,0,,,,,,30,,,,30
1KC||KKK|Kalakaket Creek AS~1|44166|31796|487|09,1219,43,5,0
21AK|||Montana Creek~1|20826|99331|76|16,701,15,5,0
25AK|||Honeybee Lake Aero Park~1|17127|99340|61|04,610,9,5,0;15,366,9,5,0
2AK||LVD|Lime Village~1|13591|45600|168|10,457,17,5,0
2AK6||HGZ|Hog River~1|61761|43152|163|11,1676,38,4,0
2K5||TLF|Telida~1|33939|67310|198|02,579,12,4,0
2Z2|||Eureka Creek~1|51759|97790|213|16,457,11,6,0
30AK|||Doyle Estates~1|5058|87400|15|16,732,46,4,0,,302,,,,,,,,104
36AK|||Flyway Farm~6|13464|99302|46|17W/35W,640,30,12,0;18,610,23,4,0;09,396,23,4,0
3AK3|||Songlo Vista~1|25638|97790|251|15,640,9,5,0
3AK4|||Johnson~1|6325|86623|31|07,567,9,5,0
3AK5||DRF|Drift River~1|5889|78380|9|05,1250,46,5,1,,286.2;H1,12,6,5,0,,,,,11
40AK|||Sterling Air Park|5572|91630|27|06,457,23,5,0
44AK|||West Papoose Lake~j|15334|98980|70|11,488,15,5,0
4AK8|||Napaimute Pioneer~9|15363|12610|61|08,762,23,5,0
50AK|||Robin's Landing|13805|98838|29|16,762,12,5,0,,360
51AK|||Birch Creek Landing|22388|99362|122|16,762,23,4,0
5AK0|||Trading Bay Production~1|8163|82001|61|17,1372,30,5,0
5KS|||Kasilof~1|3503|87371|38|01,732,18,5,0
5Z5|||Kantishna~1|35417|90060|480|10,575,14,5,0
6AK|||Rainy Pass Lodge~1|20841|72820|579|11,640,8,6,0
6AK3|||Butler Aviation~1|7278|87222|56|15,579,15,5,0
6AK5|||Fire Island~1|11687|98395|17|18,610,18,5,1,,207.8;12,274,15,5,0
70AK|||Bangerter~a|5183|90471|76|03,853,15,5,0
75AK|||Henley~1|5931|86720|30|16,805,27,4,0
7AK3|||Gaede~1|4769|88286|35|16,827,49,4,0;01,454,46,5,0
7AK5|||Dahler Homestead~1|5036|90640|91|03,427,37,4,0
7AK6|||Dan France~1|4757|90701|79|18,515,12,6,0
81AK|||McKinley Country~1|25776|97633|183|01,503,26,4,0
8AK2|||Carty's~6|6998|87053|46|17,792,18,5,0
8AK6|||Little Susitna~1|13719|97380|21|16,792,15,6,0
9A3|PACH|CHU|Chuathbaluk~1|15791|7840|74|9,1037,18,5,1,106,,130,-901,74,,-130,1001,62
9AK3|||Nikolai Creek~1|10139|85510|9|06,1250,23,5,0
A77|||Yankee Creek 2~1|30019|36330|341|13,475,5,5,0
AA16|||Treasure Chest~1|6277|87053|38|16,823,30,5,0,,,317,4,,,-363,11;2,418,30,5,0,,,-683,-480,,,-371,10
AK01|||Alaska~j|5290|93749|98|06,533,15,5,0,,228
AK08|||Thomas Strip|17899|98940|58|15,503,9,5,0
AK10|||AK-10~6|17172|98910|64|15,572,21,5,0
AK14|||Turinsky~6|13513|99110|30|09,610,37,5,0
AK19|||Carl's Landing~1|21739|99360|91|16,602,23,4,0
AK36|||Point Mac~1|14360|98780|91|01,914,30,5,0
AK39|||South Gasline~1|6996|98238|116|02,762,15,5,0
AK40|||Nixon Fork Mine~1|32292|52400|460|16,1280,30,5,0
AK44|||Talkeetna Village Strip|23194|98865|105|16,488,9,5,0
AK51|||Wilder/Natwick LLC~1|1986|56772|88|06R,1173,30,5,0
AK55|||Moose Run~6|4894|91985|88|08,610,12,6,0
AK64|||Taylor Mountain~1|8678|26080|305|14,594,4,5,0
AK67|||Skid Marks~1|17386|99270|20|18,427,30,6,0
AK69|||Long Lake~1|17293|99020|61|15,549,12,5,0
AK72|||Jewell~1|17047|93990|34|14,594,46,4,0
AK73|||McGahan Industrial~j|7231|86935|46|18,457,18,5,0
AK80|||American Creek~1|51046|88240|158|02,549,30,4,0
AK84|||Scooter's~f|5294|91690|79|08,732,24,5,0
AK90|||Shirley Lake~1|17447|98850|56|16,549,9,4,0
AN03|||Alaska View~1|19919|86390|51|5,619,23,4,0
CJX|PACJ|CKD|Crooked Creek~1|18703|18624|54|13,609,18,5,0,148,327,-10,-40,,,-480,560
DCK||DCK|Dahl Creek~1|69433|30950|79|08,1457,23,5,0
FLT|PAFT|FLT|Flat~1|24526|20110|94|08,1233,27,4,0,,231.2,,,,,,,,440
KCR||KCR|Colorado Creek~1|35712|39933|262|14,991,30,5,0
NIN||NIN|Ninilchik~1|202|84110|84|10,732,18,5,0
PABG|1|BVU|Beluga~1|11722|89560|40|01,1525,18,5,1,,,,,27,,,,27;09,764,18,5,0
PABT|1|BTT|Bettles~1|69139|84710|197|01,1582,46,5,1,32.3,,-600,-1000,192,,600,1000,196
PACX|1|CXF|Coldfoot~1|72522|97960|318|02,1223,23,5,1,32,,-460,-700,314,,460,800,318
PAFL|1||Tin Creek~1|25322|63872|351|13,610,4,5,0
PAFS|1|NIB|Nikolai~1|30179|56396|134|04,1220,23,5,0,63,,-180,-860,134,,310,1239,134
PAGH|1|SHG|Shungnak~1|68881|28380|60|09,1219,18,5,1,117,,240,-1300,51,,-250,1201,60
PAHU|1|HUS|Hughes~1|60411|57370|91|17,1030,30,5,0,193,,250,101,91,,-650,-400,91
PAHX|1|SHX|Shageluk~1|26921|4310|24|18W/36W,1524,305,12,0;16,1036,23,5,0,179,,490,0,24,,-440,0,24
PAKV|1|KAL|Kaltag~1|43186|12580|55|03,1215,30,5,0,47,,-340,-800,54,,410,1001,54
PALJ|1|PTA|Port Alsworth~1|2017|56741|85|05,914,30,5,0
PAMH|1|LMA|Minchumina~1|38860|76980|207|03,1275,30,5,0,45,,-410,-900,204,,410,900,206
PAML|1|MLY|Manley Hot Springs~1|49919|93559|82|18,1036,18,5,1,,,,,84,,,,84
PANU|1|NUL|Nulato~1|47293|19260|122|03,1223,30,5,1,42,,-400,-899,109,,410,801,122
PAOB|1|OBU|Kobuk~1|69123|31030|42|09,1225,23,5,0,106,,160,-1400,41,,-150,1300,40
PAPR|1|PPC|Prospect Creek~1|68141|93560|334|01,1514,46,5,0,32,,-580,-900,333,,570,1000,332
PASK|1|WLK|Selawik~1|66001|140|5|04,915,18,5,0,53,,-280,-600,5,,210,1000,3;09,810,18,5,1,106.3,,150,-1099,3,,-60,700,1
PASL|1|SLQ|Sleetmute~1|17005|28340|58|14,945,18,5,0,167,,410,-200,58,,-410,200,58
PASW|1|SKW|Skwentna~1|19653|88090|45|10,1036,23,5,1
PATA|1|TAL|Ralph M Calhoun~i|51744|78910|72|07,1341,30,5,0,89,,-10,-1299,68,,10,1501,72
PAUM|1|UMT|Umiat~1|93711|78640|81|06,1702,30,5,0,83,,-90,-2001,80,,100,2200,81
PAUO|1|WOW|Willow~1|17542|99480|67|13,1341,23,5,0,154,,560,-501,67,,-510,599,67
PFAL|1|AET|Allakaket~1|65518|73780|134|05,1219,30,5,0,73,,-150,-1299,134,,160,1301,134
PFKU|1|KYU|Koyukuk~1|48761|22730|45|07,1219,23,5,1,78,,-130,-1600,45,,80,900,45
RDV||RDV|Red Devil~1|17881|26500|53|10,1469,23,5,0,121,,330,-1200,53,,-340,1200,53
RMP|PFMP|RMP|Rampart~1|55079|98590|92|11,1073,23,5,0,139,,360,-700,83,,-360,800,92
SRV||SRV|Stony River 2~1|17897|34110|70|18,793,12,5,0,200,,340,300,67,,-330,-200,67
TCT|PPCT|TCT|Takotna~1|29932|39710|251|04,1006,18,5,1,,,,,128,,,,129
TYE||TYE|Tyonek~1|10766|88686|34|18,914,27,5,0
US-12647||FWL|Farewell~1|25093|61077|468|08,1402,9,5,0,,,,,468,,,,468
US-2862|||Moose Meadows~1|5530|93580|77|08,579,18,4,0,90,,-3,-412,75,,-1,644,77
US-2920|||Longmere Lake~6|4845|90773|87|18,610,18,4,0
US-4992|||Johnson Strip Yentna~1|19454|89630|57|11,518,15,5,0,,,132,-403,56,,-132,409,57
WSM||WSM|Wiseman~1|74046|98770|360|02,610,9,5,0,,,,,,152
Z17|||Ophir~1|31460|34700|175|11,591,18,4,0
Z48||BCC|Bear Creek 3~1|35733|38505|226|15,549,8,5,0
Z90|||Stampede~1|37487|96700|564|15,597,12,4,0
ZNC||ZNC|Nyac~1|9807|60|140|05,1375,24,5,0
#US|W
03AK|||Joe Clouds~7|7272|88672|46|N/S,1829,152,12,0;NE/SW,792,152,12,0;07,305,21,6,0
16Z|||Mc Grath~7|29580|44070|99|N/S,1219,107,12,0
2R3|||Island Lake~7|7044|86890|43|06,1524,152,12,0
2X2|||Willow~7|17440|99410|61|13W/31W,1097,122,12,0
96AK|||Hackney Landing~7|2878|86540|63|18,610,427,12,0
AK34|||Kashwitna Lake~7|18353|99200|57|NW/SE,1219,152,12,0
AK5|||Encelewski Lake~7|2556|86970|70|09W/27W,1067,152,12,0
AK57|||Long Lake~7|17257|99090|55|15W/33W,1524,183,12,0
AK8|||Christiansen Lake~7|23134|99307|122|14W/32W,1219,488,12,0;04W/22W,1158,610,12,0,,232
L85|||Mackeys Lakes~7|5336|90040|53|N/S,914,305,12,0
MFN|||Minuteman Lake~7|17213|99530|90|07W/25W,457,15,12,0
PAFK|||Farewell Lake~7|25425|63770|321|NW/SE,1524,152,12,0
US-7481|||Muskrat Cove~7|5307|91512|73|6W/24W,570,61,12,0
