#CA|M
CYBK|1|YBK|Baker Lake~1|42989|39222|18|16T/34T,1280,30,5,1,162,,550,-410,18,,-560,420,3
CYRT|1|YRT|Rankin Inlet~1|28114|78842|29|13T/31T,1829,46,1,1,129,,520,-1400,26,,-520,1390,29
#CA|S
CHC5|||Hayes Camp~e|66610|84465|238|14,1632,61,11,1
CMB2|||Meadowbank~1|50247|39313|145|12,1380,37,5,1,121
CYCS|1|YCS|Chesterfield Inlet~1|33469|92689|10|12T/30T,1097,,0,0,,,,,12,,,,12
CYEK|1|YEK|Arviat~1|10942|59292|10|15T/33T,1219,30,5,1,149,,470,-590,10,,-470,580,9
CYHK|1|YHK|Gjoa Haven~1|86356|41503|46|13T/31T,1341,30,5,1,127,,360,-1310,47,,-370,1300,39
CYXN|1|YXN|Whale Cove~1|22400|74019|12|15T/33T,1219,,0,0,,,,,20,,,,20
CYYH|1|YYH|Taloyoak~1|95467|64233|28|15T/33T,1225,30,5,1,152,,430,-680,28,,-540,800,17
