#FI|M
EFMA|1|MHQ|Mariehamn~1|1222|98982|5|03,1903,60,1,1,23,,-780,-680,1,,780,670,5
#NO|H
ENVR||VRY|Værøy~2|76546|27273|4|03,59,34,1,1
#NO|L
ENBO|1|BOO|Bodø~1|72692|43653|13|07,2794,45,2,1,78,,-390,-4700,5,600,250,2990,12
ENEV|1|EVE|Harstad/Narvik~1|84913|66781|26|17,2815,45,1,1,177.6,,1260,-140,25,92,-1260,150,24,65
ENGM|1|OSL|Oslo-Gardermoen~3|1939|11004|208|01L,3600,45,1,1,16,,-890,-2670,200,,2220,-870,206;01R,2950,45,1,1,16,,-1810,740,204,,730,2210,208
ENTC|1|TOS|Tromsø~1|96833|89189|9|18,2451,45,1,1,193,,1048,700,4,392,-1093,-728,8
ENVA|1|TRD|Trondheim Airport, Værnes|34578|9240|17|09,2759,45,1,1,90.2,,-10,-3460,5,253,-20,2250,17,140;13,540,36,1,3,134,,780,-300,9,126,-120,1800,16,293;14,340,36,1,2,134,,710,-110,9,,120,1260,16
#NO|M
ENAN|1|ANX|Andøya Airport, Andenes|92952|61394|13|14,2468,45,1,1,150,,1180,-1960,7,,-730,1190,4;03,1672,45,1,1,32,,-1220,-1160,13,,60,1050,4
ENBN|1|BNN|Brønnøysund Airport, Brønnøy|54611|22175|8|03,1200,30,1,1,35,,-620,-1210,4,,220,410,8
ENDU|1|BDU|Bardufoss~1|90558|85404|77|10,2443,45,1,1,109,,370,-3040,77,573,-340,2740,67
ENLK|1|LKN|Leknes~1|81525|36094|24|03,878,30,1,1,24,,-300,-440,22,,330,460,22
ENMS|1|MJF|Mosjøen Airport, Kjærstad|57840|32149|72|16,919,30,1,1,160.5,,370,-320,68,60,-370,320,72,60
ENRA|1|MQN|Mo i Rana Airport, Røssvoll|63639|43014|70|13,841,30,1,1,136,,260,-560,69,,-290,610,67
ENRM|1|RVK|Rørvik Airport, Ryum|48383|11461|4|04,880,30,1,0,40,,-400,-860,3,,140,260,4
ENRO|1|RRS|Røros~1|25784|13423|626|13,1720,40,1,1,136,,630,-920,625,60,-480,1400,625,140
ENSH|1|SVJ|Svolvær Airport, Helle|82433|46692|8|36,946,30,1,0,9,,-430,-270,8,,290,150,3
ENSK|1|SKN|Stokmarknes Airport, Skagen|85788|50334|3|08,924,30,1,0,86,,200,-2220,2,,190,-190,3
ENST|1|SSJ|Sandnessjøen Airport, Stokka|59568|24689|17|02,1408,30,1,1,25,,-437,-494,10,80,709,806,17,105
#NO|S
ENAE|1||Æra~9|12579|16698|494|01,600,10,1,0
ENEG|||Hønefoss Airfield, Eggemoen|2147|3187|200|04,1765,45,1,0
ENEN|||Engeløy~9|79672|49925|3|05,600,22,4,0
ENGN|||Folldal Grimsmoe~9|21175|1108|689|07,1000,20,5,0
ENGS|||Snåsa Airfield Grønøra|41836|21715|27|4,590,20,4,0
ENHA|1|HMR|Hamar Lufthavn, Stavsberg|8181|10680|222|15,800,10,1,1,,,,,217,,,,220
ENHN|||Elverum Starmoen~9|8764|16755|216|15,886,10,1,0,,,466,-639,,,-398,562
ENHT|||Hattfjelldal~9|55947|39892|210|09,715,20,2,0,,,8,-1045,,,-6,865
ENNM|1|OSY|Namsos~1|44722|15786|2|07,838,30,1,0,72,,-100,-980,2,,100,810,2
ENRG|||Rognan~9|70983|54111|6|2,735,50,4,0
ENRI|||Ringebu Airfield Frya|15454|616|174|10,800,18,1,0,,,58,-461,,,-63,896
ENRS|1|RET|Røst~1|75265|21016|2|02,1032,30,1,0,26,,-404,-574,2,,408,582,2
ENRV|||Reinsvoll~9|6722|5675|421|16,610,20,5,0
ENTS|||Trysil Sæteråsen~9|12293|22664|579|15,740,30,5,0
ENTY|||Tynset~9|22569|6694|482|05,940,30,4,0
NO-0001|||Haga~9|207|13821|149|17,590,18,4,0
NO-0002|||Maarud|1813|15645|131|01,659,22,4,0,,,-472,-41,,,149,84
NO-0007|||Vermundsjøen Ice Runway|6962|23814|213|12,1300,35,11,0,,,,,213,,,,213
NO-0008|||Salangen Airfield Elvenes|88711|79836|8|9,800,30,4,0
NO-0009|||Grong/Bjørgan~9|43953|23411|168|16,680,40,5,0
NO-0010|||Graundalen|40169|26822|476|18,600,10,5,0
NO-0011|||Henning (Nedre Langli)|39314|15900|96|6,475,20,4,0
NO-0014|ENMO||Meråker Airfield Øian|33708|18125|308|16,595,14,4,0
NO-0015|||Ler~9|31974|2908|46|17,700,25,4,0
NO-0021|||Atna|17258|8422|357|14,500,20,5,0
NO-0022|||Sølenstua~9|18367|17267|579|2,800,12,5,0
NO-0023|||Rena Airfield Landsørkje|11862|13744|252|12,1200,30,1,0
NO-0024|||Mesnali~9|10839|6842|558|12,500,22,4,0
NO-0025|||Husodden~9|7483|2400|134|14,600,20,4,0
NO-0029|||Gjølstad~9|2667|20208|151|16,770,15,4,0
NO-0032|||Bøverbru~9|6372|6772|411|18,600,30,4,0
NO-0097|||Haslemoen Flyplass|6534|19103|175|16,585,,4,0
#SE|H
ESED|1||Sundsvalls County~c|24079|73023|95
ESET|1||Torsby~c|1367|29974|102
ESEY|1||Lycksele~c|45854|86810|226|H1/H1,11,11,1,1
#SE|L
ESKS|1|SCR|Scandinavian Mountains~1|11651|28335|490|15,2500,45,1,0,,,902,-1225,501,,-971,1332,501
#SE|M
ESKM|1|MXX|Mora~1|9579|45114|193|16,1814,45,1,1,161.2,,770,-540,192,,-770,540,188
ESNK|1|KRF|Kramfors-Sollefteå Höga Kusten~1|30486|77689|10|17,2001,45,1,1,171.5,,890,-300,10,,-890,290,7
ESNL|1|LYC|Lycksele~1|45483|87162|215|14,2001,30,1,1,142.9,,840,-1470,215,150,-590,1040,210
ESNN|1|SDL|Sundsvall-Härnösand~1|25281|74439|5|16,2090,45,1,1,160,,850,-660,5,150,-920,720,4,140
ESNO|1|OER|Örnsköldsvik~1|34083|89900|108|12,2014,45,1,1,122,,570,-1890,108,,-380,1540,101
ESNV|1|VHM|Vilhelmina South Lapland~1|45791|68336|347|10,1502,30,1,1,103.2,,150,-1530,347,,-160,1520,347,242
ESNX|1|AJR|Arvidsjaur~1|55903|92819|379|12,2500,45,1,1,128.2,,830,-2570,378,,-560,1690,378
ESNY|1|SOO|Söderhamn~1|12615|70991|27|12,2524,40,1,1,129.6,,720,-1820,27,,-720,1810,18,69;03,800,17,1,2,31,,-390,-630,27,,230,150,25
ESNZ|1|OSD|Åre Östersund~1|31935|45042|376|12,2500,45,1,1,115,,530,-2480,364,,-410,2040,376;12L,1230,16,1,3,122,,720,-470,,,130,1600
ESSD|1|BLE|Dala~1|4220|55152|153|14,2310,45,1,1,133,,710,-1530,153,,-690,1560,150
ESST|1|TYF|Torsby~1|1576|29913|120|16,1591,29,1,1,157.7,,640,-530,106,112,-680,560,120
ESUD|1|SQO|Storuman~1|49609|76966|279|15,2283,40,1,1,151,,900,-1150,272,,-900,1170,276
SE-0120||GVX|Gävle–Sandviken~1|5944|69511
#SE|S
ESKA|||Lunda~9|1328|81049|23|05,1820,25,1,0,51,,-537,-1318,,52,-49,-106,,128
ESKD|||Dala Järna~9|5561|43771|235|03,800,22,1,0
ESKT|||Tierp~9|3504|74187|39|16,850,35,1,0,,,,,,,,,,100;16GRASS/34GRASS,600,30,4,0
ESNA|1||Hallviken~9|37383|54583|341|14,1000,40,1,0,140,,350,-650,,200,-340,650
ESNB|1||Sollefteå/Långsele~9|31712|69852|129|14,799,25,1,0
ESNC|||Hedlanda~9|24106|37457|445|06,1000,35,1,0,59,,-400,-680,,200,60,990
ESND|1|EVG|Sveg~1|20478|44229|359|09,1700,30,1,1,87,,-50,-1810,357,,30,1440,358
ESNM|1||Optand~9|31286|48028|377|18,1000,18,1,1,180,,450,0,,,-450,0;18R,879,30,4,0,176.4,,160,370,,,-630,480;15,750,40,4,0,143,,-90,240,,,-630,1120
ESNR|1||Orsa~9|11900|47126|208|03,1000,30,1,0,27,,-400,-430,,,400,420;15,900,40,4,0,153,,460,400,,,-260,1160
ESOH|1|HFS|Hagfors~1|201|35789|144|18,1509,30,1,1,176.7,,670,-80,144,,-680,80,143
ESOL|||Lemstanas~9|5866|65866|64|06,618,18,1,0,,,,,,137
ESSG|1||Ludvika~9|883|50964|272|01,819,30,1,1,,,,,272,,,,272
ESUB|1||Arbrå~9|15134|63725|116|18,700,30,4,0,173,,310,-83,116,,-317,86,114
ESUE|1|IDB|Idre~1|18697|26894|451|15,1554,30,1,1,,,,,,590
ESUG|1||Gargnäs~9|53040|79752|297|17,940,30,4,0,179,,374,-27,297,50,-344,26,297,90
ESUH|1||Myran~9|26327|79826|83|10,800,23,5,0
ESUI|1||Mellansel~9|33918|83195|94|09,849,30,4,0
ESUJ|1||Tälje~9|25653|58347|136|14,830,30,4,0
ESUL|1||Ljusdal~9|18174|60037|152|09,650,30,4,0
ESUM|1||Mohed~9|12912|68463|61|12,789,30,1,0
ESUO|1||Graftavallen~9|30374|40013|500
ESUR|1||Ramsele~9|34903|64834|179|14,740,30,4,0,147,,308,-443,182,,-251,379,176
ESUS|1||Åsele~9|41559|72850||12,1200,,0,0,,,,,308,,,,308
ESUT|1|HMV|Hemavan~1|58061|50828|458|15,1601,30,1,1,152.5,,590,-760,458,60,-680,850,458,147
ESUY|1||Edsby~9|13867|58332|156|11,700,40,4,0,107,,61,-426,156,160,-91,589,157
ESVA|1||Avesta~9|1815|61199|96
ESVG|1||Gagnef~9|5517|50816|175
ESVM|1||Skinnlanda~9|6588|37266
ESVS|1||Siljansnäs Air Park|7851|48272|186|14,838,20,1,0
SE-0004|||Norberg|1072|59504||01,762,15,0,1,,,,,198,,,,191
SE-0005|||Åre / Molanda|33283|34257|319|09,838,18,1,0;03,475,20,1,0;08,405,15,5,0
SE-0024|||Älvdalens flygklubb|12140|40432|219|15,600,10,5,0
SE-0046|||Gimo gräsfält|1770|81941|14|01,600,15,4,0
SE-0047|||Åviken Fly Camp|32128|87492|13|01,570,10,4,0
SE-0088|ESNH|HUV|Hudiksvall~1|17681|70807|28
