#RU|M
RU-7911|||Yugorsk Sovetsky~d|12683|31383|114
RU-9129|||Vorkuta Sovetskiy~d|74633|43067|192|01,3500,75,2,1
ULDD|1|AMV|Amderma~1|97637|15567|4
USDD|1|SLY|Salekhard~1|65908|66110|66|04,2718,46,2,1,61.4,,-590,-2690,65,,580,2690,52
USHB||EZV|Berezovo~1|39210|50305|30
USHH|1|HMA|Khanty Mansiysk~1|10285|90861|23|06,2798,43,1,1,75.4,,-320,-2510,40,,320,2500,42
USHN|1|NYA|Nyagan~1|21100|56150|110|16,2532,44,2,1,,,1183,-14,,,-1086,-219
USHQ|1|EYK|Beloyarskiy~1|36869|66986|25|16,2142,44,2,0,161,,1067,202,,,-853,26,23
USHS|1|OVS|Sovetskiy~1|13266|36019|107|12,2500,44,2,1,,,670,-1188,104,,-1104,1676,104
USHU|1|URJ|Uray~1|1033|48267|58|18,2200,42,2,1
UUYI||INA|Inta~1|60556|1109|56
UUYW|1|VKT|Vorkuta~1|74886|39931|184|08,2200,48,2,1
#RU|S
USHI|1|IRM|Igrim~1|32004|44401|24
