#RU|M
ULAA|1|ARH|Talagi~1|46003|7167|19|08,2500,44,2,1,96.5,,130,-2600,10,,-130,2590,15
ULAH||VKV|Vaskovo~1|44417|4217|25|12,2400,30,2,1
ULKK|1|KSZ|Kotlas~1|12358|66975|56|13,1450,,1,0
ULWU|1|VUS|Velikiy Ustyug~1|7883|62600|101|06,1545,,1,0
#RU|S
RU-0033|||Plestsy~d|27195|4982|130|04,3500,50,2,1
RU-0034|||Verkhnyaya Toyma~1|22396|50198|30|15,1600,32,2,1
RU-0084|||Vozhgora~1|45396|84849|90|04,850,60,6,0
RU-0205|||Sosnovka~6|65040|5780|25|02,610,60,6,0
RU-10051|||Mezen~9|58783|42150|14|13,1450,30,2,1
RU-10063|||Velsk~9|10398|21033|110|02,1650,30,2,1
RU-10073|||Nizhnyaya Pesha~1|67391|77288|10|12,550,60,6,0
ULAL|1|LDG|Leshukonskoye~1|48960|57230|67|11,1596,36,2,1;03,650,60,6,0
ULKS|||Savvatiya~d|9950|68700|97|13,2500,48,2,1
