#CA|M
CYFR|1|YFR|Fort Resolution~1|11808|63100|160|13,1220,30,5,1,143,,420,-700,160,,-410,800,160,200
CYHY|1|YHY|Hay River / Merlyn Carter~1|8397|42170|165|14,1829,46,1,1,154.3,,750,-1300,162,,-780,0,165;05,1220,46,0,1,66,,-30,-600,163,,420,1400,162
CYOA|1|YOA|Ekati~1|46989|93850|468|02T/20T,1954,45,5,1,,,-797,-763,469,,816,842,464
CYSM|1|YSM|Fort Smith~1|203|80380|205|12,1829,30,1,1,131,,720,-1100,203,,-360,1400,205;03,549,30,0,1,41,,140,100,205,,510,700,203
CYZF|1|YZF|Yellowknife~3|24628|55600|206|16,2286,46,1,1,176,,1040,-400,205,,-1000,-100,201;10,1524,46,1,1,116,294,850,-1300,205,,250,1300,206
#CA|S
CDK2||DVK|Diavik~1|45114|97110|431
CEM3||YLE|Whatì~1|31317|27540|269
CFA7||GSL|Taltheilei Narrows~1|25981|84570|174
CFF4||DAS|Great Bear Lake~1|67031|2832|171
CSK6||YNX|Snap Lake~1|35936|90940|475
CYCO|1|YCO|Kugluktuk~1|78164|48569|23|12T/30T,1676,30,5,1,121,,420,-1790,12,,-360,1610,21
CYLK|1|YSG|Lutselk'e~1|24178|93172|182|08T/26T,913,,0,0,,,,,182,,,,182
CYRA|1|YRA|Rae Lakes~1|41161|26900|220
CYWE|1|YFJ|Wekweètì~1|41908|59230|368
