#IS|L
BIAR|1|AEY|Akureyri~3|56566|19280|2|01,2700,45,1,1,356,,-170,210,2,150,1060,-200,2,150
#IS|M
BIEG|1|EGS|Egilsstaðir~1|52833|55986|23|03,2150,45,1,1,25,,-870,-980,23,153,750,860,23,153
BIGR|1|GRY|Grímsey~1|65458|19827|20|17,1036,24,1,1,160,,459,-401,25,,-408,398,23
BIHN|1|HFN|Hornafjörður~1|42956|47728|7|18,1500,45,1,1,168,,660,-360,7,,-650,330,2
BIHU|1|HZK|Húsavík~1|59523|25740|15|02,1605,30,1,1,12,,-700,-350,15,,700,360,14
BIRL|1|MVA|Mývatn~1|56558|30819|314|02,1055,30,1,0
BISI|1|SIJ|Siglufjörður~1|61378|10918|3|06,1084,24,1,0,43,,-800,-1660,3,266,-90,-30,3
BIVO|1|VPN|Vopnafjörður~1|57206|51494|5|04,885,30,1,0,,,-324,-535,3,,328,566,2
#IS|S
BIBF|1|BGJ|Borgarfjörður eystri~1|55168|61842|24
BIBV|1|BXV|Breiðdalsvík~1|47900|59561|2
BIDV|1|DJU|Djúpivogur~1|46424|57227|3
BIFM|1|FAG|Fagurhólsmýri~1|38747|33589|17
BIGS|1||Grímsstaðir~1|56334|38458|390
BIHE|1||Herðubreiðarlindir~1|51909|37951|457
BIHI|1||Hveravellir~1|48861|5075|610
BIKE|1||Kerlingafjöll~1|47050|5894|640
BIKL|1||Kirkjubæjarklaustur~1|37929|19965|20
BIKP|1|OPA|Kópasker~1|63108|35333|6
BIKR|1|SAK|Sauðárkrókur~1|57317|4272|2|01,1887,27,1,1,351,,-843,319,2,,828,-328,2
BIMK|1||Múlakot~1|37141|1188|79
BIMM|1||Melgerðismelar~1|54827|18299|27
BIND|1||Nýjidalur~1|47196|19330|800
BINF|1|NOR|Norðfjörður~1|51319|62536|4|08,1112,,0,0,,,,,2,,,,2
BIRG|1|RFN|Raufarhöfn~1|64064|40817|12|07,1077,,0,0,,,,,19,,,,19
BISK|1||Skógasandur~1|35177|5075|40
BISV|1||Skálavatn~1|41153|12148|610
BITM|1||Þórsmörk~1|36900|4369|183
BITN|1|THO|Þórshöfn~1|62185|46653|20|01,1200,30,1,1,3,,-540,-160,16,,530,-30,20
BIVI|1||Vík~1|34217|11117|30
IS-0003|BISL||Skaftafell~1|39995|30588|76|17,1020,25,5,0,,,407,-490,,,-400,507;15,611,20,5,0,,,414,-479,,,21,397
IS-0016|BISA||Sauðárflugvöllur|48422|39636|671|06,1180,30,5,0;10,880,30,5,0;03,740,20,5,0;13,660,20,5,0;18,640,20,5,0,,,,,640
