#FI|M
EFIT|1|KTQ|Kitee~1|21661|736|111|01,1500,30,1,1,19,,-630,-470,,,640,480
#RU|H
RU-0716|||Kizhi helipad|20765|52261
#RU|L
ULMM|1|MMK|Emperor Nicholas II Murmansk~1|87817|27508|81|13,2500,42,2,1,146,,930,-1720,73,,-930,1720,81
#RU|M
RU-0001|||Levashovo~d|867|1933|18|08,2600,50,2,1
RU-10057|||Severomorsk-1 Naval~d|90317|34183|73|14,3500,60,2,1
RU-10058|||Severomorsk-3 Naval~d|88667|37167|172|17,2500,60,2,1
RU-4464|||Olenya~d|81518|34639|214|01,3500,80,2,1
ULPB|1|PES|Petrozavodsk~1|18852|41547|46|02,2500,48,2,1,23,,-1040,-930,46,,1030,940,42
ULPP|1||Peski~9|18319|42956|47|05,700,30,1,1
#RU|S
RU-0189|||Kostomuksha~9|46180|6870|208|08,600,22,2,1
RU-0204|||Kanevka~6|71210|97170|150|14,600,60,6,0
RU-10046||KVK|Kirovsk-Apatity~1|74629|35853|157|11,2500,42,2,1,112,,,,,,-707,2320
RU-10064|||Vytegra~9|10324|64350|66|10,1350,30,2,1
RU-10068|||Pertominsk~6|47906|84229|17|14,650,60,6,0,161
RU-10071|||Krasnoshchelye~6|73480|70770|150|13,650,100,6,0
RU-1110|||Monchegorsk~d|79867|30183|167|01,2400,40,2,1
RU-2249|||Gromovo~d|7133|1117|70|11,2500,60,2,1
ULAS||CSH|Solovki~1|50300|57306|18|10,1500,32,2,1
ULBZ|||Letnyaya Zolotitsa~6|49600|68300|5|01,600,60,6,0
ULPK|||Kalevala~9|52100|11350|115|02,650,30,3,0
ULPS|||Segezha~9|37590|42830|115|15,780,50,0,0
