#NO|H
ENAH|1||Ål~k|6300|85670|440
ENFB|1||Statfjord B|12064|18289
ENQE|1||Oseberg East Helideck|7000|29336|55
ENQO|1||Oseberg South Helideck|3897|27956|52
#NO|L
ENAL|1|AES|Ålesund~1|25604|61108|21|06,2314,45,1,1,65,,-448,-2096,10,149,442,1972,15,230
ENBR|1|BGO|Bergen Airport, Flesland|2934|52181|52|17,2990,45,1,1,170.5,,1320,-440,50,270,-1330,448,45,271
#NO|M
ENFL|1|FRO|Florø~1|15836|50247|11|07,1263,30,1,1,71,,-270,-1667,11,,80,466,7
ENKB|1|KSU|Kristiansund Airport, Kvernberget|31118|78245|62|07,2390,45,1,1,72,,-260,-1775,55,60,280,1781,60,80
ENML|1|MOL|Molde Airport, Årø|27447|72625|3|07,2110,45,1,1,71,,-200,-1320,3,,380,2344,3
ENOL|1|OLA|Ørland~1|36989|96040|9|15,3278,45,1,1,154,,1100,-1201,5,,-1090,1201,9
ENOV|1|HOV|Ørsta-Volda Airport, Hovden|21800|60741|74|06,1070,30,1,1,61,,-290,-1098,73,,130,485,73
#NO|S
ENBL|1|FDE|Førde Airport, Bringeland|13911|57569|319|07,940,30,1,1,74,,-80,-590,315,,170,1143,319
ENBM|||Bømoen~9|6381|64998|91|09,1000,30,1,0,86,,40,-742,,,110,1076
ENDI|||Geilo Airport Dagali|4167|85128|798|08,1800,45,1,0,77,,,,,950,,,795
ENDO|||Dokka Thomlevold~9|8333|99167|156|09,740,25,4,0
ENFA|||Flatval~9|37006|87606|46|4,800,18,1,0
ENFG|||Fagernes Airport, Leirin|10156|92881|822|15,2049,45,1,1,149,,360,-453,821,146,-1220,1473,822,63
ENKL|1|GLL|Gol~1|7911|90487|844|11G/29G,1000,30,4,0;11,600,11,1,0,,,75,-420,,,-116,615
ENOP|||Fagerhaug~9|26513|98516|558|07,936,18,1,1,70,,-250,-1267,557,,40,448,559
ENSD|1|SDN|Sandane Airport, Anda|18300|61058|60|08,970,30,1,1,85,,-20,-547,55,,50,1053,55
ENSG|1|SOG|Sogndal Airport, Haukåsen|11561|71378|498|06,960,30,1,1,59,,-260,-947,493,,160,520,498
ENSU|||Vinnu~9|26569|86795|76|10,620,30,4,1
ENUL|||Os Vaksinen Ulven~9|1922|54225|61|05,580,25,4,0
NO-0013|||Agdenes Airfield Breivika|36289|97275|79|7,500,11,4,0
NO-0016|||Fiske~9|30124|90467|40|7,550,15,4,0
NO-0017|||Gravvold~9|30547|87142|46|7,630,20,4,0
NO-0018|||Gossen~9|28350|68300|14|8,550,12,5,0
NO-0019|||Bjorli~9|22348|82458|584|12,835,12,1,0
NO-0020|||Wadahl|14994|97983|960|15,500,8,4,0
