#CA|M
CYXQ|1|YXQ|Beaver Creek~1|24103|91330|650|14,1141,30,5,0,162,,,,645,,,,650
#US|L
PANC|1|ANC|Ted Stevens Anchorage~3|11790|74|46|07R,3780,61,1,1,90,,-1119,-5027,40,,-1112,1995,31;15,3312,61,1,1,165,,2073,-2193,46,61,-796,-587,37,172;07L,3231,46,1,1,90,,-924,-1573,39,,-919,4430,28
#US|M
PAAQ|1|PAQ|Warren "Bud" Woods Palmer~5|15949|9110|74|16,1831,30,1,1,180,,910,199,73,152,-730,199,66;09,1102,23,1,1,113,,10,-1200,70,,-380,700,67;16S/34S,475,18,5,0,179.8,,320,100,,,-110,100
PABI|1|BIG|Allen Army~9|39945|42780|393|01,2743,46,1,0,30,,-810,-1300,393,,1320,1500,373;10,1864,46,1,0,125,,520,-1300,382,,-430,1801,385;07,1237,27,1,0,92,,-300,-1100,388,,-350,1801,385
PABV|1||Birchwood~1|14165|4930|25|02L,1223,30,1,1,39,,-470,-901,29,,370,500,25;02R,549,15,5,0,24,,-560,-499,,,-10,0
PACL|1||Clear~1|42997|8826|168|01,1218,30,1,1,34,,-300,-960,168,,610,439,163
PACV|1|CDV|Merle K (Mudhole) Smith~1|4918|45220|16|09,2286,46,1,1,114.2,,490,-1899,11,,-350,1900,11;16,589,9,5,0,180.7,,-30,100,14,,-550,100,11
PAED|1|EDF|Elmendorf Air Force Base|12517|1929|65|06,3048,61,1,1,80,,-310,-3689,53,,170,1911,61;17,2284,46,1,1,180,,1040,1410,65,,-1020,1410,56
PAEI|1|EIL|Eielson Air Force Base|46657|28980|167|14,4429,46,2,0,159,,1850,-1600,163,,-1860,1699,167
PAFA|1|FAI|Fairbanks~3|48151|21440|134|02L,3597,46,1,0,38,,-1250,-3000,131,,1290,1700,132;02W/20W,1646,30,12,0,38,,100,100,129,,1260,2301,129;02R,1375,23,1,0,38,,-1490,-2001,132,,-90,599,132;02,884,23,5,0,38,,100,900,132,,720,2099,132
PAFB|1|FBK|Ladd Army~9|48375|23860|138|07,2614,46,3,0,89,,-10,-2800,137,,30,2699,138
PAGK|1|GKN|Gulkana~1|21559|45453|483|15,1524,30,1,0,171,,580,-230,483,,-770,270,471
PAMR|1|MRI|Merrill~a|12128|1560|42|08,1219,30,1,1,90,,310,-900,38,,310,1301,42;17,805,23,1,1,180,,290,-900,38,,-430,-900,36;04,610,18,5,0,66.1,,-310,-100,40,,-90,899,41
PANN|1|ENN|Nenana~5|45488|9255|110|04L,1402,30,1,1,59,,-320,-1251,112,,330,1250,111;04W/22W,1098,30,12,0,56,,-620,-649,109,,-60,1250,109;04R,604,24,4,1,59,,-330,-950,111,,30,449,111
PAOR|1|ORT|Northway~1|29613|80710|523|05,1554,30,5,0,76,,-180,-1399,522,,150,1601,522
PARC|1|ARC|Arctic Village~1|81147|44210|638|02,1372,23,5,1,45,,-440,-1200,633,,430,1101,638
PAVD|1|VDZ|Valdez Pioneer~a|11327|37534|37|06,1981,46,1,1,81,,-10,-2040,12,,260,1660,36
PAWD|1|SWD|Seward~1|1305|5814|7|13,1295,30,1,1,143.7,,690,-840,7,,-240,561,7;16,698,23,1,0,173.7
PAWS|1|WWA|Wasilla~1|15717|4600|108|04,1128,23,1,0,56,,-290,-900,102,,280,899,108;04S/22S,515,18,4,0,56,,-30,-201,105,,230,600,107
PFYU|1|FYU|Fort Yukon~1|65717|47500|132|04,1524,30,5,0,60,,-410,-1801,131,,370,1700,132
#US|S
05AK|||Wasilla Creek~j|16683|8120|189|01,610,30,4,0
06AK|||June Lake~j|16276|4247|130|02,610,12,5,0
0AK1|||Anderson Lake~1|16170|6791|141|06W/24W,853,152,12,0;08,549,12,5,0,,,,,,61
0AK5|||Young Creek~1|13554|72682|482|02,472,37,4,0
0AK6|||Victory~1|18011|20548|549|11,549,21,6,0
10AN|||Hilton~a|40022|44067|383|12,549,24,4,0
11AK|||Rocking T~b|40019|44984|363|08,671,9,5,0;15,305,9,5,0
15AK|||Golden North~9|33720|11531|686|02,639,12,5,0
20K|||Quail Creek~1|53540|2380|472|16,503,9,6,0
28AK|||Gates~b|18089|21410|572|06,663,15,6,0
29AK|||Remington~a|40468|45673|381|12,549,23,4,0
2AK0|||MacKenzie Country~j|12559|250|37|16,427,18,6,0
2AK1|||Blair Lake~1|43634|26351|277|15,474,91,4,0
2AK2|||Clear Creek~1|44543|24300|201|13,1216,58,4,0
2AK5|||Johnstone Point~1|4817|34160|5|06,518,18,5,0,,251,,,5
31AK|||Dalrymple's~1|48345|25630|137|06,732,30,4,0
32AK|||Hardrock~a|49091|20920|202|16,518,15,4,0;02,430,30,4,0
38AK|||Mels~1|15625|3320|104|09W/27W,457,122,12,0;18,457,24,4,0
3AK8|||Boisselle's Strip|16625|6080|122|15,402,24,5,0
3AK9|||Skyland~j|20064|306|98|18,457,30,1,0
3T4||TEH|Tetlin~1|31246|74820|507|08,1006,23,5,1,,248,,,,,,,,268
41AK|||Settlers Bay~6|15009|3603|23|03,579,15,5,0
43AK|||Kalmbach~1|16008|4210|136|06,853,30,5,0
45AK|||Cherokee~1|39550|45515|396|11,792,12,4,0
47AK|||Highland~1|12925|4670|198|06,427,15,4,0
48AK|||Castle Mountain~6|17960|15058|308|12,402,14,4,0
49AK|||Secluded Lake~1|20256|209|91|06,853,18,5,0
4AK||LIV|Livengood Camp~1|54670|13466|130|15,914,15,5,0
4AK5|||Mankomen Lake~1|29899|55200|930|04,701,12,5,0
4AK6|||Wolf Lake~1|16393|7089|174|08,1158,12,1,1,90,,8,-377,162,,320,2410,162;E/W,853,30,12,0;18,792,30,5,0,202,193
51Z||MNT|Minto Al Wright~1|51480|6313|140|01,610,20,5,0
55AK|||Lawrence~6|14958|3010|61|04,518,8,4,0
56AK|||Bechtol~a|15750|3940|91|13,479,91,4,0
58AK|||Fairview East~1|15526|6600|30|06,1091,46,4,0
59AK|||Penderosa~1|16318|6590|158|06,457,23,5,0
5AK2|||Howards~1|47307|26520|149|06,549,15,6,0
5AK3|||Airway~1|47732|26660|146|15,777,14,5,0
5AK5|||Todds Strip|16571|5380|122|07,457,18,5,0
5AK6|||Colberg~1|15570|7320|38|16,488,6,1,0
5BK|||Black Rapids~1|35351|41390|648|14,686,12,5,0
5CD|||Chandalar Shelf~1|80734|4223|982|01,771,21,5,0
5HO|||Hope~1|9067|3769|61|16,610,27,5,0
65AK|||McDonald Ridge~1|15604|6327|87|06,823,23,4,0
67AK|||South Hollywood~1|15346|3300|114|E/W,805,73,5,0
6AK2|||Sleepers Strip~1|12516|339|38|06,488,18,5,0
6AK7|||Rainbow Heights Estates~6|15739|3585|82|11,610,20,4,0
6AK9|||Cizek North~1|16335|3180|91|04,402,30,5,0
71AK|||Bluff Park~h|15278|5035|34|03,610,30,4,0,,,,,,76
76AK|||Pogo Mine~6|44675|50790|411|07,914,23,5,0
77AK|||Tidewater Bluffs~1|15023|4059|24|01,518,40,4,0
79AK|||Huttunen Strip|14818|2560|37|11,457,30,4,0,,225
7AK4|||Jack Fish Landing~1|15416|5409|46|06,584,37,4,1
7AK9|||Vinduska~1|16468|9510|213|03,427,8,5,0
7KA|PAKA|TEK|Tatitlek~1|8714|33097|19|13W/31W,2438,1219,12,0;13,1128,23,5,1,,,540,-570,19,,-340,430,12
83AK|||Tolovana Hot Springs~1|52565|11700|244|16,457,24,6,0
89AK|||Lincoln Village~j|15594|2950|76|16,610,61,5,0
8AK8|||North Cubs Strip~1|16300|3170|107|14,457,15,5,0
8AK9|||Tok 2~1|33089|69831|497|10,620,24,5,0
95Z|||Bradley Sky-Ranch~1|47589|26078|147|15,1250,18,5,0,,254.1,,,,146,,,,165
97AK|||High Ridge Association~1|16640|7460|219|08,549,46,5,0
9AK0|||Sports Mans Paradise~1|25121|67650|951|07,461,30,5,0
9AK4|||Arctic Angel~1|41377|41691|308|15,853,18,5,1,,328.1,,,,,,,,177
9AK5|||Sky Harbor~1|11165|1810|104|16,549,21,5,0
9AK6|||Leisurewood Airstrip Owners Assoc~1|16241|3520|112|07,549,23,4,0
9AK8|||Wolf Track~1|16247|3180|27|18,610,24,5,0
9Z9|||Lawing~1|4111|6300|145|15,718,18,5,0
AA06|||Sixmile Lake~1|12887|1911|26|06,488,11,5,0
AA09|||Busch Creek~1|24775|22240|1214|6,640,9,5,0
AA22|||Delta Daves~1|41308|41949|326|15,716,18,4,0
AA33|||Gus Landing|16041|2299|37|18,518,30,4,0,,354
AA76|||Timber Trails~1|47800|26723|146|15,747,23,4,0,,245
AK06|||Denali~1|36401|12084|625|12,1219,15,5,0
AK09|||Wingsong Estates~1|40496|44980|335|15,725,30,4,0,,218,,,,180
AK1|||Butte~5|15303|9820|20|07,550,15,5,0,,,0,-499,,,0,601
AK12|||Flying Crown~1|11063|1361|44|15,610,23,4,0
AK13||CEX|Chena Hot Springs~1|50518|39530|364|08,914,18,5,0,,240.6
AK16|||Sunset Strip|15234|2850|92|E/W,488,30,5,0
AK22|||Lakloey Air Park|48220|24771|145|06,1219,15,5,0;06W/24W,1036,30,12,0
AK24|||Hilltop~1|14182|5610|128|03,427,7,4,0
AK27|||Valley Flying Crown~1|16426|3760|122|06,549,9,5,0
AK28|||Chena Marina~1|48140|20810|130|18,1433,18,5,0;18W/36W,1219,61,12,0
AK29|||Reids Landing~1|16126|1480|75|E/W,488,15,6,0
AK30|||Strawberry Point~1|3912|39025|15|09,488,61,4,0
AK31|||Swift Creek~1|14112|69990|373|16,610,11,4,0
AK41|||Greg'n Sage~1|45440|31544|282|07,549,21,4,0
AK50|||Sky Ranch At Pioneer Peak~1|15546|8560|37|06,610,8,1,0
AK52|||Moen's~b|48889|24640|177|09,402,15,4,0
AK53|||Maud Road Strip~1|15823|10030|68|16,914,23,4,0,,298,,,,122
AK59|||King~b|17907|16470|411|06,549,30,4,0
AK61|||Stephan Lake Lodge~1|26969|10823|579|18,914,15,4,0
AK63|||Pat-Mar Strip|15886|8570|75|NE/SW,549,30,4,0
AK65|||Green's Strip|15981|6495|91|05,457,30,4,0
AK77|||All West~1|39468|45759|389|09,1676,23,4,0
AK83|||Gannon's Landing~1|16273|3910|116|18,640,53,4,0,,2,,,,274,,,,91
AK93|||Grouse Ridge~1|16552|7270|163|02,488,11,5,0
AK97||BSW|Boswell Bay~1|4231|38540|70|04,796,30,5,0
AQY||AQY|Girdwood-Alyeska~1|9688|8802|46|01,636,22,5,0,,346.2,,,41,,,,50
BYA||BYA|Boundary~1|40777|88779|896|05,709,18,5,0,,196.3
CHP||CHP|Circle Hot Springs~1|54855|53890|291|08,1113,24,5,1,,231.6
CKU||CKU|Cordova~5|5439|42730|4|09W/27W,2438,914,12,0,,5,,,2,,,,2,163;06,549,18,5,0
CKX||CKX|Chicken~1|40665|80487|500|13,762,18,5,0
CLF|||Tischner Air~1|42545|8079|198|2,463,21,6,0
CSR|||Campbell~6|11587|2190|87|02,1524,46,5,0,,198,,,75,,,,87
CXC||CXC|Chitina~1|15829|55730|169|13,869,23,5,0,,269.9
CZN||CZN|Chisana~1|20712|79520|1011|12,914,15,4,0
CZO||CZO|Chistochina~1|25635|53310|564|01,628,27,4,0
D66||DJN|Delta Junction~1|40499|42773|351|07,762,18,5,0;13,488,18,6,0
HKB||HKB|Healy Lake~1|39958|53074|360
IBN|||Devils Mountain Lodge~1|23997|70046|878|14,610,12,5,0
JLA||JLA|Quartz Creek~1|4842|2771|137|04,671,18,5,0
K55|||Thompson Pass~1|11773|43120|634|05,771,3,4,0
KGZ||KGZ|Glacier Creek~1|14551|76190|725|11,427,5,5,0
KRK1|||Kavik Strip|96768|30998|204|8,1676,46,5,0,102,,156,-2099,204,,-161,2129,204
L20|||Coal Creek~1|53113|68650|259|01,1189,24,5,0
MTF||MTX|Metro~a|48068|22380|132|06,1402,24,1,0,86,,-40,-1499,,,40,1400
MYK||MYK|May Creek~1|13357|73130|503|13,823,30,4,0
PAAN|||Gold King Creek~1|41983|20705|524|09,780,5,5,0,,,220,-550,,,-90,950
PACE|1|CEM|Central~1|55738|52193|286|07,848,18,5,0,,,100,-929,286,,-70,870,279
PACI|1|CIK|Chalkyitsik~1|66450|62600|166|04,1219,23,5,1,53,,-320,-1101,160,,330,1100,166
PACR|1|IRC|Circle City (New)~1|58277|59238|187|15,908,18,5,0,,,430,20,186,,-380,20,187
PACY|1|CYT|Yakataga~1|810|75055|4|08,1326,23,4,0
PAEG|1|EAA|Eagle~1|47780|88495|277|07,1097,23,5,0,,,30,-1050,275,,-10,1250,277
PAFR|1|FRN|Bryant Army~9|12664|3470|115|17,1273,30,1,0
PAGB|1|GBH|Galbraith Lake~1|84797|5100|812|13,1579,46,5,0,152,,620,-899,812,,-630,900,809
PAGQ|1|BGQ|Big Lake~1|15347|1871|48|07,747,21,5,0,90,,40,-810,47,,40,589,46
PAHV|1||Healy River~1|38672|10306|385|15,887,18,1,0,,,430,-60,383,,-360,140,389
PAIN|1|MCL|Denali National Park~1|37325|10887|524|16,914,21,5,0
PALR|1|WCR|Chandalar Lake~1|75045|15170|585|04,914,18,5,0
PAMX|1|MXY|Mc Carthy~1|14371|70960|467|01,1067,18,5,0
PASP|1|SMU|Sheep Mountain~1|18120|24930|838|05,692,3,5,0
PAST|1|UMM|Summit~1|33315|8730|734|03,1163,24,5,0
PATW|1||Cantwell~1|33912|10440|668|04,634,9,5,0
PAVE|1|VEE|Venetie~1|70087|36340|175|04,1219,23,5,0,62,,-260,-1300,174,,250,1200,175
PAWB|1|WBQ|Beaver~1|63622|25930|109|05,1199,23,5,0,73,,-160,-1201,109,,160,1300,109
PAWR|1||Whittier~1|7772|12804|9|04,451,18,5,0
PAXK|1||Paxson~1|30264|45012|809|13,579,4,5,0
PFCB|1|NCN|Chenega Bay~1|776|20053|22|15,914,23,5,0
PFTO|1|TKJ|Tok Junction~1|33295|70460|500|07,765,15,1,0,99,,60,-700,500,,-50,800,500
SVS||SVS|Stevens Village~1|60167|9432|100|05,1219,23,5,0,,,-130,-1020,98,,230,1479,99
TSG||TSG|Tanacross~1|33744|66640|472|06,1513,46,1,0,88,,0,0,,,50,3101;12,1485,46,1,0,145,,370,-500,,,-750,1199
US-0272|||Old Stevens Village~1|60090|9040|100|7,646,18,5,0
US-0688|||Fireweed~1|14269|70218|402|02,1128,24,5,0,,,-581,272,,,191,271
US-8026|||Stark~6|50494|23248|385|18,422,21,4,0
Z40|||Goose Bay~1|13947|1547|24|07,914,23,5,0,,,0,-570,24,,-50,1130,24
Z41|||Lake Hood~1|11867|346|22|13,671,23,5,1
Z55|||Lake Louise~1|22915|34227|747|13,884,18,4,0,150,,,,756,,,,754
Z91||KBC|Birch Creek~1|62740|41760|137|16,1219,23,5,1
Z93||CZC|Copper Center 2~1|19437|47006|351|13,671,17,5,0
#US|W
13S|||Lake Louise~7|22829|34810|720|ALL/WAY,1524,1219,12,0
1Z9||ELW|Ellamar~7|8938|32960|0|NW/SE,2438,1219,12,0
29A|||Island Lake~7|16289|3820|113|18,1219,61,12,0
2D3|||Gooding Lake~7|16277|7610|152|01W/19W,914,6,12,0
2Z5|||Chena River~7|48329|21520|134|N/S,1524,91,12,0;E/W,914,91,12,0
3A3|||Seymour Lake~7|16135|3340|98|N/S,1829,122,12,0
3C3|||Campbell Lake~7|11331|580|6|06W/24W,1219,61,12,0
3H3|||Cottonwood Lake~7|15976|6840|91|06,1219,244,12,0
3K9|||Upper Wasilla Lake~7|15887|6150|101|NE/SW,1676,244,12,0
4A3|||Lake Lucille~7|15746|5270|91|09W/27W,1524,762,12,0
4AK0|||Niklason Lake~7|16292|7290|116|E/W,823,23,12,0
52Z|||Summit Lake~7|6411|5030|396|N/S,1524,305,12,0,,,,,396,,,,396
54AK|||Kalmbach Lake~7|16071|4260|122|03W/21W,1372,152,12,0
58A|||Tolsona Lake~7|21134|39590|610|NW/SE,1219,457,12,0
5AK|||Tazlina / Smokey Lake~7|20634|35510|734|NE/SW,671,183,12,0
5L6|||Wasilla Lake~7|15864|5920|101|NE/SW,1219,305,12,0,,,,,101,,,,101
62AK|||Wallis Lake~7|15729|4250|98|09,610,244,12,0
66AK|||June Lake~7|16300|4308|124|12W/30W,518,61,12,0
69AK|||Memory Lake~7|16289|5764|141|06W/24W,610,61,12,0
6A7|||Brocker Lake~7|14818|2270|30|ALL/WAY,366,30,12,0
78Z|||Nancy Lake~7|16850|200|66|N/S,1829,183,12,0
80AK|||Morvro Lake~7|16020|2160|91|N/S,1219,457,12,0
85AK|||Marion~7|15092|914|46|09U/27U,1036,61,12,0
86AK|||Hoppe'S~7|15514|542|55|18W/36W,351,61,12,0
91AK|||Kucera~7|15764|567|53|03W/21W,1524,61,12,0
99Z|||Finger Lake~7|16065|7220|103|ALL/WAY,1676,152,12,0
9AK1|||Stormy Hill~7|16309|7680|152|01W/19W,914,61,12,0;02,518,23,5,0
AA01|||West Beaver~7|15850|1535|66|11W/29W,1158,152,12,0
AA02|||Horseshoe Lake~7|15715|759|43|01W/19W,1676,61,12,0
AA11|||Misty Lake~7|15507|3239|107|07W/25W,594,61,12,0
AA85|||Walby Lake~7|16164|7790|35|06W/24W,762,61,12,0
AK43|||Jacobsen Lake~7|15791|4610|107|08W/26W,1219,152,12,0
D71|||Beaver Lake~7|15829|1690|46|01W/19W,1524,122,12,0
D72|||D&C Fire Lake Flying Club~7|13525|4540|90|N/S,1067,61,12,0
D75|||Blodget Lake~7|15761|3240|74|ALL/WAY,1158,1158,12,0
L93|||Robe Lake~7|10871|38560|12|E/W,1219,61,12,0;N/S,610,61,12,0
L95|||Jones Landing~7|15548|610|55|05,444,23,12,0;03,386,23,12,0
PALH|||Lake Hood~7|11800|280|22|E/W,1384,57,12,0,,,92,-472,,,-296,2609;S/N,588,61,12,0,,,653,304,,,-100,-363;SE/NW,418,46,12,0,,,382,-522,,,-96,478
PYL||PYL|Perry Island~7|6853|20810|0|N/S,3048,610,12,0
T66|||Visnaw Lake~7|16190|3210|91|N/S,1219,61,12,0
