#CA|M
CYFS|1|YFS|Fort Simpson~1|17602|87630|169|14,1829,46,1,1,156,,760,-700,166,,-740,700,168
CYJF|1|YJF|Fort Liard~1|2358|65310|216|03,898,30,5,0,48,238,,,215,,,,215
CYQH|1|YQH|Watson Lake~1|1168|11780|687|09,1678,46,1,1,110,,320,-1301,684,,-180,1600,687
CYVQ|1|YVQ|Norman Wells~1|52816|32020|73|10,1828,46,1,1,117,,400,-1700,73,,-390,1700,72
CYWY|1|YWY|Wrigley~1|32094|65630|149|11,1067,30,5,1,131.4,,320,-800,144,151,-310,800,149
#CA|S
CA-0903|||Sambaa K'e~1|4235|87303|508|04,1067,30,5,0
CBX5||TNS|Tungsten (Cantung)~1|19569|17970|1067
CET4|||Fort Simpson Island~1|18673|86315|123|13,914,30,10,0,153,,,,,305,,,,305
CET9|||Jean Marie River~1|15224|93747|143|11,766,18,5,1,129,,-380,330,,,-770,1430
CFT5|||Hyland~1|15239|17310|914|14,1146,,0,0,,,,,914,,,,914
CYGH|1|YGH|Fort Good Hope~1|62407|13522|82|07,1351,30,5,1,92,,10,-1320,77,,10,679,81
CYPC|1|YPC|Paulatuk (Nora Aliqatchialuk Ruben)~1|93608|59245|5|02T/20T,1219,30,5,1,20,,-480,1150,4,,540,2250,5
CYVL|1|YCK|Tommy Kochon~1|70202|38716|265
CYWJ|1|YWJ|Déline~1|52111|65640|214|08,1199,30,5,0,100,,101,-1313,214,,-86,1210,208
CZFN|1|ZFN|Tulita~1|49095|44297|101|07,1199,30,5,1,84,265,-30,-1168,98,,73,1353,100
