#US|H
DM2||DIO|Diomede~2|57584|10463|6|H1,20,20,2,0,,351.9
#US|M
PABE|1|BET|Bethel~1|7798|81620|38|01L,1951,46,1,1,23,,-800,-599,38,,800,901,30;01R,1219,23,1,0,23,,-880,-200,36,,120,701,34;12,566,23,5,1,128,,150,-1001,37,,-170,-200,38
PACZ|1|CZF|Cape Romanzof LRRS~1|17803|39610|141|02,1205,41,5,1,37,,-450,-701,112,,410,700,139
PADE|1|DRG|Deering~1|60689|72331|6|03,1012,23,5,1,38,,-370,-710,4,,340,690,3;12,811,23,5,1,127,,280,-710,6,,-150,690,4
PAEM|1|EMK|Emmonak~1|27861|55090|4|16,1402,30,5,1,176.7,,630,-100,2,,-620,99,2
PAIK|1|IAN|Bob Baker~i|69761|95610|51|07,1219,23,5,1,82,,-80,-900,51,,50,1400,43
PALU|1|LUR|Cape Lisburne LRRS~1|88751|38900|5|09,1463,41,5,0,101,,130,-1900,5,,-120,1900,5
PAMY|1|MYU|Mekoryuk~1|3723|37302|15|05,936,23,5,1,67,,-250,-820,15,,80,680,15
PANV|1|ANV|Anvik~1|26467|98090|89|17,1219,23,5,1,187,,400,100,91,,-400,-100,94
PAOM|1|OME|Nome~1|45122|45550|11|03,1882,46,1,1,41.7,,-500,-700,4,,640,1701,11;10,1832,46,1,1,109.7,,210,-2300,5,,-340,1299,6
PAOT|1|OTZ|Ralph Wien~i|68847|74010|4|09,1920,46,1,1,102,,470,-999,4,,140,3121,4;17,1158,27,5,1,194,,40,-999,2,,-990,-1700,2
PAPC|1|KPC|Port Clarence Coast Guard Station|52537|31410|3|16,1371,37,1,0
PAUN|1|UNK|Unalakleet~1|38884|92010|8|15,1798,46,1,1,164,,960,-700,6,,-620,299,5;09,579,23,1,1,98,,-490,0,5,,-570,1200,3
PPIZ|1|PIZ|Point Lay LRRS~1|97329|69950|7|05,1073,24,5,1,69,,-260,-1900,7,,90,700,5
#US|S
16A|PPIT|NUP|Nunapitchuk~1|9056|75595|4|NE/SW,914,91,12,0;18,738,23,5,1,196,,360,150,3,,-280,-150,4
2AK9|||Independence Creek~1|56734|75399|76|16,549,18,5,0
4A2||ATT|Atmautluak~1|8667|77270|5|15,914,23,5,1,,217
4KA||TNK|Tununak~1|5696|47534|4|08,542,9,5,1,101,,640,-3039,4,,550,-2040,3
4Z2|||Upper Hannum Creek~1|59049|66710|396|08,427,14,5,0;17,366,18,5,0
5QC|||Quartz Creek /Kougarok/~1|54059|53440|127|12,902,20,5,0,,,,,127,,,,102
8AK3|||Roland Norton Memorial~6|67660|98470|110|02,914,21,5,0
94Z|||Nome City~a|45131|46040|18|03,594,34,5,0
9AK2|||Kako~1|18989|85620|91|09,792,23,5,0
A61||WTL|Tuntutuliak~1|3512|73455|5|02,916,23,5,1,,1.9
AK02|||Bear Creek 1~1|55399|89380|175|10,427,20,5,0
AK26||SOL|Solomon State~a|45605|55543|8|01,351,11,5,0
AK49||TWE|Taylor~1|56793|52010|134|16,671,14,5,0
AK75||CDL|Candle 2~1|59077|80740|5|02,1183,27,5,0
K29||CIL|Council~1|48979|62970|26|10,914,18,5,0
KGX|PAGX|KGX|Grayling~1|28952|99337|30|17,1219,23,5,1
LSR|||Lost River 1~1|53984|28323|24|18,1113,30,5,0
MOS||MOS|Moses Point~1|46941|79393|4|06,914,18,5,0
PABL|1|BKC|Buckland~1|59816|88510|9|11,975,23,5,0,122,,230,-900,9,,-230,900,9
PACK|1|CYF|Chefornak~1|1367|57208|15|15,1134,46,5,2,177,,510,-80,12,,-500,70,15;16,985,18,5,1,181,,,,2,,,,9
PACM|1|SCM|Scammon Bay~1|18447|44248|4|04W/22W,3048,152,12,2;11,915,23,6,1,113,,150,-680,4,,-180,921,4
PADG|1|RDB|Red Dog~1|80321|71010|295|03,1924,30,1,0,42,,-650,-1500,295,,650,1500,295
PADM|1|MLL|Marshall Don Hunter Sr~1|18643|79740|31|07,975,30,5,1,85,,-50,-900,21,,30,900,31
PAEE|1|EEK|Eek~1|2132|79560|4|17,988,18,5,0,189,,490,199,3,,-390,-100,3
PAEW|1|WWT|Mertarvik~1|8104|55005|105|12,1006,23,5,1,130,,291,-704,105,,-292,709,102
PAGL|1|GLV|Golovin~1|45505|69930|18|03,1219,23,5,1,36,,-450,-800,18,,440,700,11
PAGT|1|NME|Nightmute~1|4691|52959|1|03,975,23,5,0,40,,-327,-566,2,,341,610,2
PAGZ|1|GMT|Granite Mountain Air Station|54021|87190|400|17,1180,34,5,0,181,,530,-1,400,,-530,-100,376
PAHP|1|HPB|Hooper Bay~1|15239|38530|4|13,1006,23,1,1,148.6,,380,-499,1,,-390,500,1
PAIW|1|WAA|Wales~1|56226|19050|7|18,1216,23,5,0,189,,540,200,5,,-540,-200,5
PAKK|1|KKA|Koyuk Alfred Adams~1|49395|88460|47|01,915,18,5,0,24,,-370,-400,46,,380,401,44
PALG|1|KLG|Kalskag~1|15363|96590|17|07,975,23,5,1,81,,-70,-901,16,,60,900,17
PAMK|1|SMK|St Michael~1|34901|78900|30|02,1220,23,5,0,32,,-460,-700,28,,450,600,18
PAMO|1|MOU|Mountain Village~1|20954|63180|103|02,1067,23,5,0,32,,-460,-600,91,,340,500,103
PANA|1|WNA|Napakiak~1|6903|80210|5|16,990,18,5,0,175,,450,0,5,,-440,100,5
PAOO|1|OOK|Toksook Bay~1|5414|49130|18|16,975,23,5,1,176.9,,430,-100,18,,-450,-1,11
PAPK|1|PKA|Napaskiak~1|7029|82220|7|09W/27W,4572,610,12,2;02,914,18,5,1,31,,-350,-500,4,,350,400,4
PAPO|1|PHO|Point Hope~1|83488|32010|4|03,1219,23,1,1,22,,-500,-599,2,,510,499,4
PARS|1|RSH|Russian Mission~1|17751|86805|16|17,1097,30,5,0,188,,470,151,16,,-510,-150,16;18W/36W,914,152,12,0
PASH|1|SHH|Shishmaref~1|62496|39109|4|05,1523,22,1,1,63,,-310,-1590,3,,300,1509,4
PASM|1|KSM|St Mary's~1|20605|66980|95|17,1828,46,5,1,182,,1040,200,89,,-600,100,95;07,463,18,5,1,77,,-740,-1000,96,,-630,100,94
PATC|1|TNC|Tin City Long Range Radar Station~1|55631|20780|83|17,1433,30,5,0,175,,730,-200,78,,-550,99,73
PATE|1|TLA|Teller~1|52404|36610|90|08,909,18,5,1,89,,-10,-1000,84,,0,900,90
PAUK|1|AUK|Alakanuk~1|26827|52775|3|16,1219,23,5,1
PAVA|1|VAK|Chevak~1|15409|43995|23|02,981,23,5,0,33,,-370,-550,11,,360,451,14;18W/36W,610,122,12,2
PAVL|1|KVL|Kivalina~1|77346|54401|4|12,914,18,5,1,137,,460,-1110,3,,-150,390,4
PAWM|1|WMO|White Mountain~1|46892|65870|81|15,914,18,5,0,164,,390,-199,68,,-400,300,81
PAWN|1|WTK|Noatak~1|75612|70195|27|01,1217,18,5,0,22,,-520,-549,24,,490,549,27
PFAK|1|AKI|Akiak~1|9026|87689|9|03,975,23,5,0,47,,-270,-590,9,,330,710,9
PFEL|1|ELI|Elim~1|46147|77280|49|01,1037,18,5,0,,,-380,-400,49,,430,700,37
PFKA|1|KUK|Kasigluk~1|8727|74753|15|17,914,18,5,0,,,470,171,9,,-340,-29,15
PFKO|1|KOT|Kotlik~1|30306|64670|5|02,1341,30,5,0,32,,-510,-699,2,,510,801,3
PFKT|1|KTS|Brevig Mission~1|53318|35322|12|11,911,30,5,0,130,,170,-420,11,,-360,1080,11;04,643,23,5,0,55,,-150,-521,10,,190,579,12
PFKW|1|KWT|Kwethluk~1|7903|85560|8|18,975,23,5,0,,,420,301,8,,-420,-200,8
PFNO|1|ORV|Robert (Bob) Curtis~i|68179|89810|17|06,1219,30,5,0,75,,-180,-1700,13,,100,1000,16
PFSH|1|SKK|Shaktoolik~1|43711|87760|7|14,1220,23,5,0,,,510,-500,6,,-510,501,7
SXP||SXP|Nunam Iqua~1|25206|51520|4|09W/27W,4572,610,12,0;18W/36W,4572,610,12,0;01,919,18,5,0
TLT||TLT|Tuluksak~1|10870|90772|9|15,1006,18,5,1,,,497,-371,11,,-352,270,11;02,750,9,5,2,45,,740,-5120,9,,1220,-4220,10
US-8450||PQS|Pilot Station~1|19617|70581|144
WBB||WBB|Stebbins~1|35160|77220|4|05,914,18,5,0,64,,-180,-800,4,,170,800,3
Z13|PFZK|KKI|Akiachak~1|9138|85067|7|11,503,12,5,0,117,,-790,6630,7,,-1000,7530,7
Z47|||Engstrom~a|46791|47008|44|16,610,18,5,0
Z81|||Salmon Lake~1|49092|49870|149|15,610,17,5,0
#US|W
K40|||Anvik~7|26562|97950|16|E/W,610,152,12,0
KKI|||Akiachak~7|9079|85650|0|E/W,1524,91,12,0;NW/SE,1524,152,12,0
WWT|||Newtok~7|9350|53733||E/W,1524,122,12,0,,,,,2,,,,2
Z20|||Tuntutuliak~7|3415|73340|5|NE/SW,610,61,12,0;NW/SE,610,61,12,0
Z58|||Hangar Lake~7|8033|82730|5|N/S,792,457,12,0,,,,,5,,,,5
Z59||JBT|Bethel~7|7820|82570|5|NE/SW,914,152,12,0,,,,,5,,,,5
