#RU|M
ULAM|1|NNM|Naryan Mar~1|76400|31219|11|06,2500,40,2,1
UUYH|1|UCT|Ukhta~1|35669|38047|147|18,2649,45,2,1,,,1146,695,138,,-1145,-724,138
UUYK|||Vuktyl~1|38233|72800|109|17,1500,35,2,1
UUYP|1|PEX|Pechora~1|51211|71308|30|16,1800,40,2,1
UUYS|1|USK|Usinsk~1|60047|73672|80|13,2500,42,2,1,,,1037,-1078,75,,-1025,1094,75
UUYV|||Izhma~1|50317|39700|70|01,1300,32,2,1
UUYX|1|UTS|Ust-Tsylma~1|54373|22003|80|15,1300,30,2,1
UUYY|1|SCW|Syktyvkar~1|16470|8451|104|18,2500,45,1,1,22,,1040,877,102,,-1046,-874,94
#RU|S
ULDW|1|VRI|Varandey~1|88485|82014|7|04,1800,32,2,1
ULEH|||Khorey-Ver~1|74167|80448|70|16,650,60,6,0
ULER|1||Kharuta~1|68461|95393|50
