#FI|H
EFHE||HEN|Hernesaari~2|1478|49244|2
#FI|L
EFHK|1|HEL|Helsinki Vantaa~1|3184|49633|55|04R,3500,60,1,1,48,,-893,-3096,46,240,1229,1579,45;04L,3060,60,1,1,48,,-550,-5940,41,,1310,-1860,54,60;15,2901,60,1,1,154.1,,1190,120,49,,-1130,2500,45
EFIV|1|IVL|Ivalo~1|86073|74053|147|04,2499,45,1,1,47,,-770,-2240,146,,760,2250,141;08,800,45,1,1,92,,-120,1800,145,,-150,3760,143
EFKT|1|KTT|Kittilä~3|77010|48468|196|16,2500,45,1,1,166,,1090,-700,193,,-1090,710,196
EFKU|1|KUO|Kuopio~1|30071|77978|98|15,2800,60,1,1,157.1,,1100,-1020,93,,-1220,1130,96;06,1500,45,1,2,67.1,,-230,-1240,93,,290,1490,87
EFLP|1|LPP|Lappeenranta~1|10446|81447|106|06,2500,60,1,1,67,,-450,-2160,106,,440,2100,106
EFOU|1|OUL|Oulu~1|49301|53546|14|12,2501,60,1,1,121,,570,-2270,14,,-580,2260,10
EFRO|1|RVN|Rovaniemi~1|65633|58298|196|03,3002,60,1,1,37,,-920,-1980,193,,1220,2110,186
EFTP|1|TMP|Tampere-Pirkkala~1|14141|36044|119|06,2700,45,1,1,64.3,,-520,-2280,119,,530,2280,112
EFTU|1|TKU|Turku~1|5141|22628|49|08,2500,60,1,1,85,,-100,-2270,40,,100,2270,43
EFVA|1|VAA|Vaasa~1|30502|17625|6|16,2660,48,1,1,163,,1190,-800,6,,-1100,740,3,160;11,1500,,1,2
#FI|M
EFET|1|ENF|Enontekio~1|83626|34243|306|03,2001,45,1,1,34.7,,-740,-1380,304,,740,1390,306
EFHA|1|KEV|Halli~1|18560|47867|146|08,2601,60,1,1,86,,-70,-2470,146,,80,2460,144
EFJO|1|JOE|Joensuu~1|26588|96194|121|10,2500,52,1,1,110,,580,-2170,121,,-200,2400,111;17,1200,30,0,0,181,,340,-1180,119,,-740,-1210,113
EFJY|1|JYV|Jyväskylä~1|23995|56783|140|12,2601,60,1,1,134,,810,-1820,138,,-810,1810,124
EFKA|1|KAU|Kauhava~9|31271|30514|46|17,2700,60,1,1,177,,1210,-140,46,,-1210,150,40
EFKE|1|KEM|Kemi-Tornio~1|57787|45821|19|18,2503,48,1,1,188,,1430,390,15,,-790,-320,9
EFKI|1|KAJ|Kajaani~1|42855|76924|147|07,2499,48,1,1,80,,-210,-2540,131,,200,2540,147
EFKJ|1|KHJ|Kauhajoki~9|24632|23908|124|07,1160,23,1,1,70,,-150,-980,,120,210,1130,,60
EFKK|1|KOK|Kokkola-Pietarsaari~1|37212|31431|26|01,2500,60,1,1,11,,-1340,-490,24,,870,440,25;11,700,20,1,0,112,,240,-1300,,,0,0
EFKS|1|KAO|Kuusamo~1|59876|92394|264|12,2500,45,1,1,132,,720,-1970,264,40,-760,2050,264
EFMI|1|MIK|Mikkeli~1|16866|72018|100|11,1702,44,1,1,113,,310,-1500,98,249,-280,1470,96,100
EFPO|1|POR|Pori~1|14617|18000|13|12,2351,60,1,1,126,,640,-1870,13,95,-590,1710,11,345;17,801,30,1,0,174,,230,-150,11,,-490,10,9
EFPR|||Helsinki East-Redstone~e|4792|65939|22|15,1000,30,1,0,,,490,-340,22,,490,-340,22
EFSA|1|SVL|Savonlinna~1|19431|89451|95|12,2300,45,1,1,126,,600,-1780,95,,-610,1780,88
EFSI|1|SJY|Seinäjoki~1|26921|28323|92|14,2000,45,1,1,136,,501,-1041,89,,-793,1662,87
EFSO|1|SOT|Sodankyla~1|73950|66191|183|16,1500,30,1,1,165,,650,-440,182,,-650,450,182
EFUT|1|UTI|Utti~d|8964|69384|103|07,2000,45,1,1,78,,-190,-1810,100,,190,1800,103
EFVR|1|VRK|Varkaus~1|21711|78686|87|14,2000,45,1,1,142,,920,-1450,87,,-480,930,78
EFYL|1|YLI|Ylivieska~9|40547|47253|77|15,1500,30,1,1,155.1,,580,-930,75,,-640,360,75
#FI|S
EFAA|||Aavahelukka~9|76036|39717|225|14,864,20,1,0,138,,300,-600,225,,-270,740,225
EFAH|||Ahmosuo~9|48953|57522|29|12,800,23,1,0,,,,,29,,,,29
EFAL|||Alavus~9|25547|35733|124|08,750,18,1,0,79.8,,-60,-990,124,,60,490,124
EFEU|||Eura~9|11161|22014|79|11,1000,18,1,1,116,,200,-840,,,-190,830
EFFO|||Forssa~9|8037|36508|99|04,820,18,1,0,42.8,,-180,-340,99,120,260,500,99,20
EFGE|||Genböle Airfield UL|869|25219|14|07,630,12,4,0,,,,,14,300,,,14,300
EFHL|||Hailuoto~9|49696|47042|2|06,500,15,4,0,,,,,,100,,,,100
EFHM|||Hämeenkyrö~9|16897|30737|137|07,914,14,1,0,74,,-120,-830,,129,100,830,,120
EFHP|||Haapavesi~9|41131|55042|96|12,770,15,5,0
EFHV|1|HYV|Hyvinkää~9|6544|48811|131|04,1260,18,1,0,47,,-283,-575,131,,507,1064,131;12,790,15,1,0,127,,285,-532,120,,-365,687,127
EFII|||Iisalmi~9|36319|71222|117|17,660,18,1,0,179,,160,190,,6,-420,210,,6
EFIK|||Kiikala~9|4625|36525|116|18,930,15,1,0,182,,490,-50,111,,-350,-120,116;10,463,15,5,0,104,,0,-40,,,-110,780
EFIM|||Immola~9|12492|89037|103|09,1502,15,5,0,96,,70,-1400,,,-90,1380;01,1100,23,1,1,18,,-460,-390,,,450,390
EFJM|||Jämijärvi~9|17786|27161|154|09,830,18,1,0,94.1,,300,-1420,154,,250,230,154;15,830,15,5,0,153.6,,-80,-150,154,,-750,550,154
EFKG|||Kumlinge~9|2469|8047|2|15,600,18,1,0
EFKH|||Kuhmo~9|41125|94386|174|12,850,15,5,0
EFKM|||Kemijärvi~9|67129|71568|211|17,1400,23,1,0,175,,640,-160,,,-640,160
EFKN|||Kannus~9|39206|40867|103|11,700,18,1,0
EFKO|||Kalajoki~9|42286|38264|13|05,1200,30,1,0,57,,-290,-1040,,200,290,1040,,200
EFKR|||Kärsämäki~9|39892|57436|106|09,700,10,4,0,,,,,,,,,,270
EFKV|||Kivijärvi~9|31253|51242|153|12,900,23,1,0
EFKY|||Kymi~9|5714|68961|68|16,843,15,1,0,,,680,-340,,,-60,40
EFLA|||Lahti Vesivehmaa~9|11442|56935|153|07,1200,30,1,1,68,,-200,-1000,,260,200,1050;18,550,23,0,0,185,,550,-160,153,,60,-260,153;12,500,23,5,0,130,,540,-270,,,250,450
EFLN|||Lieksa Nurmes~9|35119|96292|114|11,940,18,1,0,119,,210,-830,,,-200,820
EFME|||Menkijärvi~9|29467|35189|101|04,1200,22,1,0,46,,-370,-860,,240,370,860,,60
EFML|||Ii~9|53011|54162|12|12,750,20,0,0
EFNS|||Savikko~9|5200|48317|71|05,440,23,4,0,60.5,,-100,-240,,,100,480
EFNU|||Nummela~9|3339|42964|112|04,1200,20,1,0,39,,-750,-1410,,,90,-40;09,650,10,1,0,96,,0,-730,,,-80,710
EFOP|||Oripää~9|8764|27447|101|14,940,16,5,0;06,899,10,5,0,,,,,101,,,,101
EFPA|||Pokka~9|81502|58294|260|16,800,18,5,0
EFPI|||Piikajarvi~9|12456|21934|45|17,1150,18,1,0,172,,500,-160,45,,-460,140,44;12,1013,18,1,0,126,,310,-900,43,,-230,630,45
EFPK|||Pieksämäki~9|22647|70028|119|15,740,18,1,0
EFPN|||Punkaharju~9|17289|93936|77|16,500,15,1,0
EFPU|||Pudasjärvi~9|54022|69469|121|08,1990,45,1,0,91.8,,0,0,,,40,4310
EFPY|||Pyhäsalmi~9|37319|59263|161|15,1000,20,1,1,155.6,,0,0,,90,-840,860
EFRA|||Rautavaara~9|34242|81242|145|18,1230,23,5,0,185.5,,720,210,,,-390,-30;05,500,15,8,0
EFRH|||Raahe Pattijoki~9|46881|46958|36|10,1000,23,1,0,107,,130,-1000,,,-140,1000
EFRN|||Rantasalmi~9|20655|83565|89|18,945,18,1,0,190,,420,160,,,-420,-160
EFRU|||Ranua~9|59731|63653|165|15,1200,23,1,0
EFRV|||Kiuruvesi~9|37056|66164|157|15,840,18,1,0,,,,,,65,,,,120
EFRY|||Räyskälä~9|7447|41078|124|12L,1270,18,3,0,129,,220,120,,230,-500,1930,,370;08R,1020,18,3,0,82,,-200,100,,160,-70,1950,,250;08L,870,10,1,0,82.7;12R,480,10,1,0,129.7
EFSE|||Selanpaa~9|10624|67989|127|12,1324,15,1,0,132.9,,460,-1000,126,,-340,810,122;04,1100,15,5,0,42.6,,-270,-1070,124,,490,410,126
EFSU|||Suomussalmi~9|48219|87103|165|05,800,15,5,0
EFVL|||Vaala~9|45019|67600|135|09,800,15,5,0
EFVP|||Vampula~9|10397|25917|90|10,899,20,1,0,,,,,90,200,,,90,200
EFVT|||Sulkaharju~9|33978|40306|122|08,740,19,5,0,72.1,,-110,-690,,,90,710
EFWB|||Wredeby~9|6636|67458|25|07,690,15,4,0
#NO|M
ENAT|1|ALF|Alta~1|99761|33717|3|11,2184,45,1,1,121,,630,-3070,2,205,-380,1820,2,127
ENKR|1|KKN|Kirkenes Airport, Høybuktmoen|97258|98913|86|05,2115,45,1,1,69,,-332,-2295,86,56,181,1566,85,442
ENSR|1|SOJ|Sørkjosen~1|97868|9594|5|14,919,30,1,1,154,,360,-490,3,120,-350,500,5,120
#NO|S
ENKA|||Kautokeino~9|90403|30340|355|01,1200,40,5,0
#RU|M
RU-0065|||Pribylovo Naval~d|4583|87467|40|13,2000,50,2,1
#RU|S
RU-0068|||Bychye~a|146|97028|3|08,500,30,2,1
#SE|H
ESEG|1||Vassara River~2|71366|6337|354|H1/H1,5,5,1,1,,,-45,607
ESEK|1||Lake Luossajärvi~2|78599|2072|472|H1/H1,5,5,1,1,,,8205,-26
ESES|1||Sunderby~c|56695|19354|11|H1/H1,8,8,1,1
#SE|L
ESNQ|1|KRN|Kiruna~1|78220|3368|460|03,2502,45,1,1,33.7,,-930,-1650,460,,930,1640,436
ESNU|1|UME|Umeå~1|37918|2828|7|14,2302,45,1,1,138,,670,-1350,7,,-870,1750,5,60
ESPA|1|LLA|Luleå~1|55438|21220|20|14,3350,45,1,1,137.3,,1100,-2460,20,,-1110,2460,6
#SE|M
ESNG|1|GEV|Gällivare~1|71324|8146|313|12,1714,45,1,1,117.9,,360,-1740,313,,-360,1750,296
ESNS|1|SFT|Skellefteå~1|46248|10769|48|10,2520,45,1,1,106,,260,-2110,48,,-270,2110,38
#SE|S
ESNJ|||Jokkmokk~9|64962|1472|276|14,2000,25,1,1,144.2,,730,-1310,272,,-720,1310,275
ESNP|1||Piteå~9|53983|12608|13|16,1000,25,1,1,163.5,,430,-300,,,-430,310
ESPE|||Vidsel~d|58753|1499|182|11,2230,35,1,1,116.6,,450,-2180,182,,-450,2180,180
ESUK|1||Kalixfors~9|77648|2572|472|17,1204,40,1,0,171,,560,-860,,,-510,-410;05,920,40,1,0,54,,-430,-490,,,50,1280;11,919,40,1,0,107,,290,-790,,,40,1280
ESUP|1|PJA|Pajala~1|72446|30749|165|11,2302,45,1,1,118,,493,-2366,165,,-482,2328,165
ESUV|1||Älvsbyn~9|56454|10616|76|04,730,30,4,0,54,,-196,-646,76,90,195,614,79,80
