#IS|L
BIKF|1|KEF|Keflavik~3|39850|73944|52|10,3065,60,1,1,104,,3,-4938,33,,3,1323,51;01,3054,60,1,1,14,,-2051,17,41,,686,19,49
#IS|M
BIBD|1|BIU|Bildudalur~1|56413|64538|5|04,940,30,1,1,28,,-390,-500,3,,400,510,8
BIIS|1|IFJ|Ísafjörður~1|60581|68647|2|07,1400,42,1,1,62,,-300,-1330,2,,290,1370,2
BIRK|1|RKV|Reykjavík Domestic~1|41287|80624|15|01,1566,45,1,1,355,,-670,140,7,80,730,-130,9;13,1230,45,1,1,117,,380,-1780,5,,-110,490,12,65;06,950,30,1,2,46,,-150,-920,8,104,440,500,12,20
BIVM|1|VEY|Vestmannaeyjar~1|34243|97211|99|12,1200,45,1,1,110,,209,-860,91,,-180,1390,99;03,1160,45,1,1,19,,-347,-360,89,,626,390,91
#IS|S
BIBA|1||Bakki~1|35561|98625|14
BIBL|1|BLO|Blönduós~1|56450|97125|40|04,970,,0,0,,,,,40,,,,40
BIBR|1||Búðardalur~1|50746|81978|40
BIFL|1||Flúðir~1|41446|96729|82
BIFZ|||Forsæti~1|38482|92837|10|04,765,35,4,0
BIGF|1|GUU|Grundarfjörður~1|49914|67753|5|05,895,,4,0
BIGJ|1|GJR|Gjögur~1|59953|86731|25|05,960,30,1,1,50,,,,30,,,,30
BIHK|1|HVK|Hólmavík~1|57047|83036|27|03,1000,,0,0,,,,,22,,,,27
BIHL|1||Hella~1|38358|96225|20
BIHZ|1||Húsafell~1|46998|91078|116
BIKA|1||Kaldármelar~1|47789|77431|49
BIMS|1||Tungubakkar~1|41818|82939|2
BIRE|1|RHA|Reykhólar~1|54526|77939|18
BIRF|1|OLI|Rif~1|49114|61818|5|06,1200,30,1,0;12,840,30,1,0
BIRS|1||Reykjanes~1|59142|75786|3
BISF|1||Selfoss~1|39292|89622|14|05,1100,30,4,0,,,,,14,,,,14;15,1080,30,4,0,,,,,14,,,,14
BISR|1||Stórikroppur~1|46326|85091|50
BISS|1||Sandskeið~1|40608|84253|183|15,786,18,1,0,,,90,40,,,-240,1370
BIST|1|SYK|Stykkishólmur~1|50589|72354|13|07,1120,,0,0,,,,,13,,,,13
BITE|1|TEY|Þingeyri~1|58703|64400|20|14,950,,0,0,,,,,20,,,,20
