#RU|L
USNN|1|NJC|Nizhnevartovsk~1|9493|64836|54|03,3200,60,1,1,42.2,,-1060,-1980,44,,1050,1980,54
USRR|1|SGC|Surgut~3|13405|34058|61|07,2790,45,1,1,89.7,,310,-3000,55,,330,2210,59
#RU|M
RU-0050|||Yamburg~1|79873|50980|33|13,2435,42,2,1,,,1097,-1269,33,,-903,1069,33
UNSS|1|SWT|Strezhevoy~1|7094|76600|50|15,2000,40,2,1
USMM|1|NYM|Nadym~1|54809|26989|15|14,2548,46,2,0,136,,1234,-1172,,,-953,1043
USMU|1|NUX|Novy Urengoy~1|60694|65203|64|09,2550,46,2,0,88,,,,,,-290,2603
USRK|1|KGP|Kogalym~3|21904|45338|67|17,2507,42,2,1,189.9,,1110,420,67,,-1110,-420,66
USRN||NFG|Nefteyugansk~1|11083|26500|35|14,2700,40,2,1
USRO|1|NOJ|Noyabrsk~1|31833|52700|136|01,2500,42,1,0,25,,-960,-1150,,,1080,950
#RU|S
USDK|1|YMK|Mys Kamenny~1|84677|35967|1
USDS|1|TQL|Tarko-Sale~1|49305|78113|25
USDU|1|UEN|Urengoy~1|59600|84370|17
