#CA|M
CYDA|1|YDA|Dawson City~1|40431|8720|370|03,1524,30,2,1,49,,-450,-1101,367,,440,1200,370
CYDB|1|YDB|Burwash~1|13711|9590|807|11,1526,30,5,1,128,,420,-1100,807,,-420,1199,794
CYDM|1|XRR|Ross River~1|19706|75770|705|08,1524,30,5,0
CYEV|1|YEV|Inuvik Mike Zubko~1|83042|65170|68|06,1829,46,1,1,85.8,,-100,-2200,60,,20,2200,68
CYHT|1|YHT|Haines Junction~1|7892|24540|655|04,1524,30,5,0
CYMA|1|YMA|Mayo~1|36164|41320|504|07,1480,30,5,1,90,,0,-1500,504,,0,1500,500
CYXY|1|YXY|Whitehorse / Erik Nielsen~3|7085|49343|706|14R,2895,46,1,1,158,,1320,-1130,693,259,-1090,869,703,427;14L,2011,30,1,0,159,,998,-463,694,,-690,839,695;02,378,23,1,2,34,,344,-607,694,,663,-165,693,50
CYZW|1|YZW|Teslin~1|1728|72570|705|09,1533,30,5,1,107,,190,-1300,692,,-190,1300,701
CZFA|1|ZFA|Faro~1|22075|66240|717|09,1219,30,5,1,113.7,,220,-1099,717,,-220,1099,711
#CA|S
CAJ2|||Wiley~1|64911|34270|721|16,762,18,5,0
CFC4||XMP|Macmillan Pass~1|31811|97980|1161
CFS4|||Ogilvie River~1|56750|18856|500|02,762,,5,0
CFS7|||Twin Creeks~1|26194|87210|888|08,889,,0,0,,,,,888,,,,876
CMN4|||Minto|26047|27781|905|17,1370,30,5,0,169
CYKD|1|LAK|Aklavik/Freddie Carmichael~1|82233|49940|7|13,915,23,5,1,156,,360,-500,6,,-360,499,6;12,914,23,5,2
CYOC|1|YOC|Old Crow~1|75706|1610|251|04,1494,30,5,1,61.1,,-450,-1600,248,91,220,1499,250,61
CYUB|1|YUB|Tuktoyaktuk / James Gruben~1|94333|69740|5|10,1402,30,5,1,127,,402,-1637,3,61,-442,1608,4,61
CZFM|1|ZFM|Fort Mcpherson~1|74070|51398|35|12,1067,30,5,1,140,,421,-792,34,,-440,880,34
