#US|M
PABR|1|BRW|Wiley Post Will Rogers~i|12854|32340|13|08,2164,46,1,1,90,,-53,-3278,15,,-52,2763,11
PAQT|1|NUI|Nuiqsut~1|2100|89940|12|04,1324,27,5,1,70,,-210,-1600,12,,200,1700,12
PATQ|1|ATK|Atqasuk Edward Burnell Sr~i|4670|25640|29|07,1332,27,5,1,81,,-80,-1700,29,,100,1800,29
PAWI|1|AIN|Wainwright~1|6380|50|12|05,1370,27,5,1,67,,-230,-1699,11,,240,1700,11
#US|S
1AA1|||Kogru River~1|5740|77874|1|06,1707,30,11,0
4AK1|||Inigok~1|38|69220|59|02,1524,46,5,1
AK20|||CD-3~6|4206|91133|2|04,1067,52,5,1,,9
PALN|1|LNI|Point Lonely Short Range Radar Site~9|9111|67622|5|07,1524,30,5,1,,227
PALP|||Alpine~6|3443|90550|5|04,1526,30,5,1,,,,,5,,,,5
PAWT|1||Wainwright Air Station|6139|1367|11|3,914,30,5,1,69,,-200,-869,,,90,1430
US-0252|||Point Barrow Long Range Radar Station~6|13392|33645|3|4/24,1463,,5,0
