#NO|M
ENBS|1|BJF|Båtsfjord~1|6003|96926|149|03,1000,30,1,1,44,,-330,-930,146,,320,940,149
ENBV|1|BVG|Berlevåg~1|8715|90341|13|06,1028,30,1,1,62,,-130,-1430,13,,80,990,9
ENHF|1|HFT|Hammerfest~1|6797|36686|81|04,933,30,1,0,46,,-232,-1011,79,,194,896,79
ENHV|1|HVG|Honningsvåg Airport, Valan|10097|59836|13|08,880,30,1,1,80,,0,-1080,7,,0,1120,13
ENMH|1|MEH|Mehamn~1|10297|78267|12|17,880,30,1,1,170,,380,50,9,,-400,-50,12
ENNA|1|LKL|Lakselv Airport, Banak|688|49735|8|16,2788,45,1,1,175.5,,1240,-290,5,92,-1240,290,8,92
ENVD|1|VDS|Vadsø~1|653|98447|39|07,999,30,1,1,87,,-30,-1100,39,,20,1300,27
#NO|S
ENHK|1|HAA|Hasvik~1|4867|21397|6|11,969,30,1,1,118.8,,170,-920,6,61,-250,1350,3,110
