#AR|M
SAWC|1|FTE|El Calafate - Commander Armando Tola~3|97197|79466|204|7,2550,45,2,1,84.6,,-110,-1750,204,,110,1810,199
#AR|S
SAWT|1|RYO|28 de Noviembre~1|83950|77797|277|06,1932,30,1,0,71,,,,,152,,,,152;14,1200,30,6,2;18,1200,30,6,2
#CL|H
SHSG|1||San Gregorio~2|73785|97955|7|03,20,20,2,1
#CL|L
SCCI|1|PUQ|President Carlos Ibáñez~3|69974|91454|42|07,2790,45,1,1,88.8,,140,-2070,42,,200,2080,34;12,2400,45,1,1,138.9,,510,-1410,42,,-1120,940,34;01,1678,45,1,1,28.7,,-540,-40,37,,780,1160,34
#CL|M
SCFM|1|WPR|Captain Fuentes Martinez~1|67463|96808|32|09,2500,30,1,1,110.1,,390,-1770,19,,-390,1770,32;03,797,30,5,0,46.6,,260,-1390,,,850,-350
SCNT|1|PNT|Lieutenant Julio Gallardo~1|83293|74709|66|10,1764,30,1,1,120,,310,-1030,,,-470,1180
#CL|S
SCDW|||Almirante Schroeders~1|63893|95295|49|12,1495,28,1,0,137.7,,880,-1350,,,-120,180;04,1200,30,1,0,52.1,,-540,-1160,,,90,190
SCID|||Marco Davison Bascur~1|71185|92466|9|5,690,30,3,0
SCIT|||Iván Martinez~1|70450|99672|44|8,670,18,3,0
SCPY|1||Cerro Castillo~1|87398|76646|130|7,900,30,4,0
SCTH|||Tres Chorrillos~1|74747|92761|98|5,785,18,4,0
