#AR|L
SAWG|1|RGL|Piloto Civil Norberto Fernández~3|83912|6911|19|08,2750,45,2,1,86,,-70,-1782,17,74,119,2176,16
#AR|M
SAWE|1|RGA|Gobernador Ramón Trejo Noel~3|62223|22506|20|7,2000,40,1,1,87.5,,-40,-1510,20,,40,1510,13
SAWH|1|USH|Ushuaia - Malvinas Argentinas~3|51567|17042|31|7,2800,45,2,1,86.2,,-90,-2170,26,180,90,2180,23,160
SAWU|1|RZA|Santa Cruz~1|99835|14208|111|7Z/25Z,2000,30,1,2,45,,-680,-550,,,890,1900;07,2000,30,1,1,77.9,,-250,-1360,111,,130,1360,111;17,1288,51,6,2,179.1,,340,-330,,,-810,-300;08,1207,50,6,2,92.3,,-280,-1220,,,-320,460;11,907,46,6,2,124.9,,-270,-1220,,,-740,-180
#AR|S
AR-0316|||Rio Chico~1|83310|7336|21|3,1400,20,6,0;8,1200,20,6,0
AR-0736|||Ushuaia Aeroclub~1|51773|16957|6|16,1615,49,1,0,178.9,,730,-20,5,,-730,30,6
#CL|H
SHAG|1||Anguila 1~2|75007|12757|20
#CL|M
SCGZ|1|WPU|Guardia Marina Zañartu~1|50689|23737|27|08,1440,29,1,1,91.4,,10,-1120,27,,-10,1130,13
#CL|S
SCAZ|1||Azopardo~1|55190|10593|18|10,500,15,4,0
SCBI||DPB|Pampa Guanaco~1|59500|11908|180|8,800,20,1,0
SCBS|||Posesión~1|77074|10670|30|7,1000,30,6,0
SCNY|||Yendegaia~1|51690|11651|50|11,630,18,4,0
SCSB|1|SMB|Franco Bianco~1|72633|6664|32|07,1500,40,6,0,,,,,32,,,,32;01,1200,30,6,0,,,,,32,,,,30
SCSS|1||San Sebastián~1|66838|13427|15|8,1100,25,3,0
