#AR|L
SAZS|1|BRC|Teniente Luis Candelaria~3|88488|88425|846|11,2348,48,1,1,115,,440,-1280,838,,-440,1270,845
#AR|M
SAVB|1|EHL|El Bolsón~9|80568|84677|348|18,1300,30,1,0,189,,540,60,,,-620,-180
SAVE|1|EQS|Esquel Brigadier Antonio Parodi~3|70920|88605|799|5,2400,40,1,1,57,,-180,-850,799,,1000,1620,780,248;8,1200,30,6,0,90.2,,-400,-1170,,,-400,420
SAWP|1|PMQ|Perito Moreno Jalil Hamer~1|34621|90213|430|10,1700,30,1,1,111.8,,270,-1030,,59,-290,1030;11,1343,30,6,0,127.1,,40,-400,,,-690,1000;07,850,40,6,0,87.3,,180,-320,,,220,790
SAZY|1|CPC|Aviador C. Campos~1|99246|88627|783|06,2501,45,1,0,68,,-420,-1360,783,,420,1370,770
#AR|S
AR-0102|||Cholila~1|75195|85431|574|2,900,30,6,0
AR-0134|||El Corcovado~1|64664|85153|600|5,2265,45,1,0;12,1000,30,6,0
AR-0235|||Lago Buenos Aires (Aeroclub Perito Moreno)~9|34237|90521|383|10,1000,30,6,0
AR-0237|||Lago La Esperanza~1|77825|81950|560|10,650,22,6,0
AR-0238|||Lago Nahuel Huapi~9|89033|88220|780|12,1200,60,6,0
AR-0349|||Estancia Tecka~1|63878|89781|720|10,700,22,6,0
AR-0408|||Estancia Caridad~1|62786|87544|740|10,866,18,6,0
AR-0464|||Trevelin~1|69120|85213|379|4,800,18,6,0
SAVA|||Piedra Del Aguila~1|98078|99900|649|5,1065,20,6,0
SAVD|1|EMX|El Maitén~1|79708|88275|718|6,1512,30,6,0;10,1060,30,6,0;2,960,30,6,0
SAVR|1|ARR|D. Casimiro Szlapelis~1|49864|91878|697|8,1400,40,6,0
SAWM|1|ROY|Rio Mayo~1|42961|97544|544|9,1500,30,6,0
SAWR|1|GGS|Gobernador Gregores~1|12169|98500|109|9,1500,30,6,0
SAWS|1|JSM|Jose De San Martin~1|59514|95411|734|9,1500,30,6,0;6,1200,30,6,0
#CL|H
SHAT|1||Atmosphere Helideck|85198|70601|11
#CL|L
SCTE|1|PMC|El Tepual~3|85569|69059|90|17,2650,45,2,1,182,,1610,60,80,,-770,-30,90
#CL|M
SCBA|1|BBA|Balmaceda~1|40840|83105|525|09,2501,45,1,1,99.7,,180,-1590,525,,-190,1600,508
SCCC|1|CCH|Chile Chico~1|34169|83137|326|12,1200,23,1,0,137,,370,-650,,,-420,430
SCCY|1|GXQ|Teniente Vidal~1|44058|78939|311|03,1546,30,1,0,45.6,,-480,-710,311,,480,700,311
SCHR|1|LGR|Cochrane~1|27564|74119|196|07,1020,23,1,0,87.1,,-50,-700,,,0,640
SCJO|1|ZOS|Cañal Bajo Carlos Hott Siebert~1|93888|69390|57|15,1950,36,1,1,155,,890,-510,58,,-700,450,57
SCTN|1|WCH|Nuevo Chaitén~1|72181|71650|29|01,1200,30,1,1,21,,-477,-251,22,,605,328,18
#CL|S
CL-0032|||Meseta Cosmelli~1|32539|74727|290|12,600,20,4,0
SCAC|1|ZUD|Pupelde~1|80957|62034|96|17,1200,30,2,0
SCAH|1||Tolquien~1|75493|64747|168|17,750,14,5,0
SCAL|1||Valchac~1|28849|75213|340|11,500,15,4,0;6,500,15,4,0
SCAP|1|WAP|Alto Palena~1|63885|81945|242|07,876,18,1,0,,,-45,-583,273,,42,596,273
SCAQ|1||Arquilhué~1|98018|79688|180|9,840,20,4,0
SCAS|1|WPA|Cabo Juan Román~9|46008|73297|9|7,1270,23,1,0
SCAY|1||Ayacara~1|76922|72124|24|3,630,18,3,0
SCBC|||Cacique Blanco~1|57689|81358|229|11,600,18,4,0
SCBN|||Cotreumo~1|95994|73386|185|17,600,18,4,0
SCBR|||Lago Brown~1|26081|76825|165|7,840,30,4,0
SCBT|||Rincón Bonito~1|79711|79039|215|7,403,15,4,0
SCCK|||Contao~1|81997|72778|3|6,580,18,3,0
SCCR|||Enrique Mayer Soto~1|22129|64670|1|4,600,18,3,0
SCDD|||Don Dobri~1|87645|74853|69|15,590,15,6,0
SCDH|||Vodudahue~1|75111|76494|30|9,500,15,6,0
SCEA|||El Amarillo~1|69939|75217|330|1,500,15,6,0
SCEB|||Entrada Baker~1|28330|80075|500|12,600,18,3,0
SCEV||FRT|El Avellano~1|89483|66489|149|10,520,18,4,0
SCEX|||Río Exploradores~1|36464|66722|18|7,650,18,3,0
SCEY|||Entrada Mayer~1|17985|76724|472|11,550,18,3,0
SCFC|||Fachinal~1|34517|77813|211|5,780,20,4,0
SCFI|||Fundo Tehuén~1|89080|68730|115|3,500,15,4,0
SCFR|1||Frutillar~1|88692|69353|143|18,820,18,4,0
SCFS|||Los Calafates~1|73211|61033|25|8,630,15,5,0
SCFT|1|FFU|Futaleufú~1|68108|81489|350|09,948,18,1,0,103,,100,-590,,,-100,580
SCFU|||Loncopan~1|99336|74622|270|13,950,20,3,0
SCGA|||Punta Galera~1|99981|63036|36|18,500,16,4,0
SCGF|||Golfo Azul~1|98592|77164|148|11,500,18,5,0
SCGN|||Caleta Gonzalo~1|74364|74003|10|14,575,15,4,0
SCHD|||Chumilden~1|74756|71831|20|2,500,15,3,0
SCHK|||Hueicolla~1|98414|63456|18|17,500,25,4,0
SCHT|||Tic Toc~1|63869|71025|4|2,485,15,4,0
SCHW|||Hualaihué~1|79714|73106|9|14,570,18,3,0
SCIA|||Isla Apiao~1|74003|67878|76|16,600,18,3,0
SCIB|||Butachauques~1|76917|68578|46|16,600,18,3,0
SCIF|||Chollinco~1|97942|77686|101|11,600,25,4,0
SCIH|||Caleta Andrade~1|48509|64869|35|12,680,18,1,0
SCII|||Puerto Ingeniero Ibañez~1|37060|80504|250|15,630,20,4,0
SCIK|||Isla Talcan~1|72556|70331|14|17,755,18,4,0
SCIO|||Laguna Redonda~1|10664|72004|600|4,600,18,3,0
SCJK|1||Juan Kemp~1|91103|76282|140|8,670,20,4,0
SCKD|1||El Cardal~1|95326|73152|160|7,1260,18,1,0
SCKM|||Cochamó~1|85172|76925|40|17,540,20,6,0
SCLD|||Llanada Grande~1|81281|80628|305|12,1050,23,1,0
SCLF|||Calcurrupe~1|97558|77631|102|12,600,20,4,0
SCLJ|||La Junta~1|60219|75866|37|18,900,18,5,0
SCLO|||Leones~1|32344|71817|215|14,600,18,3,0
SCLR|||Los Alerces~1|72191|73548|105|8,500,15,3,0
SCMA|||Puerto Marín Balmaceda~1|62124|70490|3|8,600,30,4,0
SCMK|||Melinka~1|61050|62611|11|18,800,18,1,0
SCND|||Ñadis~1|25293|70699|80|16,635,18,4,0
SCNL|1||Villa Cerro Castillo~1|38700|78541|304
SCNO|||Ñochaco~1|91071|71200|100|13,700,30,4,0
SCOC|||Las Araucarias~1|90089|73389|183|17,600,18,4,0
SCOH|||Villa O'Higgins~1|15308|74357|274|16,1300,23,1,0
SCOL|||Refugio del Lago~1|93106|76544|206|11,500,18,4,0
SCON|||Quellón~1|68633|63650|5|4,1200,24,1,0
SCOO|||Melimoyu~1|59025|69031|6|12,600,18,3,0
SCOP|1||Pilauco~1|94463|68699|65|18,570,18,4,0
SCPB|||Puelo Bajo~1|83378|76978|37|5,575,18,2,0
SCPF|||Marcel Marchant~1|85443|70813|112|1,1000,10,2,0
SCPH|||Puyuhuapi~1|56171|74064|13|18,1050,18,3,0
SCPK|||Puerto Cisnes~1|52407|73022|14|13,600,18,3,0
SCPL|||Calpulli~1|98711|73383|230|17,670,18,6,0
SCPN|1||Pillán~1|74530|75051|10|1,380,15,6,0
SCPQ|1|MHC|Mocopulli~1|76596|62843|161|17,2000,45,1,0,167,,896,103,155,,-898,-94,155
SCPR|1||Corte Alto~1|90590|68311|127|1,600,26,4,0
SCPU|1||Peulla~1|89429|79865|274|2,634,18,4,0
SCPV|1|PUX|El Mirador~1|86506|70533|131|15,780,18,1,0
SCQE|||Quenac~1|75328|66642|50|13,600,25,3,0
SCQM|||Las Quemas~1|93617|68722|76|14,600,15,4,0
SCQO|||Quitralco~1|44194|67744|14|5,600,18,5,0
SCQW|||Quemchi~1|78472|64831|120|18,540,18,3,0
SCQX|||Queilén~1|71069|65236|18|2,620,18,3,0
SCRB|||Río Bravo~1|20095|68577|11|9,700,18,3,0
SCRC|||Villa Tapera~1|53736|83611|500|6,900,18,3,0
SCRE|||Estancia Río Cisnes~1|55000|86783|655|5,800,18,3,0
SCRF|||Laguna San Rafael~1|33605|61383|6|1,900,18,1,0
SCRH|||Reñihúe~1|74144|75056|5|15,500,15,6,0
SCRI|||Río Frío~1|82575|80901|305|12,561,20,3,0
SCRN|||Río Negro~1|80378|75461|3|2,660,18,3,0
SCRQ|||Rucañanco~1|94781|72272|153|18,600,18,4,0
SCRR|||Purrahuín~1|96347|72233|105|15,600,18,4,0
SCRU|||Río Murta~1|35443|73233|183|17,600,21,3,0
SCSQ|||Quilpe~1|96589|66828|48|6,510,16,4,0
SCSR|||Segundo Corral Alto~1|79167|81361|366|7,600,18,3,0
SCST|1|WCA|Gamboa~1|75097|62272|46|15,1000,18,3,0
SCSZ|||Puerto Sanchéz~1|34076|74141|207|12,650,20,3,0
SCTP|||Río Pascua~1|17710|67009|60|12,700,18,3,0
SCUI|||Pumalín~1|72989|71657|5|15,600,18,6,0
SCVE|||Lago Verde~1|57292|80833|311|4,830,20,3,0
SCVS|||Lago Vargas~1|23205|69290|17|18,600,18,3,0
SCVV|||Los Maitenes de Villa Vieja~1|96826|70196|45|18,700,18,4,0
SCXR|||Las Bandurrias~1|96800|77750|100|12,650,18,4,0
SCYC|||La Capilla~1|93722|72378|148|18,500,15,6,0
SCYL|||Licán~1|93586|75889|191|17,600,25,4,0
SCYU|||Cuyumaique~1|90594|69883|135|2,500,18,4,0
SCZB|||Pozo Brujo~1|97947|74319|120|12,750,18,1,0
