#AR|L
SAVC|1|CRD|General Enrique Mosconi~3|42131|25366|58|7,2810,50,2,1,79,,-90,-2000,58,,400,1570,32
#AR|M
SAVH|1|LHS|Las Heras~1|34615|10347|330|9,1400,17,1,1,95,,60,-1020,,63,-50,890,,63
SAVT|1|REL|Almirante Marco Andres Zar~1|67895|47297|43|07,2560,45,2,1,69,,-410,-1470,43,,410,1470,41
SAVV|1|VDM|Gobernador Castello~1|91308|69996|6|10,2550,45,1,1,105.6,,220,-1070,6,,-390,1840,5;2,1510,45,1,0,25.7,,-170,-100,,,1010,650
SAVY|1|PMY|El Tehuelche~1|72408|48973|130|5,2500,45,1,1,58,,-590,-1300,,,600,1290
SAWD|1|PUD|Puerto Deseado~1|22647|40959|82|6,1500,30,1,1,65,,-280,-910,,,290,910
SAWJ|1|ULA|Capitan D Daniel Vazquez~1|6932|21974|62|07,2000,40,2,1,79,,-170,-1350,,,180,1350
#AR|S
AR-0007||CVI|Caleta Olivia~1|36257|24059|11
AR-0011||LMD|Los Menucos~1|91823|19253|784|5,1150,39,6,0
AR-0017||VCF|Valcheta~1|93000|38500|192|9,950,30,6,0
AR-0019|||13 De Diciembre~1|40958|24407|52|7,790,20,1,0;9,742,20,1,0
AR-0260|||Los Perales~1|38092|7197|426|8,1465,30,6,0
AR-0312|||Rawson~1|67056|49356|11|4,1350,30,6,0
AR-0335|||Bahía Dorada~1|81572|49178|36|5,1871,30,1,0
AR-0344|||Stroeder~1|97924|73814|28|16,750,23,6,0;4,600,18,6,0
AR-0390||CPG|Carmen de Patagones~1|92219|70197|40|4,1700,50,6,0;13,800,40,6,0
AR-0494|||Colonia Sarmiento~1|44176|10002|267|09,1600,25,6,0,107
AR-0503|||Gan Gan~a|74786|17121
AR-0677|||Cerro Vanguardia~6|16264|18922|177|09,1500,30,6,0
SA25|||Cañadon Seco~1|34610|24361|90|10,1100,20,1,0,113.4,,0,0,,,-490,1630;6,1100,20,1,0,74.2,,-30,-190,,,230,1170
SA33|||Comandante Luis Piedrabuena~1|49|10469|24|8,1200,20,1,0,89.4,,0,-840,,,10,840
SA34|||Trelew Aeroclub~1|67644|46759|39|13,1749,40,6,0,131,,880,-1140,,,-150,480;8,1650,30,1,0,87,,-50,-1230,39,,40,1230,37;04,1622,35,6,0,44,,-190,-780,,,860,600;01,1370,24,6,0,11,,-210,-590,,,1000,-280
SAVJ|1|IGB|Ingeniero Jacobacci - Captain H R Bordón~1|86791|4251|892|7,2100,30,1,0,80,,-160,-1230,,,160,1230
SAVM|1|OLN|Lago Musters~1|44248|9230|271|14,1200,30,6,2;09,981,30,6,0,109
SAVN|1|OES|Antoine de Saint Exupéry~1|92488|49657|26|12,1800,30,1,0,125.3,,470,-880,,,-470,860
SAVQ|1|MQD|Maquinchao~1|87569|12922|888|6,1150,30,6,0
SAVS|1|SGV|Sierra Grande~1|84083|46606|210|2,1400,30,6,0
