#AU|L
YMHB|1|HBA|Hobart~3|71630|75130|4|12,2727,45,1,1,135,,878,-1198,4,,-859,1160,4
#AU|M
YDPO|1|DPO|Devonport~1|88303|64300|10|06,1838,45,1,1,76,,0,-1099,5,,390,1000,7;14,880,30,4,0,156,,400,-100,4,,-320,300,10
YMLT|1|LST|Launceston~1|84551|72108|171|14R,1981,45,1,1,146,,780,-681,171,,-720,620,167;14L,700,18,4,0,147,,370,320,163,,-170,819,166;18,690,18,4,0,196,,560,720,,,-40,420
YSMI|1|SIO|Smithton~1|91650|50840|9|06,1599,18,1,1,69,,-360,-900,9,,150,900,6,174;10,620,30,5,0,113,,400,101,6,,210,700,7
YWYY|1|BWT|Wynyard~1|90030|57260|19|09,1650,30,1,1,99,,20,-200,19,,-220,1700,10;05,767,30,3,0,65,,-110,-299,19,,180,500,19,15
#AU|S
AU-0324|||Lost Farm Golf Course (Barnbougle)|90013|74873|12|06,1500,,5,0,151,151,-130,-930,15,,270,770,15
AU-0627|YCRN||Cranbourn~9|88388|70151|91|14L,680,,0,0,79,79,,,91,,,,91;14R,680,,4,0,79,79
YBDP|||Flinders Island Aviation (Bridport)|89762|74168||10,758,,5,0,133,133,,,15,,,,15
YBEL|||Bothwell~1|76305|70295|364|09,1460,,0,0
YBFR|||Balfour~1|87410|48861||06,600,,0,0
YBHB|||Bathurst Harbour~1|65787|61621||12,480,,0,0
YBYI|||Bruny Island~1|67658|73800||14,750,,0,0
YCAE|||Campbell Town~1|80328|75305|216|16,1000,,0,0
YCBG|||Cambridge~e|71725|74783|20|12,975,18,1,1,135,,510,-430,20,,-130,369,20;14,774,18,0,0,156,,570,-430,20,,-60,-30,20;09,631,18,1,1,108,,-70,-230,20,,-210,470,20
YCBN||CBI|Cape Barren Island~1|96095|80169|47|08,640,,0,0;12,470,,0,0
YCKD|||Clarke Island~1|94813|81259|60|05,424,,0,0;14,424,,0,0
YDAR|||Darlington~1|74281|80707||08,610,,0,0
YFLI|1|FLS|Flinders Island~1|99083|79930|3|14,1720,,0,0,,,,,5,,,,6;05,1070,,0,0,,,,,5,,,,10
YGTO|1|GEE|George Town~1|89205|68391|40|06R,1000,20,0,0;11,600,20,0,0;06L,550,20,4,0
YGVE|||Glendevie~1|67684|70002||13,609,,0,0
YHTR|||Hunter Island~1|94773|47415|31|01,500,,0,0
YJCO|||Jericho~1|76317|73361|419|01,727,,0,0
YLAG|||Lagoon Bay~1|71131|79549|2|03,620,,0,0
YLDB|||Lady Barron~e|98042|82446||07,1300,,0,0
YLGD|||Longdown~1|83088|71433||15,1000,,0,0;01,400,,0,0
YLHL|||Long Hill~1|86667|65000||13,700,,0,0
YQNS|1|UEE|Queenstown~1|79243|55301|264|09,1250,,0,0,,,,,264,,,,264
YSFY|||Sandfly~1|70177|72093||09,700,,0,0
YSRN|1|SRN|Strahan~1|78450|52920|6|18,1220,,0,0,,,,,19,,,,19
YSTH|1|HLS|St Helens~1|86633|82820|15|08,1070,,0,0,,,,,48,,,,36
YSWA|||Swansea~1|79006|80704|3|03,900,,0,0
YSWI|||Swan Island~1|92704|81165|8|09,449,21,4,0,104
YTUA|||Triabunna~1|74863|78980||12,727,,0,0
YTUN|||Tunbridge~1|78890|73624|227|16,1300,,0,0;07,450,,0,0
YVAF|||Valley~g|81912|72965||13,1150,,0,0
YVAL|||The Vale~1|85700|62633|215|06,1300,33,4,0
YWRT|||Waratah~1|85500|55500||09,610,,0,0
