#NZ|H
NZ-0093|NZKC||Kaikōura Medical Centre Helipad|75956|36810|33|H,30,30,4,0
NZ-0094|NZKJ||Kaikōura Beachfront~2|76051|36809|6|H1,6,7,5,0;H2,6,7,5,0;H3,6,7,5,0
NZ-0095|NZAM||Ashburton Medical Centre Helipad|61059|17478|103|H,10,10,2,0
NZ-0096|NZCV||Chevoit|71912|32653
NZ-0097|NZJJ||Hagley Park Helipad|64632|26220
NZ-0098|NZFR||Fox River~2|65314|20
NZ-0100|NZGD||Geraldine|59029|12431
NZ-0105|NZTS||Tasman~2|87955|30493
NZAL|1||Avalon~2|88132|49440|28
NZBW|1||Burwood~c|65204|26870|5
NZDC|1||Dunedin City~2|41174|5079|2|H,9,9,2,1
NZDH|1||Dunedin Hospital Helipad|41311|5097|48|H,13,13,2,1
NZEV|1||Eves Valley~2|86602|30776|38
NZFH||FGL|Fox~2|65369|0
NZHR|1||Hanmer Hanmer Medical Centre~2|74798|28227|370
NZMH|1||Wairarapa~c|90525|56754|112
NZMV|1||Methven~2|63650|16545
NZRN|1||Ranfurly Medical Centre~2|48703|1107
NZTP|1||Tekapo/Mackenzie~2|59870|4066
NZTW|1||Twizel Medical Centre Helipad|57389|977
NZTZ|1||Timaru Hospital Helipad|55907|12556
NZWH|1||Wellington Hospital Helistop|86915|47794|50
#NZ|L
NZCH|1|CHC|Christchurch~3|65110|25321|37|02,3288,45,1,1,41,,-860,-1010,37,,1400,1590,28;11,1703,45,1,1,131,,440,-711,35,,-570,890,29;01,515,70,4,0,37.7,,240,-109,,,630,290
NZWN|1|WLG|Wellington~3|86732|48069|12|16,1936,45,1,1,183,,940,11,12,64,-800,-90,7,64
#NZ|M
NZDN|1|DUD|Dunedin~3|40710|1978|1|03,1900,46,1,1,56,,-490,-1080,1,,460,1019,1
NZGT|1|GTN|Glentanner~1|60933|1280|556|15,965,30,1,0,171,,60,-100,535,,-800,100,542
NZHK|1|HKK|Hokitika~9|72864|9850|45|03,1314,30,1,1,57.9,,-18,-555,36,80,624,790,33,80;12,1176,18,1,0,147,,300,-101,35,,-610,700,45
NZMC|1|MON|Mount Cook~1|62350|1330|656|13,1572,30,1,0,155.2,,500,-300,656,44,-780,500,635,55
NZMS|1|MRO|Hood~1|90254|56345|111|06C,1250,23,1,1,78,,50,-649,110,,280,750,101,130;06R,1060,30,4,0,74.2,,-260,-450,107,,-10,651,101,210;10,1042,30,4,0,122.1,,240,-750,111,81,-260,350,104,61;06L,450,20,4,0,87,,60,-649,,,70,-150
NZNS|1|NSN|Nelson~1|87033|32243|5|02,1347,45,1,1,42,,-600,-430,3,,310,570,4;02L,731,60,4,0,41.7,,,,4,,,,5,84;17,600,60,4,0,186.7;06,526,24,4,0,83,,57,-731,4,,125,-13,4
NZOH|1|OHA|RNZAF Base Ohakea|97940|53880|50|09,2447,45,1,1,109,,380,-1500,46,148,-340,1199,45;15,2133,45,1,1,168.2,,770,-301,50,640,-1080,200,40,640;09L,575,27,4,0,109
NZOU|1|OAM|Oamaru~1|50300|10820|30|18,1283,30,1,1,207,,814,314,29,,-215,-415,30;11,947,50,6,0,136.7,,170,99,28,,-420,900,26,100;02,846,50,6,0,42.9,,170,99,28,,690,800,26
NZPM|1|PMR|Palmerston North~1|96794|56170|46|07,1902,45,0,0,,,,,37,,,,46;07L,1902,45,1,1,90.4,,-80,-1400,37,139,-80,901,46,80;07R,608,60,4,0,90.4,,,,35,,,,45
NZPP|1|PPQ|Paraparaumu~1|90953|49890|7|16R,1350,45,1,1,180.7,,730,-99,5,128,-520,0,5,209;11L,1026,30,1,0,134,,610,-400,5,152,-20,500,6,110;16L,610,90,4,0,180.7;11R,410,90,4,0,133.7
NZTU|1|TIU|Timaru~1|56972|12250|27|02,1280,45,1,1,42.5,,-30,-401,26,,830,600,26;02L,1188,60,4,0,40,,140,-401,26,,940,600,26;11,1113,90,4,0,133,,250,1,27,,-420,1000,23,111
NZUK|1|TWZ|Pukaki~1|57650|1180|480|15,1082,16,1,0,171.5,,140,0,480,,-810,200,464,40
NZWB|1|BHE|Woodbourne~1|84817|38700|33|06L,1425,60,6,0,88,,200,-901,32,,250,801,24;06R,1425,45,1,1,86,,0,-901,33,,90,801,24;10,1182,90,6,0,126.3,,470,-600,29,,-140,500,27,30
NZWS|1|WSZ|Westport~1|82629|15790|4|04,1280,30,1,1,57.8,,-460,-600,4,,210,700,4
#NZ|S
NZ-0005|||Lake Haupiri/Gloriavale Christian Community~1|73988|16990|183|11,703,8,3,0
NZ-0092|NZAN||Anama airstrip|62062|13939|305
NZ-0102|NZHM||Hanmer Springs~e|74302|27973
NZAS|1|ASG|Ashburton~1|60967|17970|92|06,1388,90,4,0,88,,,,89,356,,,87,120;16,1080,45,4,1,181,,,,91,144,,,85,146;11,1024,90,4,0,132,,,,91,134,,,87,126;02,897,60,4,0,47,,,,85,234,,,88,230
NZDV|1||Dannevirke~e|97683|60794|194|02,1200,30,4,0,18,,,,183,,,,190,110;08,696,25,4,0,,,,,194,150,,,191,90
NZFE|1||Fernside Fields~j|66825|25120|59
NZFF|1||Forest Field~e|66142|23610|116|18,1000,40,4,0,,,,,121,80,,,121,155;10,750,50,4,0,,,,,123,70,,,118,160;05,730,50,4,0,,,,,122,135,,,119,125
NZFI|||Feilding~1|97442|56050|65|10,1029,14,1,1,119,,220,-499,65,,-230,599,65
NZFJ||WHO|Franz Josef~e|66369|1340|73|10,801,9,1,0
NZFT|||Flat Point~e|87566|59602|14|17,500,12,4,0
NZGM|1|GMN|Greymouth~1|75383|11900|3|01,1091,,2,1,348,,-435,-282,4,,305,325,2
NZKI|1|KBZ|Kaikoura~1|75750|36050|6|05R,700,10,1,0,,,,,6,,,,6;05L,615,25,4,0,,,,,6,,,,6
NZMK|1|MZP|Motueka~1|88767|29890|12|02,781,11,1,0;02R,733,30,4,0
NZMT|||Martinborough~1|87858|54860||11,749,30,5,0
NZOT|1||Otaki~1|92144|51513|35
NZPN|1|PCN|Picton~e|86539|39560|49|18,840,,0,0
NZRI|||Rangitata Island~1|59150|14160|88|12,1040,30,4,0,,,,,88,,,,82;03,545,50,4,0,,,,,82,,,,81
NZRT|1||Rangiora~9|67100|25420|55|07,1180,60,4,0,,,,,62,240,,,56,225;10,583,60,4,0,,,,,55,,,,55,22;04,515,35,4,0,,,,,55,18,,,55
NZSF|1||Springfield~1|66164|19113|371
NZTK|1|KTF|Takaka~1|91867|27750|31
NZTL|||Tekapo~e|59947|4440|761|11,950,11,3,0,,,,,,110
NZWL|1||West Melton~e|65227|23932|95|04,997,81,4,0,64,,,,93,,,,86;17,690,80,4,0,194,,,,85,,,,90;11,636,90,4,0,134,,,,91,,,,87;04B/22B,612,15,1,0,64,,,,93,,,,86
NZWM|1||Waimate~1|52097|10901|24
