#NZ|H
NZ-0101|NZGO||Gore Hospital|38973|89386
NZ-0104|NZLM||Lumsden Medical Centre~2|42590|84423
NZHC|1||Wanaka Lakes Health Centre~2|52907|91365|337|H,13,13,2,0
NZON|1||Oban~2|30993|81245
NZTC|1||Tapanui Medical Centre Helipad|40619|92634
NZTX|1||Te Anau Medical Centre~2|45838|77199
#NZ|L
NZQN|1|ZQN|Queenstown~1|49808|87464|357|05,1891,45,1,1,76,,-92,-1148,354,60,276,1196,357,52;14,890,10,1,0,165,,202,-549,356,10,-557,-183,353,20
#NZ|M
NZLX|1|ALR|Alexandra~e|47895|93711|229|14L,1200,60,4,0,159.6,,470,-110,228,,-530,390,229;14R,1200,30,1,0,160.1,,490,-210,228,,-540,289,229;01,652,60,4,0,33.9,,-280,-310,229,72,270,89,229
NZMO|1|TEU|Manapouri~1|44669|76500|209|08,1081,30,1,0,101.8,,140,-699,209,,-30,601,208
NZNV|1|IVC|Invercargill~1|35876|83130|2|04,2210,45,1,1,65,,-640,-1201,2,180,200,1400,1,170;12,913,25,4,0,140.9,,270,0,2,42,-340,701,2,31;04R,695,20,4,0,64.6,,-150,0,,36,100,800;07,426,20,4,0,92.6,,80,600,,,70,1101,,15
NZWF|1|WKA|Wanaka~1|52779|92463|348|11,1200,30,1,0,138.5,,400,-430,348,,-410,471,341
#NZ|S
NZ-0022|NZCW||Cromwell/Louburn~1|50172|92157|308|18,1548,46,6,0,200,,1020,529,300,,-280,-170,302
NZBA|1||Balclutha~e|37543|97489|7|07,666,23,4,0,101.4,,,,7,,,,5
NZCB|1||Centre Bush~e|39600|83120|78|16,686,60,4,0,,,,,78,25,,,75,25
NZCS|1||Cromwell Racecourse~e|49514|91710|261
NZGY|||Glenorchy~1|51283|83980|384|14,675,30,4,0
NZHT|||Haast~e|61347|90410|4|16,700,60,5,0
NZMF|1|MFN|Milford Sound~1|53267|79230|3|11,792,21,1,0,,,,,1,,,,3
NZMW|||Makarora~6|57683|92300|348|15,600,30,4,0
NZRC|1|SZS|Ryan's Creek~e|31003|81010|19|04,800,16,1,1,65,,,,88,,,,86,67
