#AR|M
SAHZ|1|APZ|Zapala~1|10245|98864|1015|9,2200,40,1,0,98.3,,140,-1260,,122,-140,1260,,122
#AR|S
AR-0246|||Las Ovejas~1|30003|92581|1200|16,1199,30,1,0
AR-0431|||Hosteria San Huberto~1|2961|88300|856|12,600,20,6,0
LCP||LCP|Loncopue~1|19181|93561|1106|9,1600,30,1,0,99,,90,-910,,,-130,900
SA38|||Las Lajas~1|14611|96629|850|10,1600,30,1,0,107.6,,210,-870,,,-220,880
SAHC|1|HOS|Chos Malal~1|25553|97775|850|12,1500,30,1,0,125,,390,-700,,,-390,710
SAHE||CVH|Caviahue~1|21486|89908|1657|4,1600,30,6,0
#CL|H
CL-0040|SHGF||Gustavo Fricke Hospital Helistop|69707|84569|74|H,20,20,2,1
CL-0041|SHRZ||Reitz Building Two Helistop|69570|84833|73|13,20,20,2,1
CL-0042|SHOL||Santa Laura~2|70096|87821|134|22/36,25,25,4,0
CL-0043|SHBI||Quillota-Petorca Biprovincial Hospital Helistop|70981|87471|139|04,27,27,2,1
SHAB|1||Aguas Blancas~2|73345|85597|31
SHAC|1||ACHS Worker's Hospital Helipad|65563|93679|600
SHAL|1||Los Paltos~2|62745|90696|298
SHAP|1||Dr. Alejandro del Río Public Assistance Hospital Helipad|65557|93619|584|,24,18,2,0;X,23,17,2,2
SHAU|1||Santa Rosa~2|57448|89694|296
SHAV|1||Alta Vista~2|73783|86005|134
SHCM|1||Corporativo Mutual~2|65607|93620|640|15/36,15,15,2,0
SHHN|1||Admiral Nef Naval~c|70005|84578|61|H,26,26,2,1
SHIC|1||Curicó Provincial Hospital Helistop|50202|87862|253|17,19,19,2,1
SHJO|1||San José Hospital Helipad|65839|93469|569
SHLJ|1||Los Junquillos~2|50439|80399|301|04,14,14,2,0
SHMM|1||Marga Marga Hospital Helistop|69327|86257|210
SHNB|1||Ñuble Regional Hospital Helistop|33802|78818|145
SHOH|1||Military School~2|65911|94191|657
SHOR|1||Isidora el Bosque Building Helistop|65855|93986|714
SHPH|1||Santa Teresa~2|64451|91846|442|04,19,19,2,0
SHST|SHSH||Santiago~2|66179|93744|588
SHTC|1||Edificio Corporativo CTC~2|65630|93674|728
SHTL|1||Torre Ligure Helipad|31723|69475|55
SHVE|1||Valle Escondido~2|66537|95122|990
SHVI|1||Villarica Park Lake~2|6979|79110|245
SHVN|1||Vía Naranja~2|66317|94355|831
SHWT|1||World Trade Center~2|65836|93946|689
SHXE|1||ETXEA Helistop|66514|95067|1020
SHYA|1||Sumaya~2|63231|94526|684
#CL|L
SCEL|1|SCL|Comodoro Arturo Merino Benítez~3|66070|92142|474|17L,3750,55,1,1,178,,1690,-90,472,,-1690,60,474,549;17R,3750,45,1,1,177,,2110,-1790,473,,-1390,-1610,472
SCIE|1|CCP|Carriel Sur~3|32276|69372|8|02,2600,45,1,1,25,,-964,-580,8,,1159,659,5;02R,1972,30,1,1,25,,,,7,,,,5
SCQP|1|ZCO|La Araucanía~3|10741|73485|101|01,2440,45,1,1,,,-1050,-425,96,,1050,407,96
#CL|M
SCCH|1|YAI|Gral. Bernardo O´Higgins~1|34175|79686|151|04,1750,30,1,1,45,,-560,-690,152,,560,690,152
SCRG|1||La Independencia~1|58263|92243|491|03,1603,23,1,0,36,,-620,-540,,90,610,540
SCTC|1|PZS|Maquehue~1|12332|73629|93|06,1700,45,1,1,67.2,,-300,-900,87,,300,900,93
SCTL|1|TLX|Panguilemo~1|46222|83983|113|03,1116,24,1,0,38.9,,-390,-380,,,390,390
SCTO|1|ZIC|Victoria~1|17544|76514|350|01,1060,18,1,0,18,,-450,-180,,,460,180
SCVD|1|ZAL|Pichoy~1|3500|69139|18|17,2094,45,1,1,178.4,,950,-40,18,,-940,30,16
SCVM|1|KNA|Viña del Mar~1|70504|85214|141|05,1756,30,1,1,52,,-480,-740,141,,480,740,130
#CL|S
CL-0010|||Mónaco~1|57364|80325|145|03,462,,4,0
CL-0012|SCAV||Achibueno~1|38580|86260|510
CL-0017|||Peldehue~e|68814|93169|670|14,1500,30,1,0,,,-554,-74,670,,796,-74,670
CL-0045|SCAD||Grupo Tamarena~1|62838|90263|267|08,800,18,0,0
SCAB|1||El Alba~1|63412|87099|137|9,510,17,4,0
SCAD|||Santa Adriana~1|93714|87269|170|7,700,18,5,0
SCAG|||Agua Santa~1|54485|86641|145|18,1000,18,5,0
SCAI|1||Curacautín~1|15685|80770|508
SCAJ|||Las Alpacas~1|38547|82369|168|2,530,30,4,0
SCAK|1||Atacalco~1|30806|84222|720|13,650,25,4,0
SCAM|||Alempue~1|51350|88981|330|12,675,18,4,0
SCAN|1|LOB|San Rafael~1|71861|93534|750|5,752,18,1,0
SCAO|1||Palo Alto~1|52675|82592|85|8,820,18,4,0
SCAU|1||Juan Enrique~1|61062|91145|385|18,593,15,6,0
SCBB|||Del Bío Bío~1|24128|74964|76|1,654,18,3,0
SCBD|||El Boldal~1|53156|87939|175|11,750,18,4,0
SCBL|||El Porvenir~1|67269|84747|301|12,500,16,6,0
SCBQ|||El Bosque~1|64382|93116|562|02,1836,40,2,1,28.8,,-720,-480,,,720,480
SCBV|||Bellavista~1|48103|87033|270|18,650,18,4,0
SCCA|||El Boldo~1|40286|77750|160|18,871,18,1,0;9,700,20,4,0
SCCB|||Pedro Villarroel C.~1|87781|89297|915|1,900,30,6,0
SCCE|||El Arenal~1|41036|79442|121|2,710,18,6,0
SCCG|||La Pelícana~1|89361|90456|850|10,600,30,6,0
SCCM|||Molco~1|1750|79175|146|8,840,18,1,0
SCCN|||Alto Cauquenes~1|41197|76728|173|18,700,18,6,0
SCCQ||COW|Tambillos~1|98011|87531|200|2,750,18,6,0
SCCS|||Santa Rita~1|67225|85436|225|3,700,18,4,0
SCCT|||Quivolgo~1|46914|76072|11|6,800,18,6,0
SCCU|||Lolco~1|18419|85761|650|18,1500,35,4,0
SCCV|1||Curacaví~1|65872|88344|203|11,800,18,1,0
SCDI|||Pichidangui~1|78569|84947|30|4,600,18,6,0
SCDL|||El Algarrobo~1|75281|90069|290|16,450,15,6,0
SCDM|||San Damian~1|51219|78544|67|2,570,18,6,0
SCDQ|||San Lorenzo~1|24767|82739|580|14,950,30,4,0
SCDS|||San Andrés~1|39944|82333|175|5,500,16,6,0
SCED|||Los Cedros~1|48450|84147|93|1,850,18,5,0;8,850,18,5,0
SCEG|||El Corte~1|62900|90869|312|11,500,16,5,0
SCEK|||Chépica~1|52603|86753|186|14,650,18,6,0
SCEO|||El Salto~1|38697|81425|172|3,600,16,6,0
SCEP|||El Principal~1|62750|94897|790|7,530,18,6,0
SCER|||Quintero~1|72098|84783|4|18,2450,29,2,0,,,305,372,,178,-1884,91;02,1200,50,2,0,22,,-500,-240,4,,501,230,3
SCFJ|||Fray Jorge~1|93200|84214|150|4,450,15,5,0
SCFK|||Fundo El Carmen~1|33582|79881|170|9,600,18,4,0
SCFL|||Fundo Loma Larga~1|67200|86208|265|3,900,20,6,0
SCFO|||La Reforma~1|45419|87189|260|11,650,18,6,0
SCGB|||Guadaba~1|20222|70706|83|9,500,18,4,0
SCGE|1|LSQ|María Dolores~1|25983|75746|114|18,1700,30,1,1,185.3,,760,80,111,,-770,-90,113
SCGH|||Cholguahue~1|25303|78614|223|18,600,18,6,0
SCGI|||San Guillermo~1|39989|81706|151|17,700,30,5,0
SCGL|||Las Aguilas~1|58308|84689|137|18,800,30,3,0
SCGM|||Los Gomeros~1|56389|91181|315|2,565,15,6,0
SCGO|||Los Confines~1|22053|73128|73|18,800,18,1,0
SCGS|||Siberia~1|28228|79203|220|16,950,25,9,0
SCGY|||Los Guayes~1|9469|80064|400|17,599,18,4,0
SCHC|||Chicureo~1|67322|93528|575|5,1000,30,6,0
SCHE|||Rucamanqui~1|28003|81033|345|18,750,20,4,0
SCHG|||Almahue~1|56014|86289|128|10,600,18,6,0
SCHL|||Hacienda Lipangue~1|66647|90889|532|6,612,18,6,0
SCHM|||Punta El Saco~1|15900|60992|7|11,700,18,4,0
SCHN|||Chan Chan~1|1342|78686|139|1,800,25,4,0
SCHO|||Punta Chungo~1|81172|85236|76|4,600,30,5,0
SCHP|||Copihue~1|39225|82203|168|3,985,18,4,0
SCIC|1||General Freire~1|50333|87836|220|01,800,18,1,0
SCIL|||Aucó~1|84222|88892|433|02,1140,22,1,0,26,,-460,-260,,,460,250
SCIM|||Isla Mocha~1|16150|61311|16|18,800,18,2,0
SCIR|||Robinson Crusoe~1|63350|10703|132|14,860,18,1,0
SCIS|||Puerto Sur~1|29739|64931|6|2,800,18,2,0
SCJC|||James Conrad~1|34195|72276|161|7,500,18,6,0
SCJS|||José Abel Sepúlveda~e|37659|79405|148|02,500,15,4,0
SCKA|1||Santa Marta~1|35092|81093|176|6,570,18,4,0
SCKB|1||Llollenorte~1|9391|83126|500|7,500,18,4,0
SCKE|1||Piedra Negra~1|41452|73536|50|4,635,18,6,0
SCKI|1||Los Lirios~1|50932|87975|250|3,600,18,6,0
SCKL|1||Lipangui~1|66633|91489|475|16,450,15,6,0
SCKO|1||Agua Buena~1|20061|77500|433|18,600,16,4,0
SCKQ|1||Curimanque~1|6731|79728|450|9,620,20,4,0
SCKT|||Torreón~1|35006|73201|66|13,600,20,5,0
SCLA|||General Tovarías~1|14572|75453|213|,1189,,4,0
SCLB|||Los Pehuenches~1|23419|63706|179|18,800,18,1,0
SCLC|||Municipal de Vitacura~1|66192|94178|693|08,550,10,1,0
SCLG|||La Aguada~1|46572|82231|75|4,750,18,6,0
SCLI|||Torca~1|52167|79492|20|2,755,10,1,0
SCLK|||Lago Colico~1|9425|79258|350|11,760,20,4,0
SCLM|||Las Mercedes~1|45000|81192|75|16,725,18,4,0
SCLN||ZLR|Municipal de Linares~1|41383|84514|180|1,1000,18,6,0
SCLQ|||Diego Portales~1|75475|87411|76|8,770,20,6,1
SCLS|||Esperanza~1|14511|78542|375|18,530,16,4,0
SCLT|||Topocalma~1|58878|80619|12|08/24,672,19,6,0
SCLU|||La Laguna~1|56475|83361|161|1,600,18,6,0
SCLV|||La Viña~1|78619|86019|265|17,500,18,6,0
SCLY|||La Playa~1|27836|67669|10|5,958,18,3,0
SCME|||Los Cuatro Diablos~1|63239|88567|201|8,560,20,6,0
SCMF|||Malloco~1|7442|76567|285|6,750,20,4,0
SCMG|||Santa María de Mingre~1|44294|79961|175|18,815,20,4,0
SCMH|||La Esperanza~1|57128|84417|165|17,700,20,3,0
SCML|||Melipeuco~1|11439|81875|423|6,1000,18,6,0
SCMO|||Los Monos~1|48097|85814|175|4,720,18,6,0
SCMP|||Melipilla~1|63261|88064|175|8,532,18,6,0
SCMR|||Las Aguilas Oriente~1|58308|84689|137|18,800,15,5,0
SCMS|||Las Moras~1|39897|84056|156|2,600,18,4,0
SCMU|||Panilonco~1|57189|80531|175|5,693,22,5,0
SCMV|||Viña San Pedro~1|48942|86722|225|3,820,17,6,0
SCMZ|||Marina de Rapel~1|58483|85542|105|3,530,15,6,0
SCNA|||Fundo La Caña~1|40236|84028|160|4,870,18,6,0
SCNH|||Ainhoa~1|13167|77561|302|10,500,18,4,0
SCNI|||Santa Eugenia~1|35628|78408|125|2,650,20,4,0
SCNK|||Los Pelambres~1|81269|93817|1220|2,900,20,1,0
SCNM|||Las Misiones~1|22239|66164|77|18,900,23,4,0
SCOA|||Estancia Los Loros~1|92106|83817|250|17,600,18,6,0
SCOB|||Tabalí Bajo~1|93567|85981|223|8,600,18,6,0
SCOE|||San Miguel~1|50378|89836|460|9,500,14,6,0
SCOM|||Olmué~1|70029|88283|121|5,500,15,4,0
SCOT|||Santa Rosa de Tabalí~1|93235|85990|240|07,940,12,1,0,70.2,,-150,-460,,,140,470
SCOV|1|OVL|El Tuqui~1|94408|88244|335|04,1150,23,0,0,,,-405,-436,342,,381,349,342
SCOY|||Huayanay~1|95694|84678|50|15,890,20,3,0
SCPC|1|ZPC|Pucón~1|7072|80841|260|09,1700,30,1,1,102.6,,170,-970,,,-170,980
SCPG|||Municipal de Panguipulli~1|3467|76397|287|2,670,26,4,0
SCPI|||Pullami~1|34133|81922|245|2,1000,18,0,0
SCPM|1||Pichilemu~1|56043|79804|25|04,591,18,1,0,,,,,23,,,,35
SCPO|1||Los Paltos~1|56719|90358|265|2,500,15,6,0
SCPT|1||La Puerta~1|53869|86242|155|17,670,18,5,0
SCPW|1||Peumo~1|55912|88319|170|10,610,18,6,0
SCQC|||La Colmena~1|16669|74131|251|3,800,30,4,0
SCQI|||Icalma~1|12667|87819|1160|7,730,20,6,0
SCQK|||Lequecahue~1|16373|65102|67|18,727,18,1,0
SCQL|||El Boco~1|71489|87536|140|1,500,10,4,0
SCQR|||Los Morros~1|38774|71951|2|17,700,14,8,0
SCQT|1||Las Tacas~1|99036|86359|43|17,1094,20,1,0,174.8,,490,-50,,,-490,50,,194
SCQY|||Villa Portales~1|15501|86452|970|09,940,18,1,0,91,,10,-590,,49,0,580
SCRD|1|VAP|Rodelillo~1|69319|84425|335|18,850,20,1,0,,,350,81,335,,-403,-82,335
SCRL|||La Estrella~1|57989|85183|121|17,600,45,4,0
SCRO|||Santa Bárbara~1|50411|88172|433|9,600,18,6,0
SCRP|||Rapelhuapi~1|58942|84872|173|16,920,30,6,0
SCRS|||El Rosario~1|65111|85944|245|11,1000,18,0,0
SCRT|||El Almendro~1|40394|82067|148|18,780,20,6,0
SCRV|||La Verónica~1|13886|78711|390|8,800,18,4,0
SCRW|||Rucalonco~1|54514|79547|73|3,900,15,6,0
SCRZ|||El Carrizal~1|55567|82939|150|11,550,18,4,0
SCSD|||San Fernando~1|54342|90317|329|02,950,18,1,0
SCSF|1|SSD|Víctor Lafón~1|72542|92950|659|16,1050,30,1,0
SCSG|||San Gerónimo~1|66467|83739|104|9,500,15,5,0
SCSH|||El Budi~1|9372|68300|25|2,810,28,4,0
SCSJ|||San Javier~1|43703|83003|110|17,586,15,1,0
SCSK|||Colorado~1|43369|86964|430|17,700,18,4,0
SCSN|||Santo Domingo~1|63436|83856|75|05,800,18,1,1,53,,-230,-490,71,,170,230,75
SCSO|||Costa del Sol~1|58792|84728|119|14,643,30,3,0
SCSP|||El Sobrante~1|77764|92000|780|11,620,18,6,0
SCSU|||Santa Lucía~1|10808|76333|215|8,600,18,4,0
SCSV|||Viñasutil~1|55511|86142|130|16,670,18,5,0
SCTA|||Santa Luisa~1|22561|82900|554|16,600,18,4,0
SCTB|||Eulogio Sánchez~1|65437|94533|649|01,1000,30,1,1,12.8,,-500,-130,649,,510,140,649,168
SCTM|||La Montaña~1|50311|90667|600|10,800,18,6,0
SCTR|||Traiguén~1|17286|73375|247|18,800,18,1,0
SCTS|||Santa Teresa del Almendral~1|64244|87392|175|1,800,18,5,0
SCTU|||Litueche~1|58894|82842|240|3,635,20,6,0
SCTW|||El Tapihue~1|66797|86639|285|3,500,15,4,0
SCUL|||El Litral~1|32032|75827|66|17,600,30,5,0
SCUM|||La Obra~1|46994|86697|205|3,500,18,4,0
SCUN|||Uni Frutti~1|51869|89539|290|4,849,18,6,0
SCUP|||Lontuecito~1|47178|87636|325|3,840,20,4,0
SCUR|||Rucamalen~1|31881|78328|145|1,800,20,4,0
SCUT|||Verfrut Sur~1|37875|84556|345|16,840,18,5,0
SCUZ|||Aerosanta Cruz~1|53508|86139|153|13,655,17,5,0
SCVA|||Viñamar~1|66431|86458|285|1,590,15,5,0
SCVB|||Hospital Villa Baviera~1|35997|84367|317|11,700,20,4,0
SCVF|||Verfrut~1|59928|86081|135|16,840,18,6,0
SCVG|||El Vergel~1|1706|75117|250|6,570,18,4,0
SCVH|||La Victoria de Chacabuco~1|69492|92911|652|3,1000,20,6,0
SCVI|||Villarrica~1|6833|77713|288|15,1000,18,1,0
SCVJ|||Paredes Viejas~1|56042|84547|137|11,600,18,6,0
SCVK|||El Alamo~1|51522|79778|10|13,800,18,6,0
SCVL|1||Las Marías~1|2031|67583|4|17L,1250,16,2,0,183.1,,580,60,,,-590,-20
SCVN|||Huancara~1|99674|92579|600|10,810,25,1,0
SCVO|||María Ester~1|17681|75167|298|6,650,20,4,0
SCVQ|||Cuatro Pantanos~1|51628|79350|25|7,600,16,4,0
SCVT|||Viña Tarapacá~1|62339|90761|325|9,665,18,1,0
SCXA|||Alupenhue~1|47606|89292|488|15,600,17,5,0
SCXB|||Las Brujas~1|82133|89889|452|9,800,27,6,0
SCYB|||Trilahue~1|28828|75889|129|18,1000,18,0,0
SCYR|||Los Maitenes~1|39683|82589|164|3,700,15,4,0
SCZC|||Casas Viejas~1|74047|86528|80|7,450,15,6,0
SCZE|||Estero Seco~1|62550|94506|750|16,655,18,5,0
