#ZA|L
FACT|1|CPT|Cape Town~3|60260|86043|46|01,3201,61,1,1,346,,-1370,460,44,,1420,-430,45;16,1701,46,1,1,136,,1260,-680,44,,170,610,46
#ZA|M
FALW|1|SDB|Langebaanweg~1|70311|81603|33|02R,2344,46,1,1,1,,-1080,570,33,,1000,620,31;02L,2341,46,1,1,1,,-1070,170,32,,1040,220,33,299;16,1991,46,1,1,136,,300,-650,31,210,-1000,820,33;07,1504,46,1,0,46,,60,-810,31,,1000,350,31
FARS|1|ROD|Robertson~1|61878|99028|195|10,1500,15,1,0,80,,-20,-140,,,220,1520;14,730,18,4,0,113,,140,-400,,,-110,330
FASD|1||Saldanha/Vredenburg~1|70359|79693|15|02,1422,25,1,1,358,,-640,30,,,650,-30
FAVR|1|VRE|Vredendal~1|83590|85448|101|08,1300,18,0,0,57,,-320,-570,100,,330,570,100
FAYP|1||Ysterplaat Air Force Base|60998|84983|16|02,1585,23,1,1,356,,-720,60,13,,710,-60,16
#ZA|S
FACV|||Calvinia~1|84997|97259|991|09,1250,15,1,0,67,,-220,-610,,,220,610
FACW|1||Clanwilliam~1|78230|88819|127
FADX|||Delta 200~6|63505|84719|67|20,735,9,1,0,,,,,67,,,,67
FASH|1||Stellenbosch~1|60190|88223|90|01,760,,1,1
FAWC|1||Worcester Glider~1|63369|94153|205
FAWN|1||Cape Winelands~1|62300|87400|122|05,900,20,9,0;14,700,,2,0,,,,,122,,,,122
ZA-0120|||Morningstar~9|62411|85482|61|02,645,12,0,0,20,,,,61
ZA-0321|||Black Oystercatcher|53689|98275|14|14,1000,30,4,0,120,,,,14,,,,14
ZA-0355|FAAA||Atlantic~e|64118|86182|73|02,884,23,1,1,352,,-422,55,72,32,362,-51,75,32
ZA-KIG||KIG|Koingnaas~1|98129|72827|69
