#AR|B
AR-0136|||El Manantial~1|48057|16406|15|8,790,30,6,0
#AR|L
SABE|1|AEP|Aeroparque Jorge Newbery|54406|15845|5|13,2350,45,1,1,124,,550,-960,5,,-510,940,5,127
SAEZ|1|EZE|Ezeiza International Airport - Ministro Pistarini|51778|14642|20|11,3300,60,1,1,102.3,,310,-1770,19,,-320,1760,20;17,3105,45,1,1,164,,1390,190,19,,-1300,1120,20,300
#AR|M
SAAC|1|COC|Comodoro Pierrestegui~1|87031|20034|34|4,1600,30,1,1,28,,-640,-400,34,,640,390,25
SAAG|1|GHU|Gualeguaychu~1|69944|13872|23|1,1330,30,1,1,1,,-610,-100,23,,580,-60,16
SADF|||San Fernando~1|55468|14104|3|5,1801,30,1,1,44,,-660,-750,3,,580,680,3
SADL|1|LPG|La Plata~1|50278|21053|22|2,1427,45,1,1,13.9,,-330,-30,21,,920,350,21,151;14,1190,23,1,2,138.8,,190,-680,,,-790,360
SADP|1|EPA|El Palomar~1|53901|13874|18|17,2110,45,2,1,165.3,,870,-440,13,200,-880,440,18,200
SARM|1|MCS|Monte Caseros~1|97281|23598|52|18L,1318,30,6,0,173,,730,30,,,-450,170;18,1240,30,6,0,173,,520,-70,,,-520,70
SAZL|1|SST|Santa Teresita~1|34577|32782|3|17,1500,30,1,1,170,,660,-140,,,-670,150
SAZM|1|MDQ|Ástor Piazzola~3|20658|24267|22|13,2200,45,1,1,123,,530,-1060,22,,-530,1040,19
SAZO|1|NEC|Necochea~1|15093|11837|22|18,1500,30,1,1,183,,780,70,,,-570,-30;17,1100,30,6,0,175,,560,710,,,-420,830;13,799,18,6,0,130,,100,200,,,-360,910
SAZT|1|TDL|Héroes de Malvinas~1|27654|7714|175|1,2550,48,2,1,5,,-1110,-130,175,,1170,120,167
SAZV|1|VLG|Villa Gesell~1|27646|29708|10|11,1591,28,1,1,102,,176,-1018,10,165,-161,985,10,61
#AR|S
AR-0024|||Balcarce Aeroclub~1|20844|16558|120|3,1044,30,6,0;16,800,40,6,0
AR-0027|||Rauch~1|32281|9422|94|18,1050,30,6,0;8,950,30,6,0
AR-0028|||Tandil Aeroclub~1|27344|9067|178|18,1000,30,6,0,177,,,,166,,,,168;6,900,30,6,0,56,,,,168,,,,163
AR-0031|||San Andrés de Giles~1|55297|5754|51|16,1200,80,6,0
AR-0053|||Ayacucho~1|28361|15281|67|17,880,26,6,0;1,700,20,6,0
AR-0058|||Baradero~1|61783|5072|29|18,750,40,6,0
AR-0060|||Basavilbaso~1|76389|11192|60|6,920,30,6,0
AR-0061|||Batan~1|19883|23225|62|4,1000,30,6,0
AR-0062|||Escobar Aeroclub|57014|12011|4|15,600,18,6,0
AR-0063|||Bellamar~1|16142|18664|13|14,1300,30,6,0
AR-0079|||Cañuelas~1|48881|12739|30|18,710,30,6,0
AR-0080|||Aeroclub Capitan Sarmiento|58361|2689|49|03,945,30,4,0
AR-0086|||Carmen de Areco~1|55825|1281|49|4,778,18,6,0
AR-0098|||Chajari~1|92458|20000|53|18,750,50,6,0
AR-0100|||Chascomús~1|44574|19479|10|4,1199,23,1,0
AR-0108|||Colon~1|77386|18444|20|18,760,30,6,0
AR-0110|||Concepcion Del Uruguay~1|75481|16942|37|2,1200,30,6,0
AR-0111|||Concordia Aeroclub~1|86958|19847|40|2,790,30,6,0
AR-0115|||Coronel Vidal~1|25311|22331|26|10,1300,30,6,0;15,1300,30,6,0
AR-0132|||Establecimiento El Araza~1|32244|23586|93|8,750,18,6,0
AR-0137|||El Pajaro~1|51765|16837|16|6,1176,22,6,0
AR-0142|||Esquina~1|99511|4647|39|3,960,40,6,0
AR-0147|||Estancia La Choza~1|94611|17072|72|2,850,30,6,0
AR-0150|||Estancia Los Cardos~1|22644|19658|120|9,899,23,6,0
AR-0158|||Ezpeleta~1|52536|17967|3|15,970,20,6,0
AR-0167|||General Belgrano~1|42481|15367|12|17,680,30,6,0
AR-0170|||General Las Heras Aeroclub|50794|10836|35|12,570,20,6,0
AR-0172|||General Madariaga~1|29608|28628|7|6,1200,30,6,0;1,690,30,6,0
AR-0179|||Gomez~1|49044|19147|19|9,750,30,6,0
AR-0184|||Agro Aereo Gualeguay~1|69614|5617|16|10,700,25,6,0
AR-0202|||Establecimiento La Susana~1|50894|6513|37|01,1350,30,4,0
AR-0214|||Juan Carlos Bagur~1|75814|1842|58|5,560,28,6,0
AR-0217|||La Angelita~1|91478|12933|70|6,1116,25,6,0
AR-0219|||La Caida~1|51407|16576|28|8,728,20,6,0
AR-0225|||Quebracho Herrado~1|58447|1261|52|13,980,30,6,0
AR-0230|||La Paz Aeroclub~1|92560|4307|61|5,1000,40,6,0
AR-0244|||Las Cortaderas~1|16453|18911|16|10,1200,30,6,0
AR-0252|||Luján~1|54486|9217|25|15,850,26,6,0
AR-0254|||El Mirador|54611|4147|51|06,750,20,6,0
AR-0255|||Loberia~1|18094|12136|81|16,918,30,6,0;12,700,30,6,0;2,700,30,6,0
AR-0256|||Nika~1|18561|12521|80|1,580,25,6,0
AR-0257|||Lobos~1|47892|8629|29|17,900,30,6,0;10,600,30,6,0
AR-0264|||Maipú~1|31097|21497|16|14,1500,30,6,0;5,1280,30,6,0
AR-0266|||Marcos Paz~9|52025|11031|28|14,650,30,6,0
AR-0271|||Mercedes~1|53619|5446|42|1,799,23,6,0;9,660,30,6,0
AR-0278|||Moromar~1|15742|16287|15|18,1050,50,6,0;9,660,50,6,0
AR-0282|||Nogoya~1|75975|2539|42|16,900,30,6,0
AR-0291|||Parque Hermoso~1|19713|23607|60|13,600,20,6,0
AR-0294|||LAD 2198 Juan Jose Angelini|55731|5197|50|14,750,50,6,0
AR-0296|||Pinamar~1|29089|30217|3|9,800,30,6,0
AR-0298|||Poblet~1|49119|20508|20|4,643,23,6,0,,,-350,-280,,,140,100
AR-0311|||La Igualdad~1|44867|16469|18|14,700,30,6,0
AR-0321|||Rosario Del Tala~1|76711|8094|54|3,750,50,6,0
AR-0334|||San Miguel del Monte~1|45406|12364|24|18,750,25,6,0
AR-0354|||Tolosa~1|51253|20392|5|11,1007,30,6,0;1,850,30,6,0
AR-0372|||Urdinarrain~1|73036|11008|66|3,745,30,6,0
AR-0375|||Veronica~1|46000|26333|17|2,1050,40,6,0;14,800,40,6,0
AR-0383|||Zarate~1|58801|9168|26|9,1350,40,6,0;1,1200,40,6,0
AR-0386|||Buena Esperanza~1|94694|16028|75|6,930,27,6,0
AR-0391|||Mar del Plata Gliding Club|19847|23464|45|4,750,18,6,0
AR-0393|||Comandante Eduardo A. Olivero~1|26523|10147|193|16,800,30,6,0,169,,,,179,,,,190;7,800,30,6,0
AR-0395|||Brandsen~1|48172|17161|16|4,780,18,6,0
AR-0399|||General Rodriguez Ildefonso Durana~1|53197|9642|28|17,1150,23,6,0
AR-0400|||El Girasol~1|63339|1661|28|4,800,20,6,0
AR-0402|||El Jagüel~1|82006|9661|61|18,750,30,6,0
AR-0403|||El Malagueño~1|83006|5994|55|17,799,30,6,0
AR-0404|||El Pilincho~1|96128|20317|69|17,964,25,6,0
AR-0411|||Estancia La Providencia~1|70589|14350|20|1,848,17,6,0
AR-0413|||Estancia Lucila~1|16914|18950|22|18,1200,25,6,0
AR-0417|||Estancia Villa María|53567|8728|32|6,1218,23,6,0
AR-0427|||Gualeguay Aeroclub~1|69006|5828|15|9,787,40,6,0;13,740,28,6,0
AR-0429|||Haras La Pomme~1|57922|6144|28|6,1200,30,6,0
AR-0432|||Iriberri~1|15212|11952|33|14,550,20,6,0
AR-0433|||Islas Del Ibicuy~1|62500|13000|6|9,650,30,6,0
AR-0438|||La Madrugada~1|19964|6511|137|1,950,23,6,0
AR-0454|||San Cayetano~1|16661|3697|100|1,930,30,6,0;8,930,30,6,0
AR-0463|||Timboy~1|97764|21556|65|17,1170,30,6,0
AR-0485|||San Patricio~1|59597|3056|45|14,1400,30,6,1,145,,,,,200
AR-0513|||Estancia La Alborada|25373|18114|64|08,1000,26,6,0,70,,-147,166,63,,159,554,62
AR-0585|||Santa Elena~1|90239|2231||14,1300,50,4,0
AR-0629|||Estancia El Pinocho|74353|14825|17|2,930,40,6,0
AR-0630|||Estancia La Elisa~1|59611|2231|47|1,1200,40,4,0
AR-0756|||San Pedro~1|62959|2742|27|1,940,23,6,0;10,940,23,6,0
AR-0806|||Estancia San Joaquin~6|92445|26|23|01,900,,4,0
SA04|SAAK||Isla Martin Garcia~1|58179|17531|2|17,1265,30,1,1,164,,540,-190,2,,-550,190,2,64
SA13|||Estancia La Estrella~1|24406|13340|139|5,1400,23,1,0,46.3,,-440,-570,,,440,570
SA14||MJR|Miramar~1|17729|21303|13|18,1668,31,1,0,178.9,,860,-170,,,-640,-130;4,619,30,6,0,44,,-520,-450,,,250,470;9,600,30,6,0,96,,210,-1020,,,70,650
SA36|||Saladillo~1|43951|1835|45|18,1199,23,2,1,180.5,,520,-60,,,-560,-70;13,1000,30,6,0,133.2,,170,70,,,-330,720
SAAI|1||Punta Indio Naval~d|46467|27100|15
SAAU|||Villaguay~1|81450|9244|40|18,1190,30,6,0
SADM|||Morón~1|53237|13572|29|02,2850,40,1,0,13,,-1250,-360,30,750,1250,370,25,662
SADO|||Campo de Mayo Military~1|54656|13283|24|18,1800,30,1,1,176.9,,790,-60,,,-800,50
SADQ|||Quilmes~1|52936|17556|2|18,1000,30,6,0
SADZ|||Matanza~1|52716|14991|3|17,1035,50,6,0;9,650,23,6,0
SAEL|||Las Flores~1|39328|8958|34|9,1100,30,6,0;1,1000,30,6,0
SAZA|||Azul~1|31631|1197|146|17,1400,30,4,0,,,613,-152,146,,-587,50,146;9,600,30,4,0,,,24,-850,146,,-33,36,146
SAZD|||Dolores~1|36775|22786|10|19,1158,30,6,0;5,860,30,6,0
SAZJ|||Benito Juarez~1|22939|2081|208|18,1060,30,6,0;8,1030,30,6,0
#BR|M
SBBG|1|BGX|Comandante Gustavo Kraemer~1|86095|58878|183|6,1500,30,2,1,46,,-460,-560,179,,470,580,181;14,1149,45,4,0
SBPK|1|PET|João Simões Lopes Neto~3|82828|76722|18|07,1980,42,2,1,51,,-466,-688,18,140,548,794,17;15,1230,38,6,2
#BR|S
BR-0889|||Fazenda Dona Chica~1|99664|96278|33|02,800,18,9,0
BR-2236||CTQ|Santa Vitória do Palmar~1|64980|66551|25|11,900,60,0,0
BR-2618|||Da Praia Velha~1|88728|84237|9|13,700,18,6,0
BR-2622|||Música~1|90654|49182|120|16,800,23,4,0
BR-2738|||Aeromis~1|87073|58432|270|18,420,18,4,0
BR-2911|||Aeroclube de Santana do Livramento~1|91777|44203|327|9,650,20,4,0
BR-2913|||Estância da Gruta~1|80578|75220|10|9,700,30,4,0
BR-2927|||Astral~1|99396|85625|10|11,900,23,6,0
BR-2937|||Boqueirão Alegre~1|97460|41538|223|15,600,25,4,0
BR-2938|||Candiota~1|85054|63081|226|4,860,22,1,0
BR-2941|||Jaguarão~1|74594|66158|20|8,1200,45,6,0
BR-2976|||Refúgio~1|90806|55310|216|8,800,25,4,0
SD6A|||Todeschini~6|94525|71025|240|17,1100,18,9,0
SDHX|||D'Tapes~1|92498|84646|40|15,455,18,6,0,,,202,-117,,,-107,197
SI59|||Estância Cerro~1|97133|52493|127|18,700,20,4,0
SIAP|||Roso~1|82656|59108|165|07,800,18,1,0;4,780,23,1,2
SIK7|||Estância Bela Vista~1|87689|63274|360|14,800,20,5,0
SIQI|||Aerolis~1|94636|95326|6|3,584,20,4,0
SIXD|||Fazenda da Paz~1|91553|44339|272|11,770,23,4,0;01,620,18,4,0
SIXE|||Aeroclube de Eldorado do Sul~1|99497|85564|10|11,1600,30,6,0
SJ32|||Fazenda Santa Marta~6|94970|57203|205|17,800,18,4,0
SJ3E|||Bela União Agropecuária~6|98445|54966|130|15,1000,18,4,0
SJ98|||Pedro Zanetti~1|79894|73997|17|04,798,18,6,0
SJEN|||Plá e Silva~1|68571|70227|3|14,700,30,4,0
SJRG||RIG|Rio Grande~4|79169|78328|8|6,1500,30,1,0,44,,-541,-547,6,203,590,682,5,203
SJVK|||Pian~6|89201|81044|22|04,1000,25,6,0
SN8F|||Roseta~6|92746|60194|146|04,1050,23,6,0
SNJA|||Capivari~1|98654|94886|13|10,648,18,4,0
SNPV|||Solidão~1|93075|94429|17|16,500,23,4,0
SSAE|||Arroio Grande~1|77708|69445|49|6,1000,18,6,0
SSAU|||Centeno~1|92540|85695|13|14,650,20,4,0
SSBN|||Belém Novo~1|98110|88179|5|9,1103,23,1,1,71,,-146,-511,4,,173,573,5,160
SSCE|||Aeroclube de Bagé|86722|58653|222|1,640,50,4,0;15/27,600,50,4,0;9,570,50,4,0
SSCO|||Comandante Marilda Zaiden de Mesquita~1|82249|75481|10|3,800,18,6,0
SSDX|||Fazenda da Coxilha~1|89860|82915|10|17,600,18,6,0
SSEP|||São Sepé~1|98178|64206|153|14,1140,18,6,0
SSIU|||Sítio Enel~1|98627|76345|68|11,600,30,4,0
SSKS||QDB|Cachoeira do Sul~1|99981|70592|77|12,1020,18,1,0
SSMH|||Fazenda Santa Maria~1|80706|75364|20|16,600,23,4,0
SSMT|||Mostardas~1|88964|90897|18|5,975,18,1,0
SSRU|1|SQY|São Lourenço do Sul~1|86167|79672|9|3,1100,18,6,0
SSRZ|||Dário Brasil Capoano de Oliveira~1|97225|50761|102|10,1000,20,9,0
SSSG|||São Gabriel~1|96550|57322|144|4,1000,100,6,0
SSTA|||Santa Maria~1|97542|51992|216|9,750,30,4,0
SSWS|||Caçapava do Sul~1|94504|65418|416|09,1000,18,6,0;17,820,100,6,2
SWAJ|||Viatec Aviação Agrícola~1|67840|67337|28|03,1500,20,5,0,,,,,,700
#UY|L
SUMU|1|MVD|Carrasco General Cesáreo L. Berisso~3|51644|39735|32|07,3200,45,1,1,53,,-840,-1350,15,351,880,1460,32,149;01,2250,45,1,1,359,,-632,-423,19,,1390,-445,16;10,1700,45,2,2,90.8,,-180,-920,18,,-200,940,23
#UY|M
SUAA|||Ángel S. Adami~3|52108|37353|53|01,1250,23,2,1,7,,-538,15,53,,576,-63,46
SUDU|1|DZO|Santa Bernardina~3|66411|35008|93|03,2279,45,1,1,23,,-1050,-540,83,,840,430,93;10,1452,30,1,1,90,,-70,-1160,84,,10,390,90
SULS|1|PDP|Capitan Corbeta CA Curbelo~3|51449|49057|29|08,2133,45,1,1,72.5,,-470,-1800,28,,110,420,21;01,1600,38,1,1,357.9,,-950,50,29,,490,-20,23
SUPU|1|PDU|Tydeo Larre Borges~1|76367|19381|42|02,1320,30,1,1,,,-679,-146,54,,497,69,43;10,900,,0,2,,,,,41,,,,48
SURV|1|RVY|Pres. Gral. Óscar D. Gestido Binational~1|90254|45238|217|05,1830,,0,0,,,,,204,,,,219
SUSO|1|STY|Nueva Hesperides~3|85615|20147|57|05,1588,45,1,1,38.9,,-560,-520,57,,560,520,52;13,750,50,4,0,116,,770,-380,48,,470,320,53
#UY|S
SUAG|1|ATI|Artigas~3|95993|34921|125|11,1275,,0,0,,,,,121,,,,119
SUAN|||Anchorena~1|57295|20356|15|01,1250,40,4,0
SUBU|1|BUV|Placeres~1|96802|24412|77
SUCA|1|CYR|Colonia Laguna de Los Patos~3|55436|22294|20|13,1370,,2,0,,,,,20,,,,10
SUCD|||Cardona~1|61245|26021|169|05,780,35,4,0;09,540,30,4,0
SUCH|||Chuy~1|62891|65287|18|10,850,25,4,0
SUCL|||La Calera~1|57132|46452|153|01,1700,45,4,0
SUCM|||Zagarzazú~3|60339|16747|13|17,1060,28,6,0,,,464,-179,11,,-450,161,10
SUCN|||Aeroclub Canelones|54848|37386|30|09,1000,30,4,0,,,,,23,,,,28;03,700,30,4,0,,,,,30,,,,25;15,450,30,4,0,,,,,23,,,,30
SUME|||Ricardo Detomasi~1|67511|19263|21|08,1120,,0,0,,,,,22,,,,20
SUMO|1|MLZ|Cerro Largo~3|76621|57833|111|07,1394,30,0,0,,,-348,-691,111,,292,582,102
SUPE|1||El Jagüel / Punta del Este~1|50891|50796|20|02,570,20,2,0,17,,-106,2,20,270,405,52,10
SURB|||Rio Branco~1|74169|65458|17|14,858,,0,0,,,,,19,,,,19
SUSJ|||San José~1|56494|32476|70|08,1200,30,4,0;12,850,30,4,0;17,620,35,4,0
SUTB|1|TAW|Tacuarembo~1|82510|40742|134|10,1160,,0,0,,,,,134,,,,131
SUTG|||Tomás Gomenzoro~1|95634|25533|83|9,1100,,4,0
SUTR|1|TYT|Treinta y Tres~1|68043|56528|103|01,1070,38,4,0,,,,,142,,,,142;10,600,24,4,0
SUVE|||SAMAN Vergara~1|70396|60691|31|3,660,24,4,0;14,630,24,4,2
SUVO|1|VCH|Vichadero~1|82608|54122|149
SUYI|||Sarandí del Yí~1|66883|43997|140|18,600,45,4,0
UY-0002|||Rocha~1|55209|57165|40|09,850,28,4,0,84,,-20,-300,,,60,620;06,841,25,4,0,58,,-120,-260,,,280,520
UY-0007|||La Lata Aeroclub~1|90474|44647|226|01,690,33,4,0;09,630,23,4,0
UY-0008|||Ricardo Raver~1|56875|29584|28|14,800,28,6,0
UY-0009|||Aeroclub Guichón~9|76537|28291|84|11,500,20,4,0;06,485,20,4,0
UY-0011|||La Media Luna~1|95947|27244|78|14,900,25,4,0
UY-0014|||Juan B. Desalvo~1|65144|31092|129|5,980,45,4,0;9,625,45,4,0;18,550,45,4,0
UY-0023|||Los Alamos~1|81951|57360|170|13,1000,18,1,0,113,,180,-470,,,-180,500,168
UY-0024|||OTA Agricultural~1|67824|56694|56|08,600,20,4,0
