#AR|L
SAAR|1|ROS|Rosario Islas Malvinas~3|70964|92150|26|02,3000,45,2,1,10,,-1320,-260,25,,1330,340,23
SACO|1|COR|Ingeniero Aeronáutico Ambrosio L.V. Taravella~3|86877|57917|489|01,3200,45,2,1,358,,-1210,30,464,,1650,20,489;05,2200,45,1,1,43,,-1250,-100,465,256,340,1710,469
SAME|1|MDZ|Governor Francisco Gabrielli~3|71683|12071|704|18,2835,54,2,1,181,,1250,20,698,,-1260,-20,704
SAZN|1|NQN|Presidente Perón~3|10510|18443|273|9,2570,45,1,1,90.2,,0,-1480,273,,0,1480,270
#AR|M
AR-0744|SACT||Chamical~1|96547|37059|458|1,2050,30,1,1,7.4,,-910,-90,458,,920,190,445
AR-0768|||[Duplicate] Aeropuerto Pergamino|61040|94252
SAAP|1|PRA|General Urquiza~1|82052|95196|74|1,2100,45,1,1,8.4,,-930,-160,74,,940,170,74
SAAV|1|SFN|Sauce Viejo~1|82883|91883|17|3,2325,30,1,1,24,,-873,-437,17,,1058,514,17
SAHS|1|RDS|Rincon De Los Sauces~1|26094|10958|600|10,1500,30,1,1,102.2,,150,-860,,,-150,860
SAMM|1|LGS|Comodoro D.R. Salomón~1|45064|4257|1428|14,2650,30,1,1,144.5,,970,-850,1430,471,-970,850,1423;9,1450,20,1,1,96.3,,950,-860,1426,,780,1060,1426
SAMR|1|AFA|Suboficial Ay Santiago Germano~1|54117|15961|753|11,2110,30,1,1,108,,379,-1163,753,96,-300,1278,738,157
SANU|1|UAQ|Domingo Faustino Sarmiento~1|84285|15818|597|18,2460,45,1,1,179.6,,1110,-10,597,,-1110,10,597
SAOC|1|RCU|Area De Material~1|69149|57387|421|05,2265,45,1,0,178,,-1437,-1650,421,,25,46,421;18,2075,40,1,0,,,151,-19,416,,-1720,7,416
SAOD|1|VDR|Villa Dolores~1|80548|48537|563|17,1400,23,1,1,176,,640,-50,,,-630,60,,152;02,952,40,6,3,15,,-590,-370,,,240,-110
SAOR|1|VME|Villa Reynolds~1|62701|46126|485|10,2400,45,1,1,101,,10,-110,485,,-400,2440,485;6,2400,50,1,1,58.4,,-100,-170,485,,1040,2030,485
SAOU|1|LUQ|Brigadier Mayor D Cesar Raul Ojeda~1|67268|36436|710|19,2950,30,1,1,187,,1320,180,700,,-1320,-190,710
SAOV|1||Presidente Néstor Kirchner~4|76799|67734|204
SAZB|1|BHI|Comandante Espora~1|12750|78307|75|17L,2410,45,1,1,164,,833,1192,76,150,-1250,1970,66;06,1980,30,1,1,61,,-250,-1127,74,,622,859,76;17R,1498,30,1,0,164,,529,-1502,70,,-770,-1032,72
SAZG|1|GPO|General Pico~1|43038|62417|140|16,2350,45,1,1,160,,1000,-450,,,-1000,450,,299;03,850,50,6,0,32.1,,60,-1010,,,700,-520
SAZH|1|OYO|Tres Arroyos~1|16131|96703|122|18,1199,30,1,0,175,,540,-50,,,-540,70;14,900,23,6,0,134,,680,-80,,,120,660;4,750,23,6,0,43,,-340,170,,,120,730
SAZP|1|PEH|Comodoro Pedro Zanni~1|41554|81424|85|18,1500,30,1,1,180,,680,0,85,,-670,0,85
SAZR|1|RSA|Santa Rosa~1|34117|57243|192|1,2300,30,1,1,11.2,,-1020,-250,189,,1010,250,192
SAZW|1|CUT|Cutral-Co~1|10603|7354|650|7,1694,30,1,1,83.3,,-90,-970,650,,90,960,640;3,1235,30,1,0,39.4,,-490,-890,,,390,30
#AR|S
AR-0005||QRF|Bragado~1|48542|95197|60|12,1000,30,6,0;2,834,30,6,0
AR-0010||VGS|General Villegas~1|50043|70003|117|13,980,30,6,0;3,900,23,1,2
AR-0012|||Aerofumigaciones Don Alejandro~1|66938|93436|52|8,480,20,6,0
AR-0018|||Villa Mercedes~1|63591|45799|515|1,1750,50,6,0;9,750,50,6,0
AR-0021|||Acindar~1|67353|97158|25|4,970,50,6,0
AR-0022|||Aeroboero~1|92714|79922|96|1,880,30,6,0
AR-0023|||Bahía Blanca Aeroclub~1|13279|76472|15|16,1100,40,6,0;11,900,40,6,0
AR-0025|||Cipoletti Aeroclub~1|11069|20114|270|8,1000,28,6,0
AR-0026|||Olavarria Aeroclub~1|30356|97242|185|18,1000,30,6,0;14,800,30,6,0;9,800,30,6,0
AR-0029|||Aerotec~1|67931|15078|665|10,588,30,6,0
AR-0030|||Alagro Fumigaciones~1|71122|91564|35|18,720,18,6,0
AR-0032|||Alejandro Roca~1|66511|62700|210|18,750,30,6,0
AR-0033|||Alfredo Sanchez~1|51989|81350|100|10,700,23,6,0
AR-0034|||Algarrobo/La Reforma~1|12694|67131|67|16,800,30,6,0
AR-0035|||Allen~1|10419|21964|290|8,750,30,6,0
AR-0036|||Alta Gracia~1|83486|56061|533|2,1063,40,6,0
AR-0038|||Alvear~j|69533|94031|26|1,1050,30,6,0
AR-0040|||Ameghino~1|51544|75174|110|18,700,30,6,0
AR-0041|||América~1|44983|70100|106|18,800,23,6,0
AR-0044|||Anibal Brizi~1|85958|91008|39|1,995,30,6,0
AR-0047|||Arrecifes Aeroclub~1|59203|99536|43|2,550,20,6,0
AR-0048|||Arribeños~1|57772|86142|82|14,750,30,6,0
AR-0049|||Arroyito/Arcor~1|85778|69958|148|1,1140,30,6,0
AR-0056|||B&B Servicios Agropecuarios~1|78853|83672|73|2,750,20,6,0
AR-0066|||Gran Ancona~1|65617|86983|97|6,750,18,6,0
AR-0068|||Pablo Sierra Aeroaplicaciones~1|90706|79494|100|2,800,15,6,0
AR-0071|||Cabildo~1|15014|81156|159|11,650,18,6,0
AR-0076|||Canals~1|64378|71308|118|1,840,28,6,0
AR-0077|||Cañada de Gomez~1|71913|86343|82|1,1100,60,6,0
AR-0078|||Cañada Rosquin~1|79006|84161|67|1,840,25,6,0
AR-0081|||Vedia Aeroclub|55183|85097|89|17,1010,30,6,0;9,862,23,6,0
AR-0082|||Carhue~1|28058|72186|110|13,800,23,6,0;18,800,23,6,0;9,800,23,6,0
AR-0083|||Carlos Casares~1|43707|86061|84|02,1109,30,6,0,17,,-500,-190,,,500,200
AR-0084|||Las Ensenadas~1|85447|54736|730|5,800,20,6,0
AR-0085|||Carlos Tejedor~1|45744|75303|94|3,900,18,6,0
AR-0088|||Casilda~1|69383|87900|77|15,965,30,6,0
AR-0094|||Cereales Anahi Ruca~1|43264|62819|139|18,650,15,6,0
AR-0096|||Chacabuco~1|53931|95903|69|1,1000,32,6,0;10,800,30,6,0
AR-0097|||Chacharramendi~1|26594|43533|290|1,900,23,1,0
AR-0099|||Chañar Ladeado~1|66667|79667|112|17,650,30,6,0
AR-0101|||Chivilcoy~1|50361|99667|53|3,1000,30,6,0;8,900,30,6,0
AR-0107|||Colón~1|60769|89539|90|17,1100,30,6,0
AR-0113|||Coronel Dorrego~1|12589|87439|120|1,1050,30,6,0;10,1050,30,6,0
AR-0114|||Coronel Pringles~1|19933|86681|247|18,1000,30,6,0;10,900,30,6,0
AR-0116|||Corral De Bustos~1|67189|78486|120|1,1004,30,6,0
AR-0117|||Santa María~1|87139|55447|700|3,650,20,6,0
AR-0118|||Cruz Alta~1|69922|81631|97|1,799,20,6,0
AR-0121|||Fumigaciones Rodriguez~1|34095|82251|113|02,750,20,6,0
AR-0122|||Darregueira~1|22872|68381|198|15,950,23,6,0
AR-0124|||Dean Funes~1|96208|56203|689|15,1400,30,6,0
AR-0125|||Diamante~1|79839|94175|75|3,950,30,6,0
AR-0127|||Agrocelta Servicios Aereos~1|61133|91372|82|5,600,15,6,0
AR-0128|||Saavedra~1|22498|76658|317|2,1000,30,6,0;6,1000,30,6,0
AR-0130|||Eduardo Castex~1|41194|57261|183|18,799,23,6,0
AR-0135|||El Gaucho~1|73706|84556|105|1,560,20,6,0
AR-0138|||El Pampero~1|34072|58133|178|18,799,23,6,0
AR-0139|||El Trebol~1|77847|82839|92|1,900,30,6,0
AR-0141|||Esperanza~1|85264|91553|38|15,955,30,6,0;6,938,30,6,0
AR-0143|||Estancia Don Roberto~1|59986|46331|436|6,1550,18,1,0
AR-0157|||Estindher~1|69069|55708|467|18,930,30,6,0
AR-0160|||Firmat Aeroclub~1|65711|84892|105|6,750,30,6,0
AR-0162|||Fortín De Gainza~1|54506|68775|130|16,1000,30,6,0
AR-0164|||Fumigaciones Stadler~1|74214|90881|37|11,550,15,6,0
AR-0165|||Galvez~1|79678|88242|53|02,1280,30,6,1;05,800,30,6,0
AR-0166|||General Alvear Aeroclub~1|50269|22764|466|18,725,40,6,0
AR-0168|||General Deheza~1|72547|62042|274|18,1380,30,6,0
AR-0169|||General La Madrid~1|27737|87209|171|1,1000,30,6,0;13,800,30,6,0
AR-0174|||General Pinto~1|52139|80858|97|1,1199,30,6,0
AR-0176|||Los Toldos~1|50227|89791|72|17,1060,45,6,0;5,900,45,6,1
AR-0177|||Gobernador Crespo Aeroclub~1|96122|96344|52|11,750,18,6,0
AR-0180|||Gonzales Chaves~1|19705|98643|194|13,1199,30,6,0;18,1199,30,6,0
AR-0182|||Guadalupe~1|84160|93320|18|16,842,28,6,0
AR-0193|||Henderson~1|36853|82522|150|18,848,23,6,0;5,748,18,6,0
AR-0198|||Huanguelen~1|29669|80658|158|18,1100,30,6,0
AR-0199|||Huinca Renanco~1|51797|56269|180|1,900,23,6,0
AR-0200|||Ingeniero Luiggi~1|46450|55242|193|18,780,23,6,0
AR-0203|||Intendente Alvear~1|47408|64672|127|18,750,30,6,0
AR-0204|||Intendente Alvear|47506|64658|127|18,750,30,0,0
AR-0205|||Fumigaciones Herbinsec~1|48614|72947|112|5,665,20,6,0
AR-0207|||Don Hector Biondi~1|67536|75833|118|1,1040,18,6,0
AR-0209|||Jacinto Arauz~1|19339|65717|160|18,900,23,1,0
AR-0211|||Jesús Maria~1|90119|59231|530|18,1000,30,6,0
AR-0213|||Tres Lomas~1|35561|71208|116|3,700,20,6,0
AR-0216|||Juarez Celman~1|87886|58386|512|01,1350,50,6,0
AR-0218|||Trenque Lauquen~1|39842|73061|99|18,935,30,6,0;9,900,30,6,0;2,839,30,6,0
AR-0224|||La Laja~1|86486|15269|650|15,1200,30,6,0
AR-0227|||La Mezquita~1|85992|56997|510|1,1400,60,6,0
AR-0229|||La Nueva~1|50536|86958|75|3,800,30,6,0
AR-0231|||La Pelada~1|90444|91142|44|1,1200,30,6,0
AR-0232|||La Siesta~1|63061|79375|112|3,740,28,6,0
AR-0234|||Laborde~1|68433|71094|122|1,675,29,6,0
AR-0240|||Laguna De Gomez~1|53461|89900|80|3,750,30,6,0
AR-0241|||Laprida~1|24791|92219|215|17,950,30,6,0;5,600,30,6,0
AR-0247|||Las Rosas~1|75078|84194|102|2,800,30,6,0
AR-0248|||Las Varillas~1|81086|72953|135|1,1200,40,6,0
AR-0251|||Leones~1|73632|76852|114|1,1050,31,6,0
AR-0253|||Lincoln~1|51089|84694|87|14,815,30,6,0
AR-0258|||Los Cardos~1|77281|83378|104|2,600,25,6,0
AR-0262|||Macachin~1|28563|63213|140|18,800,30,6,0
AR-0267|||Martín Fierro~1|60597|56303|230|18,880,18,6,0
AR-0272|||Azcarate Irastorza~1|48006|63992|127|18,745,15,6,0
AR-0274|||Mina Clavero~1|82669|50144|970|15,1180,40,6,0
AR-0276|||Monte Maiz~1|67897|73703|113|1,1022,24,6,0
AR-0280|||Morteros~1|93222|79733|94|1,865,45,6,0
AR-0285|||Oliva~1|79392|64531|268|1,749,30,6,0
AR-0289|||Parana Aeroclub~1|82424|96264|60|18,702,30,6,1
AR-0290|||Parana Club De Planeadores~1|82686|97800|46|1,1199,60,6,0
AR-0292|||Pedro Luro~1|5439|73253|27|16,900,30,1,0;8,660,30,6,0
AR-0293|||Pellegrini~1|37172|68658|113|18,850,23,6,0;9,799,23,6,0
AR-0304|||Puán~1|24606|72658|240|14,1030,23,6,0;4,900,23,6,0
AR-0305|||Pueblo Esther~1|69183|94353|25|9,900,25,6,0
AR-0306|||Terminal 6~1|73583|92461|26|5,803,30,6,0
AR-0308|||Punta Alta~1|11658|79131|3|16,1000,30,6,0;10,870,30,6,0
AR-0313|||Realicó~1|49408|57889|165|14,900,23,1,0
AR-0315|||Don Jose~1|71725|92183|25|16,950,22,6,0
AR-0318|||Rivadavia~1|67728|15258|659|18,1000,30,6,0
AR-0319|||Rojas~1|57850|93275|6|5,1100,30,6,0
AR-0322|||Rufino~1|57169|73281|118|9,1210,45,6,0;1,850,40,6,0
AR-0323|||Salliqueló~1|32436|70556|145|12,830,23,6,0
AR-0324|||Salto~1|56931|97135|59|1,685,30,6,0
AR-0327|||San Cristobal~1|97358|87797|74|5,750,30,6,0
AR-0328|||San Francisco~1|85858|78664|114|18,1510,43,6,0
AR-0331|||San Jorge~1|81164|81558|106|17,700,30,6,0
AR-0332|||San Justo~1|92358|94347|55|4,1100,30,6,0
AR-0333|||Aeroclub San Martín|69381|14914|657|03,1350,30,1,1;01,1200,50,6,2;04,700,45,6,0
AR-0345|||Suboficial Auxiliar Miguel A. Cardone~1|60383|83675|103|14,1100,30,6,0
AR-0352|||Tilisarao~1|72500|47178|751|1,900,30,6,0
AR-0355|||Tornquist~1|19044|77497|285|14,750,18,6,0
AR-0369|||Chevron Texaco~1|26350|6997|883|8,1000,40,6,0
AR-0373|||Veinticinco De Mayo~1|45536|99114|50|2,898,23,6,0
AR-0376|||Victoria~1|74156|98153|23|10,900,29,6,0
AR-0377|||Victorica~1|37625|45494|311|1,900,23,1,0
AR-0378|||Villa Del Rosario~1|84207|64608|253|18,1200,30,6,0
AR-0379|||Villa General Belgrano~1|80347|54356|840|16,740,30,6,0
AR-0381|||Villa Regina~1|9264|29200|285|8,1800,60,6,0;17,1050,60,6,0
AR-0382|||Villa Rumipal~1|78150|55117|666|16,1253,23,1,0
AR-0384|||Belingueres Aviación~1|57222|94956|64|13,600,20,6,0
AR-0385|||Bocca~1|81289|80489|105|2,600,22,6,0
AR-0388|||Burdisso~1|77594|82417|111|2,600,20,6,0
AR-0392|||Colonia Tirolesa~1|87553|59647|407|4,1000,20,6,0
AR-0396|||Coronel Moldes~1|63833|53875|357|6,650,50,6,0
AR-0397|||Di Giuseppe~1|71092|88761|89|11,762,30,6,0
AR-0405|||El Toto~1|83497|56311|165|18,900,30,6,0
AR-0406|||Establecimiento La Adelita~1|86075|88569|50|2,600,20,6,0
AR-0407|||Establecimiento La Florencia~1|69231|86822|75|15,560,15,6,0
AR-0414|||Estancia San Vicente~1|70011|82219|70|5,900,25,6,0
AR-0415|||Estancia Santa Romana~1|62467|47536|472|1,1350,23,6,0
AR-0418|||F.A.T.~1|58233|84931|87|4,700,28,6,0
AR-0421|||Fumigaciones Campagnucci~1|66761|93342|48|6,1000,15,6,0
AR-0422|||Fumigaciones Fredy~1|57639|94181|54|15,600,18,6,0
AR-0423|||Fumigaciones González~1|76411|90203|30|6,597,15,6,0
AR-0425|||General San Martin (La Pampa)~1|20503|63825|161|18,749,18,6,0
AR-0426|||Ginevro~1|81356|71558|145|11,700,15,6,0
AR-0434|||La Carlota~1|65500|66500|154|1,998,23,6,0
AR-0435|||La Chacra~1|51874|74775|109|18,1199,30,6,0
AR-0437|||La Lucía~1|69887|89386|73|15,675,25,6,0
AR-0439|||La Mariela~1|42172|80658|86|5,792,15,6,0
AR-0440|||La Zulema~1|75103|73286|129|2,930,15,6,0
AR-0441|||Las Lilas~1|48672|77825|107|5,1800,30,6,0
AR-0444|||Montes De Oca~1|74189|81592|19|17,650,20,6,0
AR-0445|||Ñancu~1|43839|62492|136|15,660,18,6,0
AR-0446|||Pedro Ferrari~1|70722|75664|108|2,900,23,6,0
AR-0447|||Petrazzini~1|16522|97239|107|1,750,30,6,0;8,710,30,6,0
AR-0449|||Pettilep~1|69914|89831|61|15,675,15,6,0
AR-0450|||Pettilep II~1|71961|92011|55|15,600,15,6,0
AR-0453|||Saldungaray~1|17947|82389|228|4,900,30,6,0
AR-0455|||San Gregorio~1|56831|79808|106|6,780,30,6,0
AR-0457|||San José De La Dormida~1|97225|61425|423|1,750,25,6,0
AR-0458|||Santo Tomás de La Sierra~1|17582|81723|273|18,790,20,6,0
AR-0459|||Savesa~1|62208|80225|110|5,600,20,6,0
AR-0460|||Sigfrido Rohr Aviagro S.R.L.~1|51694|75322|110|17,600,30,6,0
AR-0461|||Skare~1|56428|98440|60|14,550,20,6,0
AR-0465|||Casilda Fumigaciones~1|68236|87970|79|7,576,15,6,0
AR-0486|||La Cura Malal~1|59251|98592|37|4,795,30,6,0
AR-0492|||La Argentina~1|40033|72947|95|05,669,30,6,0
AR-0596|||Daireaux~1|34199|82151|116|17,1000,30,4,1;09,840,23,4,0;04,675,23,4,0
AR-0631|||Estancia Los Leones~1|88294|92819|38|1,1000,35,6,0
AR-0632|||Estancia Trebolares~1|43633|65012|115|18,1250,35,4,0
AR-0638|||Estancia 13 de Abril~1|44886|82061|88|18,900,20,4,0
AR-0763|||Estancia 10 Noviembre~6|44169|75190|73|17,1000,30,6,0
AR-0777|||Estancia El Embrujo~1|78958|76650|103|03,500,32,4,0
AR-0799|||Estancia Los Tambos~9|38654|84978|99|02,1000,30,4,0
AR-0814|||Sauce Co~1|36064|86251|105|05,816,32,6,0
AR-0815|||Estancia San Miguel~6|8876|76233|7|15,818,30,6,0
AR-0819|||La Elisa~6|52009|76508|106|17,918,35,6,0
SA05|||Bell Ville~1|73401|72980|131|18,1662,24,1,0,180.9,,820,0,,18,-680,-30,,74;18L,1113,17,6,0,181,,440,20,,,-560,0
SA06|||Santa Rita~1|41717|98533|54|3,1500,18,2,0,25.1,,-620,-350,,,610,360
SA07|||El Porton~1|28057|3874|870|10,1790,23,1,1,106,,225,-975,,,-226,964
SA12|||Quemu Quemu~1|39413|63687|121|17,750,20,1,0,181.4,,430,30,,,-430,0
SA16|||La Puntilla~1|70372|11263|942|05,1189,20,1,0,50,,-340,-480,,,340,480
SA17|||Rio Cuarto Aeroclub~1|68394|56618|434|01L,930,19,1,0,16,,-400,-140,,,400,140;01R,848,50,6,0,16,,-450,-10,,,280,240
SA20|||Loma La Lata~1|15862|12627|405|9,950,30,1,1,96.1,,50,-540,,,-40,540
SA21|||Veinticinco De Mayo~1|21902|23407|347|4,1250,25,1,0,60,,-280,-620,,,290,610
SA29|||Choele Choel~1|7136|43897|196|9,2000,45,1,0,97,,120,-1220,,430,-120,1210
SA31|||San Nicolas de los Arroyos~1|66093|98043|30|18,1080,30,1,1,183.4,,490,40,,,-480,-30;9,809,23,6,0,93.8,,-110,-640,,,-170,260
SA32|SAFV||Venado Tuerto~1|63182|80436|112|3,1500,30,1,1,30,,-390,-270,,,390,270
SA40|||San Juan Aeroclub~1|83972|14527|634|18,1650,30,1,1,188.6,,710,120,,,-720,-130
SAAN|||Pergamino~1|60810|93520|72|4,1200,30,1,1,44,,-380,-440,,,390,450;13,870,23,6,0,133.3,,480,-830,,,-30,-180
SACA|||Captain D Omar Darío Gelardi~1|85581|57418|486|16,1290,30,1,1,158.7,,540,-250,,,-540,240,,253
SACC|1|LCM|La Cumbre~1|89942|54681|1138|14,1250,45,6,0
SACD|||Coronel Olmedo~1|85125|58586|432|05,1160,50,6,0
SACE|||Escuela de Aviación Militar (Military Aviation School)~1|85558|57166|502|07,1565,45,6,0;02,1341,49,1,0
SACV|||Villa Maria~1|76106|67414|205|3,1100,30,6,0
SAEA|||General Acha~1|25992|53872|277|4,900,23,1,0
SAET|||Ñanco Lauquen~1|40285|72276|92|2,1199,30,1,0,21,,-500,-240,,,510,230
SAFR|1|RAF|Rafaela~1|87175|84983|99|01R,1125,23,2,1,11,,-500,-120,,,500,110;01L,1107,44,6,0,11,,-350,-840,,,630,-620;6,1099,42,6,0,54,,-320,-930,,,260,0
SAFS|1|NCJ|Sunchales Aeroclub~1|90425|84717|91|11,2000,30,2,1
SAHR|1|GNR|Dr. Arturo H. Illia~1|9993|23795|260|9,2156,45,1,1,94.3,,80,-1240,,,-70,1240
SAMA|||General Alvear~1|49411|23072|454|17,1500,30,6,0
SAOE|||Rio Tercero~1|78267|59117|380|18,970,30,6,0
SAOM|||Marcos Juarez~1|73164|78422|110|7,1200,30,1,1,68.8,,-200,-600,,,190,600
SAOS|1|RLO|Valle Del Conlara~3|76153|48135|616|2,2550,45,2,1,14.1,,-1090,-330,615,,1100,320,616
SASQ|||Laboulaye~1|58646|66377|137|16,2700,30,1,0,154
SAZC|1|CSZ|Brigadier D.H.E. Ruiz~1|25539|81107|234|17,1300,30,1,1,169.6,,580,-140,,,-590,140
SAZE|||Pigüé~1|23929|76174|304|18,1480,30,6,0;4,1110,30,6,0
SAZF|1|OVR|Olavarria~1|31100|97834|168|04,2200,45,1,1,42,,-750,-810,,,740,810;13,1060,45,6,0,125,,450,-1130,,,-40,-250
SAZI|||Bolívar~1|38134|89236|94|2,1200,30,1,1,15,,-520,-180,,,520,180;14,1124,26,6,0,133.9,,440,270,,,-260,1170
SAZQ|||Rio Colorado~1|10050|58592|84|5,1380,30,6,0;11,680,30,6,0
SAZX|||Nueve de Julio~1|46003|90642|75|13,1199,30,6,0;18,799,30,6,0
