#LS|S
FXNK|1|NKU|Nkaus~1|99783|81969|1713
FXQG|1|UTG|Quthing~1|95925|76933|1631
FXQN|1|UNE|Qacha's Nek~1|98883|86719|1859
FXSK|1|SKQ|Sekakes~1|99611|83703|1737
#ZA|L
FAEL|1|ELS|King Phalo~1|69644|78259|133|11,1939,46,1,1,82,,-170,-1430,133,,80,650,118;06,1585,46,1,1,37,,-640,-570,120,,500,440,124
FAGG|1|GRJ|George~1|59944|23789|198|11,2000,45,1,1,89,,-30,-1120,190,,40,1040,198
FAPE|1|PLZ|Chief Dawid Stuurman~3|60103|56174|69|08,2160,46,1,1,58,,-330,-1580,69,,620,250,56;17,1677,46,1,1,146,,590,-100,59,,-660,920,56
#ZA|M
FABE|1|BIY|Bisho~1|71029|72791|594|08,2500,60,1,1,57,,-630,-1110,593,,620,1120,594
FAOH|1|OUH|Oudtshoorn~1|63930|21890|324|04,1700,30,1,1,13,,-740,-200,317,,750,200,323,101
FAPG|1|PBZ|Plettenberg Bay~1|59118|33287|142|12,1220,20,1,0,100,,-110,-740,135,,-300,560,142
FAPJ|1|JOH|Port St Johns~1|83939|95218|374|09,1100,30,1,0,64,,-190,-720,,,240,310
FAQT|1|UTW|Queenstown~1|80798|68822|1109|12,1200,20,0,1,95,,40,-630,,,-40,630
FAUT|1|UTT|K. D. Matanzima~1|84536|86734|732|14,2600,45,1,1,113,,476,-1065,731,,-445,1448,732;09,1500,30,6,0,69,,-70,-490,,,420,1010
#ZA|S
FAAE|1||Aberdeen~1|75336|40640|750
FAAF|1||Andrew's~a|52367|364|9
FAAN|1||Aliwal North~1|93189|67301|1343
FAAS|1||Ashton~1|61620|498|160
FABD|1||Burghersdorp~1|90191|63073|1443
FABF|1||Barkly East~1|90291|76101|1811
FABW|1||Beaufort West~1|77000|26700|896
FACD|1|CDO|Cradock~1|78433|56456|948
FACN|1||Carnarvon~1|90114|21317|1268
FADA|||De Aar~1|93078|40206|1266|03,1576,,0,0,,,,,1269,,,,1262;18,1366,,0,0,,,,,1262,,,,1271;11,1231,,0,0,,,,,1264,,,,1273;15,1159,,0,0,,,,,1264,,,,1274
FADY|||De Aar Military~1|93635|39197|1230|12,2280,46,1,0,120
FAGR|1||Graaff Reinet~1|78064|45414|794|02,1500,23,1,0,15,,-390,-110,787,,920,310,794;15,854,30,5,0,127,,240,-600,789,,-270,200,789
FAGT|1||Grahamstown~1|67153|64981|651|16,1200,15,1,0,136,,380,-440,,,-400,470;04,1180,40,4,0,20,,-540,-370,,,450,60;12,840,40,4,0,100,,-100,-720,,,-230,170
FAHV|1||Gariep Dam~1|94379|55293|1273|10,1310,23,1,0,79,,-380,-880,,,-170,460;15,1126,23,1,0,124,,550,-470,,,-20,490
FAMO|1|MZY|Mossel Bay~1|58413|20557|162|10,1145,16,0,1,70,,-180,-581,166,,174,582,166
FAOB|1|OVG|Overberg~1|54365|2524|16|17,3115,46,1,1,145,,910,-210,16,,-1400,1710,11;10,2111,40,1,1,75,,400,-2330,16,,880,-110,14
FAPA|1|AFD|Port Alfred~1|64449|68817|84|10L,1828,30,4,1;10C,1312,30,4,1;10R,1200,30,4,1;07,1100,30,4,0;18,800,30,4,0
FAPX|||Paradise Beach~1|58987|48844|5|08,1000,,5,0
FARM|1||Richmond~1|85765|39782|1442
FASL|1||Sutherland~1|75068|7018|1599
FAST|1||Somerset East~1|72498|55950|716
FASX|1||Hendrik Swellengrebel~1|59518|4746|124|15,1003,12,9,0,126,,380,-640,,,-90,140;06,549,46,6,0,40,,-310,-300,,,80,80
FATM|1||Stutterheim~1|74368|73749|815
FAVW|1||Victoria West~1|86006|31564|1257
FAWL|1||Williston~1|86164|9328|1062
FAWO|1||Willowmore~1|67367|34906|795
FAWR|1||Wavecrest~1|74107|85194|27
FAZG|1||Swartberg~1|97657|93371|1641
ZA-0004|||Brown's Landing~1|73035|83216|91|07,549,18,4,0
ZA-0096||MBM|Mkambati~1|87151|99884|171
ZA-0115|||Knysna / High Way~9|60492|29795||13L,671,18,4,0,,,,,240,671,,,236,671
ZA-0180|FAWG||Watts Landing~1|70981|80491|85
ZA-0231|||SHAMWARI|65430|60514|212|12,1013,14,5,0,92,,,,212,,,,212
