#AU|H
YFTL||JFM|Fremantle~2|79549|57330|3
#AU|L
YPPH|1|PER|Perth~3|80597|59670|20|03,3444,45,1,1,14,,-1840,-700,20,,1170,100,13;06,2163,45,1,1,59,,-70,-800,18,,940,1200,18
#AU|M
YABA|1|ALH|Albany~1|50567|78089|71|14,1800,30,1,1,134,,300,-490,69,,-830,910,66;05,1096,30,5,1,45,,-380,-290,68,,320,510,71
YPEA|||RAAF Base Pearce|83322|60150|45|18L,2439,45,1,1,174,,540,-100,36,,-1650,200,34;18R,1741,30,1,0,173,,-100,-200,39,,-1660,0,33;05,1691,45,1,1,45,,-450,-600,35,,630,600,46
YPJT|1|JAD|Perth Jandakot~1|79025|58810|30|12,1508,30,1,1,114,,-245,-852,29,,-808,602,29;06L,1393,30,1,1,54,,-310,-700,29,119,420,500,29,146;06R,1150,18,1,0,54,,-340,-400,29,,270,600,29
#AU|S
AU-0006|||Harrismith~1|70582|78654|274|13,900,,5,0;04,750,,5,0
AU-0007|||Kulin~1|73278|81690|305|04,910,,5,0
AU-0015|||Bremer Bay~1|56194|93319|30|06,1200,,4,0;12,600,,4,0
AU-0018|||Preston Field - Blair Howe|69779|57022|6|18,920,,5,0;09,900,,5,0
AU-0565|YMRO||Moora~1|93151|59821|201
YAUG|||Tallinup-Augusta~1|56714|51570|31|17,1185,,0,0
YBCB|||Bencubbin~1|91786|78672||16,970,,0,0
YBEC|||Beacon~1|95251|78799||18,1200,,0,0
YBEV|||Beverley~1|78747|69496|203|16,1460,,0,0;08,1250,,0,0
YBIU|1||Ballidu~1|94073|67793|303|06,820,,0,0;12,760,,0,0
YBLD|||Brooklands~1|81769|67993||09,1100,,0,0;15,1000,,0,0
YBLN|1|BQB|Busselton Margaret River~4|63128|54003|17|03,2460,45,1,1,26,,-1013,-397,17,,987,753,17
YBOP|||Boyup Brook~1|61000|64670||18,1000,,0,0
YBRO|||Bruce Rock~1|81125|81151||08,1125,,0,0;14,820,,0,0
YBUN|1|BUY|Bunbury~1|66219|56769|16|07,1015,30,1,1,60,,-244,-446,14,,247,723,15,205
YCIG|||Corrigin~1|76620|78274||09,900,,0,0;05,650,,0,0
YCOI|1|CIE|Collie~1|66333|62170|249|10,1150,,0,0
YCRN|||Cranbrook~1|57204|75525||10,1600,,0,0
YCUN|||Cunderdin~1|83778|72167|215|05,1856,45,1,1,45,,-505,-517,210,,550,730,215;14,1523,45,1,0,135,,483,-643,213,,-500,530,212
YCVS|||Cervantes~1|95146|50856||17,900,,0,0
YDME|||Mount Dimer~1|95983|98300||08,1000,,0,0
YDON|||Dowerin~1|88302|70470||07,1050,,0,0
YDUM|||Dumbleyung~1|66667|77500||09,900,,0,0
YDVE|||Dale River~1|77167|65500||15,1000,,0,0
YDWU|||Dalwallinu~1|98002|66554||14,1302,,0,0
YFRK|||Frankland~1|55752|70263|244|08,2000,,0,0
YFTA|||Forrestania~1|74200|97030||15,1533,,0,0
YGIG|||RAAF Gingin|85347|58630|75|08,1828,45,1,1,75,,-120,-900,75,,310,900,74
YGNW|||Gnowangerup~1|60217|80128||12,1500,,0,0
YGOM|||Goomalling~1|86401|68913||06,1000,,0,0
YGSD|||Greenside~6|84762|59404|56|09,1350,20,5,0
YHLM|||Hillman~h|67361|68194||03,1250,,0,0
YJGP|||Jerramungup~1|60818|89045||14,1600,,0,0
YJNB|YJUR|JUR|Jurien Bay~1|96973|50556|5|02,1300,,0,0
YKAE|||Kalannie~1|96400|71216||14,1200,,0,0
YKBG|||Koolyanobbing Range~1|91594|95290||12,1000,,0,0
YKDN|||Kondinin~1|75326|82699||18,1100,,0,0
YKEB|||Kellerberrin~1|83832|77188||11,1000,,0,0
YKNG|1|KNI|Katanning~1|63006|76570||06,1500,,0,0
YKNP|||Kununoppin~1|88765|79060||12,1300,,0,0
YKOJ|||Kojonup~1|62375|71366||17,1300,,0,0
YLGC|||Lake Grace~1|68931|83894|285|11,1206,,6,0
YLUW|||Leeuwin Estate~1|59790|50645||16,1200,,0,0
YLVY|||Lake Varley~1|72804|95058||04,1000,,0,0;15,1000,,0,0
YMDN|||Merredin~1|84780|83221|121|10,1270,,0,0;18,920,,0,0
YMGT|1|MQZ|Margaret River~1|60694|51000|114|02,1103,15,1,1,19,,-476,-165,112,,489,124,113
YMHL|||Mount Holland~1|78872|97657||13,1200,,0,0
YMJM|1|MJP|Manjimup~1|57347|61400|287|12,1224,15,1,1,117,,250,-600,287,,-250,600,283
YMUL|||Murray~a|74917|58420|17|05,1143,18,1,1,48,,,,13,,,,17;09,893,18,6,0,93,,,,17,,,,17
YNAU|||Nannup~1|59667|57330||18,1000,,0,0;10,700,,0,0
YNDG|||Newdegate~1|68957|90181|326|13,910,,0,0;04,810,,0,0
YNRB|||Narembeen~1|78925|84071|305|08,1050,,0,0;01,900,,0,0
YNRG|1|NRG|Narrogin~1|70700|70800|329|10,1250,,3,1;18,1200,,3,0
YNTM|||Northam~1|83722|66870|152|14,1370,,0,0
YQDG|||Quairading~1|79950|74176||06,1300,,0,0;09,650,,0,0
YRAV|||Ravensthorpe~1|64610|99496||18,1200,,0,0;12,900,,0,0
YRTI|1|RTS|Rottnest Island~1|79933|55400|4|09,1293,18,1,1,91,,40,-700,4,,40,700,2,172
YSCR|1|SQC|Southern Cross~1|87600|93600|108|14,1405,,0,0;09,1322,,0,0
YSEN|1||Serpentine~1|76050|58710|3|05,900,,0,0;09,600,,0,0
YSHN|||Shannon River~1|52538|64917||02,900,,0,0
YWDG|1|WRN|Windarling~1|99677|93865|458|10,1850,30,2,0
YWGM|1||White Gum Air Park|81361|69361|305|14,1158,15,7,0,143,,-32,-3,305,,-863,736,317;09,823,18,5,0
YWGN|||Wagin~1|66667|73670||06,1200,,0,0;16,1100,,0,0
YWKM|||Wyalkatchem~1|87974|73789||09,1400,,0,0;04,850,,0,0
YWOH|||Wongan Hills~1|91200|67272||07,1260,,0,0;18,750,,0,0
YWPE|||Walpole~1|50463|66954||14,875,,0,0
YWRC|||Wave Rock~1|75733|89080||08,1400,,0,0
YWSX|||Westonia~1|86810|86848||09,900,,0,0;01,500,,0,0
YYRK|||York~1|81449|67990||06,1200,,0,0
