#AU|L
YPAD|1|ADL|Adelaide~3|50525|85334|6|05,3100,45,1,1,50,,-1100,-1640,4,150,690,960,6;12,1652,45,1,1,123,,630,-1140,4,,-190,360,4
#AU|M
YCDU|1|CED|Ceduna~1|78694|37100|23|11,1740,30,1,1,111,,280,-1200,17,,-280,500,23;17,1014,30,5,1,173,,400,300,22,,-510,400,22
YCEE|1|CVC|Cleve~1|62903|65050|180|08,1350,18,1,1,90,,-50,-601,177,,-70,901,165;18,895,18,4,1,182,,200,-100,176,,-600,-100,165
YKSC|1|KGC|Kingscote~1|42861|75210|7|01,1402,30,1,1,22,,-972,74,7,,549,805,6;15,1164,30,5,1,157,,457,-309,7,,-640,300,6;06,1134,30,5,1,67,,-100,-400,7,,310,700,6
YLEC|1|LGH|Leigh Creek~1|94017|84260|261|11,1710,30,1,1,121,,260,-200,260,,-530,1400,259;02,1219,18,1,0,30,,-540,-600,259,,410,100,259
YPAG|1|PUG|Port Augusta~1|74931|77170|17|15,1650,30,1,1,159,,880,-600,17,,-510,100,14
YPED|1||RAAF Base Edinburgh|52943|86156|20|18,2560,46,1,1,189,,1376,243,18,,-1267,-236,16;04,1962,46,4,3,48,,-550,40,16,,640,1640,20
YPIR|1|PPI|Port Pirie~1|67611|79950|12|17,1069,30,6,1,180,,380,-400,12,,-580,-400,12;08,1043,30,1,1,90,,80,-400,12,,80,700,12;03,672,30,4,1,41,,-210,300,,,240,801
YPLC|1|PLO|Port Lincoln~1|53947|58800|11|01,1499,30,1,1,17,,-730,-300,3,,560,100,6;15,1450,30,5,1,154,,620,-500,11,,-550,200,3;05,1275,30,5,0,58,,-210,-500,6,,410,699,4
YWHA|1|WYA|Whyalla~1|69411|75140|12|17,1686,45,1,1,175,,780,401,11,,-740,600,8;05,1408,30,5,1,54,,-106,-895,12,,683,410,10
#AU|S
AU-0115|||Swan Reach~1|54439|95922|11|05,1504,18,1,0,,,-184,-301,,,236,343
AU-0748|YOKH||Oakden Hills~1|83340|70361|94
AU-0771|YWIR||Wirraminna~1|88072|62199|136
AU-CRJ||CRJ|Coorabie~1|81056|22960
YADG|1||Aldinga~1|47112|84942|34|14,779,9,4,0,140;03,767,9,1,1,30;18,589,9,4,0,180;08,444,9,4,0,80
YAMK|1|ADO|Andamooka~1|95617|71370|23|07,1000,,0,0,,,,,76,,,,76;17,625,,0,0
YAMN|||El Alamein Landing|74625|76933|53|17,981,29,6,0,,,428,-55,,,-454,-14
YARK|1||Arkaroola~1|95933|93460|239|03,650,,0,0
YARS|1||Ardrossan~1|55528|78883|28|15,979,,0,0
YBBO|||Bon Bon~1|95969|54820||02,1500,,0,0
YBDS|||Birthday Siding~1|97111|45283||03,1250,,0,0
YBEE|1||Beverley~1|98094|95553|35
YBLC|1|LCN|Balcanoona~1|94650|93370|44|05,1280,,0,0
YBLM|||Blinman~1|88814|87260|607|04,1100,,0,0;14,600,,0,0
YBOC|1||Booleroo Centre~1|71101|83664|127
YBTN|||Barton Siding~1|94754|26753||09,1200,,0,0
YBUL|||Bulgunnia~1|98155|49052||16,1200,,0,0;12,900,,0,0
YBVA|||Balaklava~1|59090|83398||18,1215,,0,0;13,909,,0,0
YCDB|||Coondambo~1|89466|58644||02,800,,0,0;15,800,,0,0
YCHR|||Childra~1|83000|48330||11,1300,,0,0;18,800,,0,0
YCMM|||Cummins Town~1|57469|57096||13,980,,0,0
YCOF|||Coffin Bay~1|54110|55091||08,1121,,0,0;03,786,,0,0
YCPT|||Carrapateena~1|86917|74434|205|01,1600,30,1,0,,,-726,-216,205,,673,197,205
YCRT|||Carrieton~1|75833|85170||03,1200,,0,0;18,500,,0,0
YCUS|||Cummins~1|57849|56345|60|17,1257,18,3,1,174,,338,-2,53,,-785,-3,60;08,723,18,3,0,73.3
YCVA|||Clare Valley~e|62897|85849|341|17,1200,,9,0;09,600,,4,0
YCWL|1|CCW|Cowell~1|63333|68920|12|17,1472,,0,0,,,,,39,,,,39;04,1188,,0,0,,,,,39,,,,39
YELN|||Elliston~1|63617|49000|6|18,1200,,0,0
YERU|||Erudina~1|85655|94250||17,1000,,0,0;08,900,,0,0
YFFT|||Farrell Flat~1|61532|87774||14,758,,0,0;03,440,,0,0
YFLS|||Flinders Island~1|62690|45010||18,1000,,0,0
YFRD|||Frome Downs~1|87833|97500||06,1100,,0,0;18,550,,0,0
YGAW|||Gawler~1|54001|87191|21|05,1515,,0,0;13,1515,,0,0
YGLD|||Glendambo~1|90184|57777||16,1200,,0,0
YGWA|||Goolwa~1|45199|87443|10|01,1090,,0,0,,,,,32,,,,32
YHAW|1|HWK|Wilpena Pound~1|81441|84681|98|18,1000,,0,0
YHTA|||Hiltaba~1|78575|50990||06,900,,0,0;10,800,,0,0
YIMB|||Kimba~1|69068|64663|233|03,1580,,1,0,,,,,232,,,,232;15,1307,,0,0,,,,,232,,,,232
YJST|||Hubert Wilkins~6|68079|86155||16,1200,,0,0
YKAP|||Kapunda~1|57530|89141|366|04,640,,0,2;15,600,,0,0
YKBY|1|KBY|Streaky Bay~1|71634|42930|21|13,1351,18,1,1,130,,400,-600,21,,-370,500,21;05,780,18,5,0,52,,-790,101,21,,-360,700,21
YKDI|||Kadina~1|60304|76597|13|05,1200,,0,0
YKDL|||Kondoolka~1|79761|48610||17,1300,,0,0;04,1000,,0,0
YKGA|||Kingoonya~1|90856|53073||14,1590,,0,0;04,1190,,0,0
YKIG|||Kingston~1|31767|98750|1|02,990,,0,0
YKKH|||Kokatha~1|87083|52420||16,1300,,0,0
YKOL|||Kolendo~1|75842|62980||17,900,,0,0
YKWG|||Kangaroo Well~1|82150|56380||18,1100,,0,0
YLOK|1|LOC|Lock~1|64558|56930|107|08,950,,0,0
YLVD|||Lake Everard~1|82667|50270||17,1100,,0,0;08,1000,,0,0
YLYK|||Lyndoch~1|53817|89114||18,518,,0,0
YMBD|||Murray Bridge~1|49338|92273|55|01,1065,,0,0;09,910,,0,0
YMEB|||Mount Eba~1|98214|56736||02,1500,,0,0
YMGG|||Mulgathing~1|97726|39883||18,1480,,0,0;03,850,,0,0
YMGN|1|GSN|Mount Gunson~1|85403|71744|87|05,1100,,0,0
YMIN|1|XML|Minlaton~1|52562|75291||15,1390,,0,0
YMIV|||Mount Ive~1|75558|60690||04,950,,0,0;07,750,,0,0
YMLD|||Maitland~1|56088|77077||18,1200,,0,0
YMOE|||Moonaree~1|80339|58750||01,1000,,0,0
YMPA|1|MIN|Minnipa~1|71567|51450|47|17,1364,,0,0,,,,,154,,,,149
YMRA|||Maralinga~1|98367|16250||18,2200,,0,0
YMTW|||Martins Well~1|85264|91110||15,1100,,0,0;10,700,,0,0
YMWO|||Mahanewo~1|82817|64330||15,1200,,0,0;06,1000,,0,0
YNDR|||Nundroo~1|82200|22230||11,1000,,0,0;04,750,,0,0
YNIG|||Nonning~1|74781|64940||08,1000,,0,0
YNIN|||Meningie~1|42990|93455||03,1000,,0,0;15,850,,0,0
YNPU|||Nepabunna~1|93967|89480||05,998,,0,0
YNUB|1|NUR|Nullabor Motel~1|85583|9020|20|10,1100,,0,0
YNWL|||North Well~1|91607|52978||17,1100,,0,0;05,700,,0,0
YODA|||Ooldea~1|95433|18230||10,1200,,0,0
YOLD|1|OLP|Olympic Dam~1|95161|68767|105|07,1860,30,1,1,64,,-295,-983,105,,265,843,97
YOOK|||Cook~1|93817|4060||09,1430,,0,0;17,1360,,0,0
YORR|||Orroroo~1|72090|86721|116|15,1140,,0,0
YPDA||PDN|Parndana~1|41930|72640|166|16,1251,23,4,0
YPKI|||Parakylia~1|96000|63920||03,840,,0,0;14,550,,0,0
YPMB|||Plumbago~1|79467|98720||15,1100,,0,0;09,800,,0,0
YPNG||PEY|Penong~1|80833|30000|24|05,1000,,0,0;12,1000,,0,0
YPPF|||Adelaide Parafield~1|52067|86330|17|03L,1350,18,1,1,28,,-1050,-200,11,,20,500,15;03R,1279,30,5,1,28,,-890,100,12,,130,801,17;08R,992,18,1,0,85,,-230,-1000,11,,-150,100,12;08L,958,18,1,0,85,,-20,-800,9,,50,199,14
YPSH|1|PEA|Penneshaw~1|42442|79629||04,910,,0,0
YPTB|||Peterborough~1|69950|88580||18,1160,,0,0
YPWR|1|UMR|Woomera~9|88558|68170|167|18,2372,45,1,1,186,,910,-300,164,,-1220,-600,167;12,1614,30,5,1,125,,730,-200,163,,-100,1199,165
YQRN|1||Quorn~1|76750|81055|89|17,1100,,0,0
YRBE|||Robe~1|28246|98052|20|14,660,55,4,0;02,415,30,4,0,32,147
YRDA|||Yardea~1|75900|54850||05,1300,,0,0;11,1000,,0,0
YROK|||Rocky River~1|40700|67200||14,1000,,0,0
YRXB|||Roxby Downs Station~1|92916|67107||09,890,,0,0;01,610,,0,0
YRYK|||Rawnsley Park~1|83465|86095||03,1100,,0,0
YSIA|||Siam~1|74425|67090||16,1100,,0,0;13/34,700,,0,0
YSNT|||Snowtown~1|62000|83670||18,696,,0,0;09,606,,0,0
YSYN|||Strathalbyn~1|46822|90000||14,1000,,0,0;10,800,,0,0
YTAR||TAQ|Tarcoola~1|92971|45828|122|09,1300,,0,0;04,1270,,0,0
YTBB|||Tumby Bay~1|56383|60950|3|15,1100,,0,0,,,,,9,,,,3
YTEC|||Tenneco Station Three~1|96633|96650||08,1050,,0,0
YTEN|||Tenneco Station Five~1|80250|92070||18,1050,,0,0
YTHI|||Thistle Island~1|49753|61800|37|06,1400,,0,0
YTNN|||Tenneco Station Four~1|88167|93830||01,1050,,0,0
YVIV|||Mount Vivian~1|94192|57297||18,1200,,0,0;09,1000,,0,0
YWEO|||Wertaloona~1|93500|93500||10,1450,,0,0;14,700,,0,0
YWHI|||Witchelina~1|99604|80587|149|14,1100,,0,0
YWLN|||Wooltana~1|95783|94360||10,1100,,0,0
YWNA|||Wilgena~1|92333|47300||09,1000,,0,0;18,800,,0,0
YWPA|||Wirrealpa~1|88667|89670||10,1150,,0,0
YWUD|1|WUD|Wudinna~1|69567|54470|94|14,1510,30,1,1,144,,890,-601,93,,-220,300,84;07,939,18,5,1,75,,-110,-700,94,,120,201,86
YWYB|||Wynbring~1|94417|35340||09,1259,,6,0
YYOO|||Yalymboo~1|81967|68600||13,900,,0,0
YYOR|1|ORR|Yorketown~1|49964|76193||17,1140,90,5,1
YYTA|1|KYI|Yalata Mission~1|85294|18250||11,1200,,0,0
YYUN|||Yunta~1|74167|95500||15,900,,0,0
