#NZ|H
NZ-0019|NZHH||Jennian Hangar, Waikato~c|21938|52811|61|H1,9,9,1,1,,,0,12,61;H2,9,9,1,1,,,-1,-18,61
NZ-0023|NZMM||Middlemore Hospital Helipad|30368|48452|3
NZ-0024|NZHF||Huka Falls~2|13568|60882
NZ-0103|NZHB||Helena Bay Lodge Helipad|45773|43632
NZAH|1||Taharoa Iron Sands~2|18293|47045|16
NZBC|1||ASB Bank Centre~2|31501|47625|143
NZFA|1||Te Haupa~2|54838|29113
NZJE|1||Dargaville~c|40712|38756|31|H,8,8,2,1
NZJF|1||Whakatāne Hospital Helipad|20344|69767|7|,11,11,1,1
NZJU|1||Wanganui~c|558|50392|13|H,6,6,2,0
NZJY|1||Wairoa~c|9575|74142|18|H,5,5,1,0
NZMB||MHB|Mechanics Bay~2|31535|47879|2
NZOS|1||Otehei Bay Helibarge|47776|42308
NZOW|1||Onetangi~2|31947|50709
NZPK|1||Pikes Point~2|30697|48129
NZPS|1||Paihia Waterfront~2|47181|40929
NZRD|1||Rosedale~2|32575|47159
NZWG|1||Whangamata Helipad|27995|58666|3
NZWJ|1||Wellsford~2|37024|45231|76
NZWZ|1||Warkworth~2|36022|46586|20
#NZ|L
NZAA|1|AKL|Auckland~3|29880|47863|7|05R,3635,45,2,1,72,,-510,-1930,5,343,530,1869,7;05L,3108,45,2,2,71,,-180,-1530,5,350,710,1869,7,470
#NZ|M
NZAP|1|TUO|Taupo~1|12603|60840|407|17,1386,30,1,1,196,,540,301,407,,-680,-200,404;10,670,32,4,0,131,,,,394,,,,403
NZAR|1|AMZ|Ardmore~1|29703|49730|34|03,1411,45,1,1,47.5,,-554,-408,32,105,335,722,33,112;07,597,18,4,0,92,,,,31;03L,518,18,4,0,47.5,,,,34
NZGS|1|GIS|Gisborne~1|13367|79780|5|14R,1310,45,1,1,165.1,,540,-299,4,,-600,100,5;09,1170,60,4,0,116.8,,220,-800,3,,-250,399,4;03,1150,60,4,0,47.6,,-480,-600,3,,220,300,3;14L,763,60,4,0,165.5,,330,100,3,,-340,300,4,199
NZHN|1|HLZ|Hamilton~3|21330|53320|52|18L,2059,45,1,1,196,,880,301,52,118,-810,-301,50,136;18R,875,60,1,0,196,,420,0,52,,-340,-301,49;07,620,30,4,0,95,,460,-700,51,,410,99,52;07R,620,60,0,0,95,,410,-700,51,,360,99,52
NZKK|1|KKE|Kerikeri~1|47409|39133|150|15R,1190,30,1,1,165.5,,710,-230,146,,-350,70,150;15L,685,20,4,0,168.5,,80,-31,146,,-530,70,150;02,490,37,4,0,38.5,,-650,70,148,,-300,371,146
NZKT|1|KAT|Kaitaia~1|49302|32871|82|12,1402,30,1,1,143,,550,-609,68,,-470,390,82;18,1277,30,5,0,201.3,,40,89,78,79,-1080,-310,80
NZNP|1|NPL|New Plymouth~1|9914|41790|30|05L,1310,45,1,1,66.5,,-180,-900,27,,320,501,25;14,1200,40,4,0,156.7,,830,0,22,,-170,501,28;05R,1000,30,4,0,66,,-450,-999,,,-90,99
NZNR|1|NPE|Hawke's Bay~1|5342|68700|2|16,1750,45,1,1,,,381,-196,2,,-1189,-368,2;16R,1750,45,1,3,185,,290,-200,2,,-850,-400,2;07,1219,30,0,0,88.5,,120,-1301,2,,150,199,2,92;16L,766,61,4,2,186,,,,2,,,,2;10,560,35,4,2
NZRO|1|ROT|Rotorua~4|18908|63170|285|18R,1622,30,1,1,205,,880,301,285,,-400,-400,285,60;18L,833,50,4,0,206,,750,400,285,,90,-101,285,308
NZTG|1|TRG|Tauranga~1|23281|61960|4|07,1825,45,1,0,94,,,,4,,,,4;07R,1825,45,1,1,96,,-190,-800,4,,-370,1300,4;07L,750,55,4,0,94,277,-140,-99,4,,-230,799,4;04,640,60,6,0,52,,-120,-800,4,,250,-200,4;16,575,45,6,0,184,,80,-99,4,,-550,-200,2
NZWK|1|WHK|Whakatāne~1|20778|69170|6|09L,1280,30,1,1,113.1,,560,-800,6,,70,500,6;09R,750,30,4,0,113.1,,,,6,,,,6
NZWO|1|WIR|Wairoa~1|9881|74044|13|16,914,30,1,1,175.4,,450,-39,13,,-350,60,10
NZWP|1||RNZAF Base Auckland-Whenuapai|32122|46300|31|03,2031,45,1,1,53,,-840,-900,30,,270,901,18;08,1581,45,2,1,98,,400,-601,21,,200,1101,16;08L,850,45,4,0,99.6,,460,-399,,,330,499
NZWR|1|WRE|Whangarei~1|42307|43637|41|06,1097,30,1,1,81,,110,-570,41,,270,630,38;14,475,60,4,0,163.8
NZWU|1|WAG|Wanganui~1|365|50244|8|11C,1378,45,1,1,131.1,,390,-639,3,24,-360,661,8,33;11,1372,45,1,0,127,,374,-636,3,,-367,650,8;11R,840,85,6,0,128.1,,,,,60;14,700,30,6,0,157,,,,5,,,,6;08,530,30,6,0,103,,100,-427,5,100,-8,177,9,110;11L,504,0,6,0,128.1
#NZ|S
NZCG|1||Centennial Park~e|13347|61347|459
NZCX|1|CMV|Coromandel~1|32083|55090|3|12,623,12,4,1
NZDA|1|DGR|Dargaville~e|40607|38929|2|04,1000,12,5,0,,,,,,78;04G/22G,1000,21,4,0,,,,,2,78
NZDY|||Drury~9|29036|49753|30|18,1000,35,4,0,,,,,30,,,,27,50
NZES|1||Wharepapa South~1|18561|55504|135
NZGA|||Galatea~9|15961|67440|181|01,1205,60,4,0
NZGB|1|GBZ|Great Barrier~e|37586|54720|6|10,930,9,3,0,,,,,6,,,,4
NZHA|||Hawera~1|4467|42670|113|14,965,,0,0,,,,,113,,,,111
NZHS|||Hastings~e|3533|67670|22|01,1074,14,0,1,27,,,,20,122,,,21;11,884,60,0,0,131.1,,,,,176,,,,60;,880,30,0,0,27.2,,,,20,91,,,21;01R,880,60,4,0,31.1,,,,,91
NZKC|||Kelly~a|27439|50720|16|05,700,35,4,0
NZKD|||Motu Kaikoura Island~e|38219|53240|122|04,547,30,4,0
NZKE|1|WIK|Waiheke Island~e|31911|50860|136|17,630,30,4,0,,,890,0,136,,-310,0,123,100
NZKF|||Kaipara Flats~1|35936|45870|34|07,839,30,4,0
NZKO|1|KKO|Kaikohe~1|45489|38170|174
NZKY|||Kowhai~e|1539|64230|256|09,737,60,0,0,,,,,247,70,,,247
NZMA|1|MTA|Matamata Glider~1|22656|57420|55|28,1089,137,4,0,,,,,55,,,,53
NZNE|1||North Shore~e|33433|46550|64|03,811,,2,1,,,,,62,110,,,65,53;09,570,,5,0,,,,,60,50,,,63,10
NZOX|1||Okiwi Station~1|38536|54190|3|18,806,9,3,0,,,,,2,28,,,3,28
NZPI|||Parakai~e|33481|44360|15|07,760,7,1,0
NZRA|1|RAG|Raglan~e|21953|48600|3
NZRK|||Rangitaiki~9|11136|63640|708|16,1504,13,4,0
NZRU|||Waiouru~1|5536|56580|819|13,1194,30,1,0,144.9,,1000,-601,817,,80,200,819
NZSL|||Springhill~1|36764|45560|31|16,870,,0,0,,,,,30,,,,30
NZTE|||Te Kowhai~9|22558|51610|15|05,983,15,4,0,,,,,34,,,,35
NZTH|1|TMZ|Thames~e|28433|55500|3
NZTO|1|TKZ|Tokoroa~9|17633|58920|372|13,850,,0,0,,,,,366,,,,372
NZTT|||Te Kuiti~e|16965|51478|49|16,866,,0,0,,,,,49,,,,49
NZUN|||Pauanui~e|29789|58636|6|05,848,54,4,0,50,,,,6,23,,,6,23
NZWQ|1||Waitiki~e|54728|28382|58|17,777,15,4,0,,,,,61,,,,45
NZWT|1|WTZ|Whitianga~1|31713|56828|3|04,1446,30,4,0,,,,,5,100,,,5,28;16,738,30,4,0,,,,,5,28,,,5,70
NZWV|1||Waihi Beach~1|25696|59524|1|13,584,28,4,0,,,,,1,90,,,1,60
NZYP|1||Waipukurau~1|33|65370|131|02,1055,,0,0,42,,,,131,,,,131,185
#NZ|W
NZAW|1||Auckland Harbour Water~e|31667|47667|0
