#AU|L
AU-0539|YSWS|WSI|Western Sydney International (Nancy-Bird Walton)~1|61165|7130|80|05,3700,476,1,1,152,238,-707,-1438,,61,816,1684,,61
YSSY|1|SYD|Sydney Kingsford Smith~3|60539|11770|6|16R,3962,45,1,1,168,,1670,-500,2,85,-1820,400,4;07,2530,45,1,1,74,,240,-1300,5,,860,1300,6,99;16L,2438,45,1,1,168,,-350,1100,5,231,-2500,1700,4,38
YWLM|1|NTL|Newcastle~1|72039|18350|9|12,3058,45,1,1,130,,900,-1240,9,,-880,1250,5
#AU|M
YARM|1|ARM|Armidale~1|94719|16170|1084|05,1738,30,1,1,58,,-490,-801,1076,,330,800,1081;09,1116,30,5,0,97,,400,-700,1074,,280,499,1084
YCFS|1|CFS|Coffs Harbour~1|96794|31160|5|03,2080,45,1,1,41,,-1775,-942,4,,-360,500,5;10,849,18,1,0,107,,410,-200,3,124,190,700,5
YGDH|1|GUH|Gunnedah~1|90425|2490|263|11,1646,30,1,1,123,,390,-800,262,,-410,600,263;17,592,30,4,0,183,,230,201,262,,-300,201,262
YKMP|1|KPS|Kempsey~1|89277|27653|16|04,1650,30,1,1,54,,-420,-730,16,,440,670,15;16,614,18,4,2,170,,350,370,,146,-210,470
YMRY|1|MYA|Moruya~1|41022|1440|4|18,1523,30,1,1,192,,900,399,4,,-450,100,4;04,827,18,5,0,57,,-600,-400,4,,-180,399,3
YPMQ|1|PQQ|Port Macquarie~1|85642|28630|4|03,1586,30,1,1,30,,-714,-578,3,,690,400,4;10,696,18,4,2,114,,320,300,4,,60,1000,4
YSBK|1|BWU|Sydney Bankstown~1|60764|9908|9|11C,1415,30,1,1,124,,400,-681,6,155,-320,520,8,60;11L,1100,30,1,1,124,,350,-380,6,,-210,619,9;11R,1042,23,1,1,124,,200,-580,5,,-320,320,7
YSCN|1|CDU|Camden~1|59617|6864|70|06,1464,30,1,1,65,,-230,-540,67,,330,861,70,429;10,723,30,4,0,111,,-320,-439,67,,-550,260,69
YSHL|1|WOL|Shellharbour~1|54389|7890|9|16,1819,30,1,1,169,,960,-400,7,,-640,0,9,176;08,1331,30,1,1,94,,-120,-700,9,,-210,701,5,97
YSNW|1|NOA|Naval Air Station Nowra - HMAS Albatross|50534|5425|122|08,2094,45,1,1,95,,-130,-1551,122,,-270,650,110,91;03,2046,45,1,1,45,,-230,-650,109,,1090,950,115
YSRI|1|XRH|RAAF Base Richmond|63953|7831|20|10,2134,45,1,1,107,,310,-1210,20,,-260,990,16
YSTW|1|TMW|Tamworth~1|89221|8455|407|12L,2200,45,1,1,133,,680,-849,391,,-670,850,404;12R,1110,18,1,0,133,,-340,-1251,402,,-1020,-450,407;18,1020,30,4,0,188,,80,150,394,37,-830,-50,407;06,842,30,4,0,73,,-530,-250,400,,-310,550,399
YTRE|1|TRO|Taree~1|81114|25140|12|04,1504,30,1,1,45,,-420,-401,10,115,540,700,2;12,564,18,0,0,138,,410,-600,10,94,30,-201,10
#AU|S
AU-0016|||Middlebrook Station Scone~6|80288|8115|274|18,900,,4,0
YBBA|||Barraba~1|96063|5977||15,1200,,0,0
YBLI|||Bald Hills~1|96693|24583|1232|15,815,30,4,0,,,334,-153,,,-328,212
YBOG|||Boggabri~1|92833|500||03,1000,,0,0;14,920,,0,0
YBVL|||Blackville~1|84135|1745||18,850,,0,0
YCMH|||Camden Haven~1|83350|27420|1|12,915,,0,0
YCNK|1|CES|Cessnock~1|72125|13420|64|17,1097,18,1,1,186,,756,-101,,,-223,-274
YDOC|||Dochra~9|73499|12090|56|18,3110,,0,0;14,1720,,0,0
YEES|||Elderslie~1|74003|13400|34|10,700,,0,0
YFST|1|FOT|Forster (Wallis Is)~1|77975|24811|1
YGCR|||Gloucester~1|79467|19761||17,803,,0,0
YGGO|||Goonoo Goonoo~1|87013|9206||03,1000,,0,0
YJBY|1||Jervis Bay~1|48542|6963|61|15,1524,46,1,0,166,,407,-137,,,-913,327;08,1463,46,1,0,94,,55,-811,,,-57,792
YKAT|1||Katoomba~1|63322|3227|305|06,900,,0,0
YLHI|1|LDH|Lord Howe Island~1|84618|90755|2|10,886,,0,0,,,,,5,,,,5
YLMQ|1|BEO|Lake Macquarie~1|69340|16463|2|07,672,,0,0,,,,,1,,,,2
YMIG|||Mittagong~1|55498|4974||06,1000,,0,0
YMND|1|MTL|Maitland~1|72987|14929|26|05,1226,15,1,1,62,,-231,-422,26,98,376,670,21;08,1009,10,1,0,94,,25,-448,23,266,-25,628,23,208;18,502,18,4,0,,,513,34,24,,71,-87,24
YMVM|||Mangrove Mountain~1|67149|12127|280|18,1600,,0,0;07,500,,0,0
YNHS||NBH|Nambucca Heads~1|93269|29842||02,900,,0,0
YOAS|||The Oaks~1|59159|5596|277|08,850,,0,0;18,850,,0,0
YQDI|1|UIR|Quirindi~1|85018|5217|321|14,1770,30,5,1,140,,730,-769,312,,-480,430,313;06,1106,18,1,0,65,,-330,-870,312,,80,230,315
YRBN|||Robertson~6|53551|6421|567|06,492,51,4,0,,,-127,-280,,,91,278
YSCO|1|NSO|Scone~1|79620|8320|227|11,1404,30,1,1,124,,316,-607,226,,-346,653,215
YSGT|1|SIX|Singleton~1|73992|11931|14|10,1100,,0,0
YSMB|1|GOS|Somersby~6|66323|12998|262
YSWK|||South West Rocks~1|90754|30276|2|01,839,50,4,0,,,-421,-148,,,443,-61
YUPH|||Upper Horton Wyl~1|98935|4043|382|18,1000,,0,0
YWBH|||Wallabadah~1|84234|9341||10,1000,,0,0
YWBN|||Wedderburn~e|58187|8089|259|17,853,,0,0
YWCH|1|WLC|Walcha~1|89905|15474||06,1575,,0,0;13,854,,0,0
YWIO|||Wilton~1|57800|6708||02,1000,,0,0;18,700,,0,0
YWKW|||Warkworth~1|74518|10243||10,1000,,0,0
YWOM|||Woolomin~1|86833|11330||13,700,,0,0
YWVA|||Warnervale~1|67597|14297|8|02,1000,,2,0
#AU|W
LBH||LBH|Palm Beach~7|64129|13234
RSE||RSE|Rose Bay~7|61310|12620
