#AU|H
YBPK||KAH|Melbourne Heliport, Batman Park|21777|49568|3
YPXR|1||Portland Hospital Helipad|16586|16063
#AU|L
YMAV|1|AVV|Melbourne Avalon~3|19597|44672|11|18,3048,45,1,1,187,,1306,222,10,,-1411,-237,10
YMML|1|MEL|Melbourne~1|23293|48379|132|16,3657,60,1,1,171,,1750,-289,132,,-1510,310,101;09,2286,45,1,1,94,,990,-1589,120,,840,1011,124
#AU|M
YARA|1|ARY|Ararat~1|26900|29887|307|12,1240,18,1,1,125,,180,-370,307,,-470,829,307;04,660,30,4,0,55,,-100,-170,,,250,430
YBHI|1|BHQ|Broken Hill~1|79986|14720|292|05,2515,30,1,1,56,,-760,-1100,276,,510,1100,292;14,1000,30,8,1,143,,-240,-500,279,,-960,101,277
YBKE|1|BRK|Bourke~1|99608|59520|107|05,1830,30,1,1,64,,-570,-1500,107,,190,199,107;18,1000,30,4,0,188,,680,500,107,,-210,399,107
YBLA|1|BLN|Benalla~1|34481|60070|173|08L,1043,18,4,0,60;08R,1043,18,3,1,94,,-10,0,172,,-80,1101,173;17L,718,18,4,0,60;17R,718,30,4,0,175,,220,-200,171,,-430,-200,172
YBNS|1|BSJ|Bairnsdale~1|21125|75694|50|04,1101,30,1,1,55,,-281,-506,50,,283,517,47;14,850,18,1,0,145,,411,-362,50,,-216,195,49
YBRN|1|BZD|Balranald~1|53752|35771|64|18,1185,18,1,1,186,,530,90,64,,-530,-10,64;08,650,30,4,1,88,,290,-110,,,310,589
YBTH|1|BHS|Bathurst~1|65932|96512|742|17,1705,30,1,1,176,,601,-52,729,,-931,70,742;08,1315,30,5,0,91,,10,-220,730,,0,1179,739
YCBA|1|CAZ|Cobar~1|84617|57940|221|05,1696,30,1,1,55,,-320,-700,215,,508,707,220;17,899,30,0,0,175,,22,81,217,,-800,200,218
YCBB|1|COJ|Coonabarabran~1|86675|92670|645|11,1520,30,1,1,123,,540,-1100,641,,-210,200,645;01,649,30,4,0,29,,-250,300,645,,260,700,643
YCNM|1|CNB|Coonamble~1|90191|83778|184|05,1527,30,1,1,54,,-540,-880,182,,270,420,182;12,580,30,4,0,129,,410,-381,181,,80,120,184
YCOM|1|OOM|Cooma Snowy Mountains~1|36996|89724|941|18,2120,45,1,1,193,,990,261,929,71,-870,-240,941;14,622,18,5,2,150,,-440,-240,937,,-920,61,947
YCOR|1|CWW|Corowa~1|40053|63570|143|05,1827,45,1,1,55,,-610,-1200,141,,197,140,141;14,1524,30,1,0,145,,1160,-1101,141,,224,-219,141,45
YCRG|1|CYG|Corryong~1|38172|78880|294|06,1401,30,1,1,72,,-250,-800,293,78,130,600,289,88
YCTM|1|CMD|Cootamundra~1|53757|80366|338|16,1427,18,1,1,174,,712,-96,336,,-545,85,338,300;10,855,30,4,0,111,,10,-759,334,,-260,40,338
YCWR|1|CWT|Cowra~1|61531|86480|294|15,1630,30,1,1,162,,767,-310,293,,-625,250,297;03,1166,18,6,0,41,,50,-499,291,,840,399,294
YDLQ|1|DNQ|Deniliquin~1|44406|49460|96|06,1219,30,1,1,66,,-170,-600,96,,280,700,94;12,600,30,6,0,142,,680,-301,94,,-360,713,95
YECH|1|ECH|Echuca~1|38428|47620|98|17,1102,18,1,1,178,,-60,-1,98,,-1186,31,98;05,510,18,5,0,58.5,,-70,-300,,,170,201
YFBS|1|FRB|Forbes~1|66364|79350|232|09,1228,18,1,1,99,,180,-1399,231,,10,-99,231
YGLB|1|GUL|Goulburn~1|51897|97260|653|04,1283,30,1,1,48,,-290,-400,653,,490,599,637;08,676,30,6,0,92,,60,101,644,,40,900,637
YGTH|1|GFF|Griffith~1|57492|60670|134|06,1503,30,1,1,65.8,,-643,-1518,130,,-14,179,134;18,600,30,4,0,189,,410,200,135,,-120,99,135
YHAY|1|HXX|Hay~1|54686|48300|93|04,1463,30,1,1,44,,-600,-599,92,,350,501,92;15,1140,30,6,0,155,,750,-300,93,,-180,200,93
YHML|1|HLT|Hamilton~1|23511|20650|245|17,1404,30,1,1,180,,1026,-310,233,,-510,-300,238;10,1233,30,5,0,113,,290,-599,237,,-150,701,244
YHOT|1|MHU|Mount Hotham~1|29525|73340|1298|11,1451,30,1,1,119.1,,240,-600,1298,,-370,800,1289
YHPN|1|HTU|Hopetoun~1|42847|23600|78|01,1137,18,1,1,21,,-460,-200,78,27,480,301,78;08,487,30,4,1,91,,130,-200,,,130,301
YHSM|1|HSM|Horsham~1|33303|21730|136|08,1322,30,1,1,90,,80,-199,134,,90,1300,136;17,799,18,8,0,180,,70,-100,134,,-908,-92,134
YKER|1|KRA|Kerang~1|42486|39390|77|14,1067,18,1,1,149,,350,-499,77,,-470,100,77;05,691,18,5,1,59,,-130,0,,,190,700
YKII|1|KNS|King Island~1|1225|38780|40|10,1584,30,1,1,115,,410,-800,33,,-190,899,31;17,1107,30,0,1,185,,470,699,29,,-530,600,40;06,800,30,5,1,74,,-40,100,38,,170,1000,27
YLTV|1|TGN|Latrobe Valley~1|17890|64708|55|03,1430,23,1,1,45,,-453,-571,50,,450,578,55;09,919,18,5,1,97,,589,-539,48,,487,497,55;03L,466,50,4,0,,,104,-72,,,444,363
YMAY|1|ABX|Albury~1|39332|69591|164|07,1900,30,1,1,81,,-130,-1009,164,,140,1090,162
YMDG|1|DGE|Mudgee~1|74352|96095|471|04,1739,30,1,1,52,,-490,-749,459,,470,750,471;16,1075,30,4,0,171,,970,149,471,,10,351,466
YMEN|1|MEB|Melbourne Essendon~1|22719|49020|86|08,1921,45,1,1,88,,-329,-912,73,,-269,1266,73;17,1314,45,1,1,177,,768,-124,86,,-584,-59,86,271
YMER|1|MIM|Merimbula~1|30914|99010|2|03,1602,30,1,1,34,,-430,-400,2,,770,600,2
YMES|||RAAF Base East Sale|19011|71490|7|04,2437,45,1,1,54,,-710,-999,6,,580,1200,4;09,2230,45,1,1,99,,320,-2099,7,,10,400,4
YMIA|1|MQL|Mildura~1|57708|20860|51|09,1830,45,1,1,102,,280,-1199,51,,-50,700,49;18,1139,30,1,1,186,,340,400,49,,-690,300,50
YMMB|1|MBW|Melbourne Moorabbin~1|20222|50998|15|17L,1335,30,1,1,176,,608,-50,15,277,-593,55,11,174;17R,1240,18,1,0,176,,581,-291,15,188,-533,-194,12,148;13L,1149,30,1,1,142,,565,-190,15,110,-248,611,12;13R,1060,18,1,0,142,,332,-270,14,161,-426,479,11,140;04,571,18,1,1,47,,-171,-169,12,71,115,226,14,30
YMTG|1|MGB|Mount Gambier~1|22556|7806||18,1644,,1,0;11,922,,1,0;06,846,,1,0
YNAR|1|NRA|Narrandera~1|52978|65120|144|14,1616,30,1,1,144,,890,-700,143,,-290,401,143;05,1020,30,5,0,53,,-150,-300,144,,349,509,143
YNBR|1|NAA|Narrabri~1|96808|98270|240|18,1524,30,1,1,193,,510,100,226,,-1043,-353,218;09,1213,30,4,0,95,,538,194,223,,470,1001,240
YNRM||QRM|Narromine~1|77853|82250|238|11,1521,30,1,1,121,,240,-700,237,,-480,600,238,258;04,1100,45,1,0,54,,-370,-401,238,,210,500,238
YORG|1|OAG|Orange~1|66180|91313|949|11,1676,30,1,1,125,,730,-1221,945,,-430,670,949;04,780,30,4,0,52,,357,-1029,949,,880,-230,941
YPKS|1|PKE|Parkes~1|68686|82390|326|04,1684,45,1,1,55,,-580,-800,314,,290,600,325;11,1622,30,1,0,124,,660,-900,315,,-180,600,326,173
YPOD|1|PTJ|Portland~1|16819|14710|81|08,1616,30,1,1,87,,-140,-800,78,,-70,1000,80;17,1180,30,5,0,177,,440,-500,81,,-620,-400,77
YREN|1|RMK|Renmark~1|58036|6740|35|07,1740,30,1,1,74,,-400,-1400,33,,30,399,33;18,1024,30,5,0,185,,0,500,34,,-910,399,34
YSCB|1|CBR|Canberra~1|46931|91950|575|17,3283,45,1,1,180,,1627,-56,571,,-1330,-56,570,600;12,1679,30,1,1,130,,620,-1000,564,363,-350,401,575,65
YSDU|1|DBO|Dubbo City~4|77833|85750|285|05,1708,45,1,1,53,,-610,-600,285,,300,799,275;11,1067,18,1,0,118,,230,-200,277,,-230,799,283
YSHT|1|SHT|Shepparton~1|35717|53915|114|18,1378,18,1,1,191,,615,146,114,140,-399,-87,114,150;09,423,30,5,0,98,,-118,-64,114,,-183,412,114
YSWG|1|WGA|Wagga Wagga~1|48365|74683|221|05,1770,45,1,1,62,,-360,-829,217,,390,870,213;12,851,18,0,1,125,,-73,-524,211,,-515,240,221
YSWH|1|SWH|Swan Hill~1|46242|35330|71|08,1495,30,1,1,92,,90,-801,70,,70,800,69;04,965,23,4,1,49,,-626,-207,71,,-47,608,69;15,710,30,4,1,156,,-40,200,70,,-620,499,69
YSWL|1|SWC|Stawell~1|29283|27410|246|11,1403,30,1,1,115,,610,-1399,246,,80,0,246;18,854,18,1,0,185,,40,100,246,,-730,0,246
YTEM|1|TEM|Temora~1|55786|75120|281|05,1967,30,1,1,62,,-440,-1700,278,,390,201,275;18,1468,30,1,1,189,,400,300,276,,-910,100,279;09,815,30,5,0,99,,-40,-400,277,,-160,500,277
YTMU|1|TUM|Tumut~e|47317|82405|268|17,1060,18,1,0,182,,490,50,256,,-470,-49,262
YWGT|1|WGT|Wangaratta~1|35821|63069|154|18,1640,30,1,1,188,,960,310,152,,-500,11,154;09,530,18,4,0,98,,-100,-690,,,-170,-90
YWKB|1|WKB|Warracknabeal~1|36789|24190|121|08,1372,30,1,1,86,,-100,-601,121,,-10,899,120;17,763,30,4,1,176,,360,-100,116,,-330,1,120
YWLG|1|WGE|Walgett~1|99672|81260|134|05,1626,30,1,1,58,,-450,-800,134,,320,700,134;18,1153,30,4,1,191,,620,1,134,,-410,-201,134
YWRN|||Warren~1|82667|78030|204|09,1187,18,1,1,100,,0,-1,204,,-170,1299,204;03,1055,30,4,0,42,,-740,-1099,204,,-20,-300,204
YWSL|1|SXE|West Sale~1|19092|69653|22|09,1527,30,1,1,100,,110,-830,19,,-158,1170,21;14,699,30,4,0,146,,-100,-130,20,,-620,369,28;05,500,30,4,0,57,,-400,-329,23,,-150,170,22
YWWL|1|WWY|West Wyalong~1|60628|71910|262|09,1585,30,1,1,99,,-80,-1000,262,,-300,700,256;04,780,18,5,0,42,,-250,199,258,,280,700,258
YYNG|1|NGA|Young~1|57444|82471|386|01,1220,18,1,1,15,,-531,-168,386,,532,169,381
#AU|S
AU-0032|||Tumbarumba~1|42374|78869|607|01,1158,49,4,0,,,-591,-123,,,590,121
AU-0053|||Snowy Range~9|26514|67660|1585|18,900,,4,0;09,700,,4,0
AU-0054|||Delatite~6|28549|61594|355|08,932,,4,0
AU-0224|YFGS||Frogs Hollow~9|32395|98042|86
AU-0255|||Gulgong Aero Park~1|77013|95596|440|08,1488,,6,0,94
AU-0256|||Wyaldra~6|77041|95515|440|09,500,,4,0
AU-0377|||Wiawera Station~6|77080|4072|270|10,1341,30,6,0
AU-0384|||Pine Valley~6|66837|1949|91|01,848,21,6,0
AU-0490|YPAS||Packsaddle~1|97058|21376|104
AU-0650|||Bunurong~a|13783|56690||17,820,,4,0;09,800,,4,0
AU-0708|||Manna Hill~1|75722|62|364|07,1223,19,6,0,73,,-95,-703,364,0,116,685,364,0
AU-0783|YJBO||JDandBoo|21423|69175|116|14,213,,4,0;08,128,,4,0
AU-0809|YFBR||Fairey Bower~9|91167|82463|166
WHL||WHL|Welshpool~1|13176|64453|11
YACS|||Acacia Downs~1|85833|19000||15,1274,,0,0;03,1035,,0,0
YADY|||Adaminaby~1|40022|87960|1020|09,883,48,4,0
YALN|||Allandy~1|96117|26252||14,1100,,0,0;09,700,,0,0
YARL|||Ardlethan~1|55887|68588||09,800,,0,0
YATR|||Amphitheatre~1|28167|34000||10/36,1097,,0,0
YAVM|||Avonmore~1|34333|45500||04,760,,0,0
YBAD|1||Baradine~1|90448|90920|304|11,1480,,0,0
YBAO|||Braidwood~1|45620|98444|677|07,650,,0,0
YBBT|1||Boort~1|38614|37230|91|10,1100,,0,0
YBCH|||Beechworth~6|36067|66964|610|15,610,,0,0
YBCL|||Boolcarrol Station~1|99646|93733||17,1500,,0,0
YBDG|1|BXG|Bendigo~1|32606|43300|215|17,1600,30,1,1,182,,1093,47,205,,-347,-12,215;05,767,18,3,0,61,,-194,-609,211,,141,142,210
YBEF|||Beaufort~1|25500|32500||18,800,,0,0
YBEU|||Beulah 1~1|40500|24170||18,609,,0,0
YBGR|1||Bridgewater~1|33804|39521|28|09,2200,,0,0;18,760,,0,0
YBIR|1||Birchip~1|40003|29170|104|04,1043,18,1,1,52,,-70,-300,104,,510,600,104,66;09,524,30,4,0,98,,-90,-201,,,-150,401
YBLT|1||Ballarat~1|24883|37910|437|05,1265,30,1,1,62,,-89,-458,435,,453,809,436;18,1245,30,1,1,189,,480,394,435,,-626,179,436;13,568,30,4,0,135,,628,-359,433,,268,99,436
YBMM|||Bamawm~1|37500|46330||08,730,,0,0
YBOM|1||Bombala~1|30950|91820|736|10,800,,0,0;18,650,,0,0
YBOR|||Bordertown~1|37319|7220|81|17,1300,,0,0;13,780,,0,0
YBRA|||Benambra~1|30331|76991|671|14,1160,,5,1,,,,,,,,,,148
YBRJ|||Burren Junction~1|98410|89747|167|14,1234,,0,0
YBRS|||Barwon Heads~1|17439|44279|15|18,800,10,1,0;09,520,30,4,0
YBSS|||Bacchus Marsh~1|22667|44217|158|01,1554,25,0,0,,,-628,-286,,,443,189;09,1524,25,0,0,,,371,-502,,,29,1176
YBTT|||Buttabone~1|86234|76068|176|10,1288,21,6,0,110
YBUP|||Bunyip~1|19833|57500||08,686,,0,0
YBUY|||Bunyan~9|38658|91320|774|09,1219,,4,0,109,,,,774,,,,796;15,1097,,4,0,161,161,,,774,,,,796;12,701,,4,0,129,,,,780,,,,796;16,549,,4,0,167,,,,765,,,,780
YBYR|||Byrock~1|93418|63947|146|13,1607,,0,0
YCAH|1|CLH|Coolah~1|82261|96153|154|08,1074,,0,0,,,,,504,,,,504
YCAL|||Castlemaine~1|28658|41582|294|09,909,,0,0;18,606,,0,0
YCDE|||Cobden airport|16766|30566|140|18,1046,,0,0
YCDO|1|CBX|Condobolin~1|69344|72132|198|01,1372,30,1,1,25,,-460,-220,193,,670,380,198;10,1203,30,6,0,105,,260,-1320,194,,-20,-119,193
YCEM|||Coldstream~1|22723|54084|85|17,740,,0,0
YCES|||Ceres~1|18517|42580||18,825,,0,0
YCHL|||Charlton~1|37500|33000|140|03,1140,,0,0
YCLE|||Callendale~1|27567|4450||01,1000,,0,0;09,700,,0,0
YCLT|||Collector~1|51167|94170||07,1000,,0,0
YCLY|||Coleambally~1|51978|58467||18,1100,,0,0
YCNG|||Cooranga~1|31800|2730||06,920,,0,0;18,920,,0,0
YCNO|||Conargo~1|46862|51062||05,1220,,0,0
YCNQ|||Coonawarra~1|27228|8118||18,1000,,0,0
YCNR|||Cann River~1|24833|91670||04,610,,0,0
YCOH|||Cohuna~1|41735|42138||16,1000,,0,0
YCPK|||Coombing Park~1|63714|91257|734|07,1160,25,6,0
YCRA|||Carinda~1|95417|77080|40|06,1137,,0,0
YCRL|||Crookwell~1|55000|94614||09,915,,0,0
YCTN|||Casterton~1|23867|13617|159|16,1200,,0,0
YCUA|1|CUG|Cudal~1|67220|87687|150|09,1355,,0,0,,,,,479,,,,489
YCUR|||Cabramurra~1|40731|83925||12,720,,5,0
YCUT|||Cuthero~1|70406|20556||11,1300,,0,0;02,800,,0,0
YCWO|||Chatsworth~1|21472|26210||18,790,,0,0
YDAL|||Dallas~1|54333|61830||09,1100,,0,0;18,650,,0,0
YDEG|||Delegate~1|29386|89420|776|15,800,,0,0
YDER|||Derrinallum~1|20658|32278|183|16,700,,0,0
YDLL|||Dunolly~1|31500|37000||10,1000,,0,0
YDOD|||Donald~1|36397|30080|125|09,1166,18,1,1,98,,60,-300,125,,-80,1001,125;18,788,30,4,0,188,,-50,-100,125,,-780,-200,125
YEAB|||Euabalong~1|68627|64245||05,1067,,0,0
YEAT|||Yea~1|27842|64300||18,822,,0,0
YEDE|||Edenhope~1|29798|12669||18,1000,,0,0
YELM|||Elmore~1|35098|46472||01,900,,0,0,15
YELS|||Baddaginnie (Earlston)~1|34488|58051||18,1219,,0,0
YEUA|||Euroa~e|32563|55127|169|01,900,10,4,0,,,,,169,,,,169;15,700,10,4,0,,,,,169,,,,169
YFCK|||Fish Creek~1|12914|60544|66|18,450,,0,0
YFIL|1|FLY|Finley~1|43411|55612|116|05,900,,0,0
YFSK|||Fiskville~1|23219|42208||09,800,,0,0;18,700,,0,0
YFVW|||Fairview~1|72093|87238||04,730,,0,0;10,550,,0,0
YGAH|||Greenbah~1|98742|94346||15,758,,0,0
YGBW|||Gunbower~1|40333|43815||14,850,,0,0
YGDO|1||Gundaroo~1|49495|92559|567
YGGI|||Goolgowi~1|60036|57162||02,1100,,0,0
YGIL|||Gilgandra~1|83029|86365|98|15,1282,,0,0;08,580,,0,0
YGLN|1||Glencoe~1|83794|81988|222|15,800,,0,0;11,600,,0,0
YGMP|||Grampians~1|29517|22704||09,1130,,0,0
YGNF||GFE|Grenfell~1|60000|81330|329|03,810,,0,0
YHAE|||Harden~1|54372|83927||08,850,,0,0
YHBK|||Holbrook~1|43199|73224|81|04,810,,0,0;14,580,,0,0
YHLS|||Hillston~1|65067|55230|123|06,1299,18,1,0,72,,-277,-603,,,100,727;14,820,30,4,0,151.4
YHRG|||Haddon Rig~1|85340|78955||12,1700,,0,0;15,1400,,0,0
YILA|||Milawa (Brown Brothers)~1|35438|64331|160|02,1000,,0,0
YITT|||Mitta Mitta~1|34861|73590|250|14,910,,5,0
YIVO|||Ivanhoe~1|71176|43107|101|16,1246,18,1,1,173,,113,-15,,,-1000,139;09,1019,30,0,0,97.8
YJEM|||Jemalong~1|74768|75798||09,900,,0,0;01,600,,0,0
YJER|1||Jerilderie~1|46270|57232|34|01,1128,,0,0
YJIN|||Jindabyne~1|35709|85997|1036|12,1000,,0,0;10,870,,0,0
YKAY|||Kayrunnera~1|93207|25371||12,1400,,0,0;01,1200,,0,0
YKCK|||Killiecrankie~9|1512|78580|44|09,1400,,0,0
YKHA|||Khancoban~1|37841|81137||13,1505,,0,0
YKNV|||Kaniva~1|36591|12680|136|06,548,,0,0
YKOG|||Koongarra~1|40000|22170||08,900,,0,0
YKTH|||Keith~1|38849|2522|24|18,1200,,0,0
YKTN|||Kyneton~1|27737|44473|503|18,710,,0,0;09,660,,0,0
YKUW|||Kurweeton~1|19500|31500||09,920,,0,0;18,603,,0,0
YKYB|||Kyabram~1|36675|49721|104|09,914,,0,0;18,548,,0,0
YLAN|||Langawirra~1|85576|21378||16,700,,0,0;18,600,,0,0
YLAO|||Lameroo~1|46333|5500||09,900,,0,0;18,600,,0,0
YLCG|||Lake Cargelligo~1|67172|63754|52|06,1200,,0,0,,,,,169,,,,169;12,880,,0,0,,,,,169,,,,169
YLED|||Lethbridge~j|20788|41031|241|10,1100,12,1,0,,,91,-566,,,-233,688;16,1050,19,0,0,,,470,-313,,,-471,-123
YLEE|||Leeton~1|55002|64466|140|04,1500,,0,0
YLEG|||Leongatha~1|15035|58606|80|04,924,18,3,0,47,,-262,-359,80,,384,502,80;18,669,18,5,0,188,,319,52,,,-283,-57
YLET|||Lakes Entrance~1|21472|79512||08,900,,0,0
YLIL|||Lilydale~1|23070|53670|74|18,1000,,0,0,,,,,73,,,,73
YLMB|||Lambrook~1|89000|99330||11,1066,,0,0;18,766,,0,0
YLMU|||Mungo Lodge~1|62542|30013||06,1000,,0,0
YLOD|||Longwood~1|31858|54658|193|13,600,,0,0
YLOH|||Louth~1|94686|51284||09,1065,,0,0
YLOX|||Loxton~1|55250|6630|12|08,1186,,0,0;17,854,,0,0
YLOY|||Longwarry~1|18917|57780||09,730,,0,0
YLSM|||Lismore~1|20667|33500||08,700,,0,0;15,610,,0,0
YLUI|||Lucindale~1|30283|3520||08,1000,,0,0
YLUL|||Mooleulooloo~1|83566|5129||02,1235,,0,0;16,1140,,0,0
YLVB|||Lovely Banks~1|19667|43330||18,900,,0,0;09,650,,0,0
YMAG|||Manangatang~1|49532|28617||18,1000,,0,0;09,640,,0,0
YMBT|||Mount Beauty~1|32684|71689|335|14,1500,20,1,0,,,,,,,,,,310
YMBU|||Maryborough~1|29669|37090|233|17,1041,30,3,1,174,,260,-214,233,,-670,-71,233;06,582,30,5,0,68,,14,-16,,,273,777
YMCO|1|XMC|Mallacoota~1|24017|97200|9|18,1028,,0,0,,,,,26,,,,23;07,881,,0,0,,,,,31,,,,23
YMCT|1|MLR|Millicent~1|24164|3660|17|08,1200,18,1,1,85,,12,-619,17,,160,799,17
YMED|||Menindee~1|76333|24050||01,1280,,0,0;15,915,,0,0
YMEL|||Melton~1|23782|45651|62|04,900,,0,0;10,900,,0,0
YMEO|||Merton~1|30323|57076|336|10,670,,0,0
YMEY|||Mullaley~1|89000|99170||12,1050,,0,0;01,715,,0,0
YMFD|||Mansfield~1|29261|61207|320|15,900,,0,0
YMLN|||Monolon~1|97970|32176||01,1150,,0,0;13,1150,,0,0
YMNG|||Mangalore~1|31117|51840|142|05,2027,45,1,1,55,,-514,-1100,139,,557,739,141;18,1461,30,1,1,189,,554,601,141,,-744,344,142
YMOM|||Moulamein~1|49416|40213|71|04,1200,,0,0
YMPC|||RAAF Williams, Point Cook Base|20678|47530|4|17,1374,45,2,1,175,,800,1,4,,-430,200,2;04,1137,45,2,0,49,,-420,-700,3,,260,300,3;08,1066,45,4,0,90
YNGB|||Nagambie~1|32617|51250||02,800,,0,0
YNHL|||Nhill~1|36899|16434|138|18,1102,30,4,1,187,,310,60,135,,-680,-140,128;09,1000,18,1,1,103,,30,-140,130,,-160,859,137
YNRC|1|NAC|Naracoorte~1|30147|7250|52|02,1118,30,6,1,27,,-469,-197,49,,610,500,50;08,1048,18,1,1,84,,440,-800,49,,540,400,50
YNVE|||Navarre~1|30791|30911||04,853,,0,0
YNVL|||Normanville~1|42167|37000||13,457,,0,0
YNYM|||Nymagee~1|79460|63123||13,1067,,0,0
YNYN|1|NYN|Nyngan~1|84494|72030|173|05,1643,30,1,1,59,,-380,-700,173,,370,701,173;18,1062,30,4,0,193,,600,-200,173,,-330,-500,173
YOLA|1|XCO|Colac~1|17133|36800|137|09,850,10,1,0,,,137,-938,,,20,57
YOMO|||Omeo~1|28934|76066||13,800,,0,0
YORB|1|RBS|Orbost~1|22100|86100|9|07,1140,,0,0,,,,,24,,,,29
YOUY|1|OYN|Ouyen~1|49112|23548||09,1000,,0,0
YPBH|||Peterborough~1|13928|29038||09,1100,,0,0;18,640,,0,0
YPCE|||Pooncarie~1|66267|25864|15|06,1053,,0,0,,,,,50,,,,50
YPCH|||Patchewollock~1|46301|21939||18,900,,0,0;06,762,,0,0
YPDY|||Padthaway Station~1|33833|4830||16,1000,,0,0
YPEF|||Sunbury (Penfield)~9|24884|47003|351|18,1300,,0,0;15,760,,0,0
YPFT|||Cooma/Polo Flat~1|37717|91499|823|12,914,,0,0;18,762,,0,0,,,,,818,,,,823
YPKH|||Peak Hill~1|72688|82110||18,700,,0,0
YPKL|||Puckapunyal (Military)~1|30019|50642|51|03,800,,0,0
YPLG|||Pilliga~1|96333|88830||17,1040,,0,0
YPNN|||Pinnaroo~1|47467|9430|23|18,1340,,0,0
YPOK|1|MBF|Porepunkah~1|32823|68900|285|18,840,,0,0
YPRA|||Prairie~1|36928|41390||09,900,,0,0;04,600,,0,0
YPRE|||Premer Betoota~1|85231|99030|383|18,850,,0,0
YPYD|||Pyramid Hill~1|39394|41268||17,1100,,0,0
YQBE|||Quambone Royona~1|91208|78420|149|18,1000,,0,0
YQBK|||Quambatook~1|41434|35145||09,800,,0,0;05,500,,0,0
YQON|||Quondong~1|69132|3299|106|09,1200,,0,0;18,761,,0,0
YQUE|||Questa Park~1|96083|31420||09,1000,,0,0
YRAG|||Raglan~1|26226|33057||18,700,,0,0
YRID|||Riddell~1|25213|47211|351|02,850,,0,0
YRKE|||Kuruc-A-Ruc South~1|21004|37098||02,900,,0,0
YROI|1|RBC|Robinvale~1|53571|27730|27|12,1175,,0,0,,,,,87,,,,87;01,1140,,0,0,,,,,87,,,,87
YRSY|||Romsey~1|26076|47378|457|03,975,,0,0;15,730,,0,0
YRWH|||Ravensworth~1|53503|43198||05,1100,,0,0
YRYL|||Rylstone~e|72291|99932|608|09,884,30,4,0;17,792,30,4,0
YSCA|||Scotia Sanctuary~1|67928|11730|54|08,1676,18,8,0,8,26,,,55,,,,55;17,823,18,8,0,170,,,,50,,,,55
YSLK|||Sea Lake~1|44694|28899|17|09,1040,,0,0,,,,,56,,,,56;17,700,,0,0
YSTA|||Saint Arnaud~1|33633|31860|195|18,999,18,1,1,187,,20,-100,195,139,-870,-199,195;09,535,18,5,0,97,,-770,-900,,,-830,-300
YSTR|||Strathearn~1|82333|3330||13,1200,,0,0;05,1100,,0,0
YTAD|||Tandou Lake~1|73341|20668||15,1463,,0,0;06,1200,,0,0
YTDN|||Tooradin~1|17841|54232|1|04,949,24,1,0,,,-230,-445,,,257,452;14,290,10,5,0
YTGG|||Taggerty~1|26495|57000||02,790,,0,0
YTGI|||Trangie~1|80236|80039||18,1600,,0,0
YTLG|||Taralga Grathawa~1|57108|97820|924|02,600,,0,0
YTLL|||Tullamore~1|73894|75982||04,750,,0,0
YTMS|||Tambar Springs~1|86861|98394||18,1300,,0,0
YTOC|1|TCW|Tocumwal~1|41883|56080|113|18,1401,30,1,0,188,9,763,-208,112,,-370,-400,113;09,1200,30,1,1,98,,160,-1300,111,,0,0,113
YTOG|||Togo Station~1|99170|95368||09,1200,,0,0;17,1000,,0,0
YTOT|||Tottenham~1|77438|73693|73|03,978,,0,0,,,,,238,,,,238;11,704,,0,0
YTQY|||Torquay~1|17000|43650|3|09,910,,0,0;18,805,,0,0
YTRB|||Torrumbarry~1|39333|45330||17,925,,0,0
YTWN|||Tooraweenah~1|85569|88978|416|04,1158,,0,0
YTYA|||Tyabb~1|17332|51794|27|17,1000,12,0,0,,,450,30,27,,-502,13,27;08,400,80,0,0,,,157,-761,,,155,-28
YVVA|||Victoria Valley~1|25000|22700||17,648,,0,0
YWBL|1|WMB|Warrnambool~1|17047|24470|74|13,1372,30,1,1,138,,545,-565,74,,-371,482,66;04,1069,30,1,1,49,,-343,-337,69,,303,570,71
YWCA|1|WIO|Wilcannia~1|84779|33784|76|09,1128,30,0,0,98.2;03,930,18,1,0,38,,-370,-317,,,309,261
YWHC|||White Cliffs~1|91482|30716|49|12,1030,,0,0;01,748,,0,0
YWIL|||Wilandra~1|87131|26510||14,1000,,0,0
YWKI|||Waikerie~1|58204|330|42|08,960,18,1,1,86,,-750,-900,42,,-670,100,42;02,834,18,5,1,24,,-400,-199,42,,290,200,42
YWLP|||Wilsons Promontory Airport (Yanakie Airport)|10501|62838|27|09,950,,0,0;03,600,,0,0
YWMA|||Wonnaminta Stat~1|93489|23420|186|09,1475,,0,0;13,1200,,0,0
YWOV|||Woodvale~1|33667|41830||12,1000,,0,0;16,1000,,0,0
YWSD|||Westward Downs~1|92886|13976||09,1000,,0,0;27B/09B,700,,0,0
YWTO|1||Wentworth~1|59138|18911|37|09,1000,,0,0;17,800,,0,0
YWWA|1|WEW|Wee Waa~1|97417|94080|58|04,1137,,0,0
YWYF|||Wycheproof~1|39417|32430|33|17,1032,,0,0,,,,,107,,,,107;08,718,,0,0
YYEA|||Yeaburn~1|28241|53231||15,900,,0,0
YYLD|||Yalda Downs Homestead~1|97386|29770||08,700,,0,0;18,650,,0,0
YYRM|1||Yarram~1|14333|67529|5|05,1090,18,0,0,,,-490,-465,15,,-35,643,17;09,756,23,0,0,,,59,-440,,,-61,505
YYWG|1||Yarrawonga~1|39685|60280|129|01,1143,23,1,1,22,,-580,-301,128,,370,200,129
