#AU|M
YESP|1|EPR|Esperance~1|63156|18230|143|11,1500,30,1,1,111,,513,-1024,135,,-70,800,143;03,1178,18,5,0,28,,-480,-200,137,,460,400,140
YFRT|1|FOS|Forrest~1|91634|81128|156|18,1519,45,1,1,180,,390,21,155,,-980,21,156;09,1349,45,1,1,94,,10,-280,155,,-70,1119,153
YPKG|1|KGI|Kalgoorlie Boulder~1|92085|14646|367|11,2000,45,1,1,110,,320,-960,367,,-310,940,350;18,1200,18,1,1,185,,1010,-260,355,,-70,-360,362
#AU|S
YADD|||Arubiddy~1|81862|59197||01,1000,,0,0;07,1000,,0,0
YBAL|||Balladonia~1|76532|36149||13,1350,,0,0
YBGI|||Balgair~1|89333|56670||15,1150,,0,0;01,1000,,0,0
YBOV|||Border Village~1|83606|90120|94|06,1200,,0,0;18,1200,,0,0
YCAG|1|CGV|Caiguna~1|77195|54779|27|04,1300,,0,0
YCAI|||Callion~1|98797|5713||09,1200,,0,0
YCKY|||Cocklebiddy~1|79573|60912|88|04,1000,,0,0
YCLG|||Coolgardie~1|91027|11950|402|14,850,,6,0
YCNN|||Coonana~1|89833|31670||14,1200,,0,0
YDPT|||Depot Outcamp~1|84278|51870||06,900,,0,0;15,550,,0,0
YECL|1|EUC|Eucla~1|82929|88772|7|08,1300,,0,0;18,500,,0,0
YHAG|||Haig~1|89936|60777||09,1200,,0,0
YHGS|||Hughes Siding~1|92834|95081||09,1200,,0,0
YHPE|||Hopetoun~1|61000|1580||15,910,,0,0;18,760,,0,0
YKAN|||Kanandah~1|91002|48621||10,1200,,0,0;18,1200,,0,0
YKBL|1|KDB|Kambalda~1|88093|15978|327|16,1090,,0,0
YLGN|||Loongana~1|90592|70288||11,1200,,0,0;02,700,,0,0
YMAD|||Madura~1|81122|70256||01,1400,,0,0;09,1100,,0,0
YMBX|||Mundrabilla~1|81328|78540|37|09,980,,0,0;18,950,,0,0
YMDT|||Mundrabilla Motel~1|81733|82300||08,1200,,0,0;17,1000,,0,0
YNON|||Noondoonia Homestead~1|77167|36670||03,1000,,0,0;12,1000,,0,0
YNOV|||Nova~1|81541|31922|293|06,2000,30,1,1,59,,,,293,,,,284
YNRV|1|RVT|Ravensthorpe~1|62028|2080|60|06,1680,30,3,1,58.9,,-460,-800,59,,320,800,64;14,1197,30,5,0,138.6,,380,-100,61,,-430,700,59
YNSM|1|NSM|Norseman~e|77970|17581|80|01,1512,,0,0;04,1038,,0,0
YORA|||Moonerah~1|83086|65905||04/20,950,,0,0;13,600,,0,0
YORL|||Orleans~h|62167|29500||15,1680,,0,0
YRAW|||Rawlinna~1|89870|53270||09,1180,,0,0
YRWA|||Rawlinna Station~1|89692|51947||02,1100,,0,0;12,1000,,0,0
YSCD||WCD|Carosue Dam~1|98264|23222|398|06,2000,30,0,0
YWOX|||Woorlba~1|76061|39887||12,1200,,0,0;01,1000,,0,0
YZAN|||Zanthus~1|89636|35679||09,1200,,0,0
