#NA|L
FYWB|1|WVB|Walvis Bay~3|70207|46471|91|09,3500,60,1,1,72,,-490,-1590,70,,470,1600,94
FYWH|1|WDH|Hosea Kutako~3|75201|74709|1719|08,4575,45,1,1,64,,-990,-2140,1719,,850,1850,1676;16,1524,30,1,1,141,,220,-190,1699,,-850,740,1696
#NA|M
FYAR|1|ADI|Arandis~1|75381|49793|581|10,1920,20,1,1,81,,-170,-850,557,,100,990,581
FYKT|1|KMP|Keetmanshoop~1|34602|81114|1069|04,2316,45,1,1,16,,-1000,-310,1048,,990,320,1069;18,1434,30,5,0,155,,790,-230,1067,,-380,370,1063
FYLZ|1|LUD|Luderitz~1|33126|52429|139|04,1830,30,1,0,17,,-430,-150,128,,1160,390,119;12,1167,30,5,0,99,,10,-90,128,,-160,1110,139
FYML|1||Mariental~1|53946|79254|1113|01,2000,25,1,0,350,,-670,140,,,1100,-230;12,1500,30,5,0,98,,140,-1200,,,-60,240
FYOG|1|OMD|Oranjemund~1|14147|64464|4|02,1601,18,1,1,360,,-660,30,4,,780,30,4;16,1067,18,5,2,141,,70,-490,,,-640,190;07,914,14,5,2,48,,-520,-350,,,70,320
FYTF|1||Twyfelfontein~1|94558|43588|540|10,1996,25,1,0,,,130,-710,,,-180,1180
FYWE|1|ERS|Eros~1|73951|70790|1699|01,2250,30,1,1,351,,-1030,170,1699,,970,-170,1679,300;09,1005,30,5,0,76,,-860,-410,1698,,-640,520,1697
#NA|S
FYAA|1|AIW|Ai-Ais~1|20050|75966|610|09,1298,10,6,0,,,190,-560,,,190,960
FYAB|1||Aroab B~1|32239|96331|986
FYAD|1||Aandster~6|46448|61051|1009|07,900,15,8,0
FYAH|1||Okombahe~9|87038|53965|1012
FYAI|1||Ameib Ranch~6|81820|56206
FYAK|1||Aussenkehr~1|15413|74645|296|14,2171,10,5,0,,,870,-820,,,-850,820
FYAM|1||Aminuis~6|63442|93517|1223
FYAS|1||Aus~1|33319|62931|1480
FYAT|1||Autabib~9|69905|76864|1474
FYAV|1||Ariamsvlei~1|18728|98379|777
FYBC|1||Bethanien~1|34552|71816|994
FYBE|1||Betesda~6|53814|59977|931
FYBI|1||Arabi Hunting Farm~9|36081|96872|947
FYBJ|1||Bitterwasser Lodge & Flying Club~9|61250|79911|1270
FYBO|1||Blumfelde~9|64501|83233|1296
FYBR|1||Berseba~9|40177|78393|926
FYCC|1||Cape Cross Airstrip.|82376|39912|9
FYCV|1||Cordova~6|82669|85213
FYDC|1||Damaraland Wilderness Camp~6|95683|41271|489
FYDN|1||Doro Nawas~6|95490|42873|465
FYEG|1||Erongo Mountain Ombu~6|83322|56711|1371
FYEK|1||Epukiro~1|82133|91061|1491
FYEM|1||Emeritus (Onanis)~6|71073|57014|1154
FYET|1||Etusis Lodge~1|78206|57559
FYGB|1|GOG|Gobabis~1|74956|89731|1442
FYGC|1||Gochas~6|51436|88178|1132
FYGK|1||Farm Whitwater East~f|53700|59392|261
FYGO|1||Gobabeb~9|64557|50449|421
FYGT|1||Gross Tsaub~6|99721|50665|1135
FYGV|1||Gravenstein Prv~1|65411|74978|1332
FYKA|1||Karibib~1|81522|59028|1167
FYKB|1|KAS|Karasburg~1|19703|87385|998|05,1503,,0,0;17,838,,0,0
FYKN|1||Okonjima~1|91330|66394|1633
FYKR|1||Okorusu Mine~6|99375|67256|1406
FYKU|1||Kuidas~6|93500|38601|244
FYKY|1||Uitkyk~1|48780|62657|1231
FYKZ|1||Kuzikus~6|67705|83867|1346
FYLO|1||Lodge Okajo~6|82722|61958|1282
FYLW|1||Langverwacht~6|49998|85329|1154
FYME|1|MJO|Mount Etjo~1|89767|64528|1524
FYMG|1|MQG|Midgard~1|79894|73700|1562|02,1472,10,5,0,,,-1420,-730,,,10,-170
FYMH|1||Maltahoehe~6|52295|69778|1375
FYMI|1||Mile 72~9|81296|40791|16
FYMM|1||Omatako Hunting~6|84572|67987|1478
FYOJ|1||Outjo~1|99247|61247|1321
FYOW|1|OTJ|Otjiwarongo~1|95670|66608|1481
FYSA|1|RHN|Skorpion Mine~1|21236|66478|570|17,1750,,0,0,,,,,570,,,,570
FYSL|1||Sossusvlei Mountain Lodge~1|51967|58911|867|05,1402,7,8,0,43,224
FYSM|1|SWP|Swakopmund Municipal~e|73381|45681|63
FYSO|||Solitaire~1|60992|60047|1063|02,1400,17,5,0
FYSS|1|SZM|Sesriem~1|54872|57467|748
FYUS|1||Uis Mine~1|87700|48669|806
FYVF|||Veronica Gliding Center|65667|82696|1325|08,2000,90,8,0,,,-78,-17,,73,441,1744,,75;01,1600,60,8,0,,,1,-56,,122,1333,69,,71
FYWL|1||Wabi Lodge~6|96696|75355|1401
FYWN|1||Waterberg Wilderness~6|95131|73139|1403
FYZR|1||Zebra River Lodge~6|54751|62970|1312
NA-0003|FYAG||Anib Lodge Landing Site|55653|81044|1204
NA-0004|FYAN||Aranos~1|58717|91146|1190
NA-0006|FYAL||Auob Lodge~1|51778|87622|1137
NA-0027|FYNB||Kansimba Landing Site|79556|61789|1249
NA-0043|FYHM||Hammerstein~6|51106|61980|1478
NA-0074|FYKS||Koes~1|40654|91152|968
NA-0078|FYBK||Brukkaros~f|43006|80530|972
NA-0114|FYLV||Leonardville~1|64850|87895|1270
NA-0115|FYBB||Beenbreek Landing Site|65254|79480|1341
NA-0120|FYRH||Rehoboth (Oanob Resort)~1|66865|70420|1383
NA-0141|FYBT||Buitepos~6|77333|99991|1283
NA-0149|FYMP||Okamapu Landing Site|82542|78872|1689
NA-0159|FYKX||Khorixas~1|96338|50593|1022
#ZA|M
FAAB|1|ALJ|Alexander Bay~1|14250|65333|30|01,1848,46,1,1,346.6,,-790,300,30,,790,-300,25;07,1676,36,5,0,44,,-330,-860,21,,800,330,24;11,1470,35,5,0,88,,660,-1130,25,,730,370,24
FAAG|1|AGZ|Aggeneys~1|7182|88139|807|07,2080,20,1,1,49,,-620,-820,,,620,820
FAKZ|1|KLZ|Kleinsee~1|3116|70940|82|02,1500,30,1,1,4,,-670,-60,79,,670,60,78
FASB|1|SBU|Springbok~1|3107|79396|820|10,1589,20,1,0,74,,-200,-780,,,190,780
