#AR|L
SANT|1|TUC|Teniente Benjamín Matienzo~3|31626|48958|455|02,3500,45,2,1,10,,-1640,-310,439,,940,190,455
SASA|1|SLA|Martín Miguel de Güemes~3|51440|45138|1246|02,3000,45,1,1,11,,-1680,-370,1246,,960,210,1231;06,2400,30,1,1,52,,-210,-340,1240,,1120,1540,1214
SASJ|1|JUJ|Gobernador Horacio Guzman~3|56072|49022|920|16,2956,40,1,1,149,,1160,-730,920,,-1150,720,885
#AR|M
SANC|1|CTC|Coronel Felipe Varela~3|14069|42488|464|02,2800,30,1,1,18,,-1470,-340,450,,980,250,464
SANE|1|SDE|Vicecomodoro Angel D. La Paz Aragonés~1|22344|56900|200|3,2422,45,1,0,27.7,,-970,-580,199,,960,560,200
SANL|1|IRJ|Capitan V A Almonacid~1|6184|32042|438|3,2860,30,1,1,28,,-1130,-700,438,,1130,700,424
SANR|1|RHD|Termas de Río Hondo international~1|25034|50640|285|01,2509,30,1,0,8,,-1150,-60,278,,1110,-10,280
SASO|1|ORA|Orán~1|68472|56708|357|1,1475,30,1,1,10,,-650,-130,355,127,660,110,356,34
SAST|1|TTG|General Enrique Mosconi~1|73831|62070|449|02,1500,30,1,0,7,,-950,-160,444,,390,30,449
#AR|S
AR-0009||CNT|Charata~1|27836|87897|97|01,1200,30,6,0;9,900,40,6,0
AR-0013|||Agro Servicio Yoris~1|34169|54703|318|2,900,20,6,0
AR-0014|||Agroaire~1|25022|83414|115|1,1100,20,6,0
AR-0173|||General Pìnedo~1|26606|87256|91|17,1040,29,6,0
AR-0178|||Gobernador Santillán~1|20986|57503|210|6,584,18,6,0
AR-0201|||Agroservicio Doña Teresa~1|11506|77375|75|2,1200,40,6,0
AR-0212|||Agropecuaria Rio Juramento~1|48133|59172|361|11,1500,25,6,0
AR-0273|||Metán~1|44856|50344|843|4,900,30,6,0
AR-0320|||Rosario De La Frontera~1|41719|50319|837|7,1042,36,6,0
AR-0356|||Tostado~1|7642|82114|69|18,1050,35,6,0
AR-0370|||Horco Molle Aeroclub~1|32039|46908|580|11,750,20,6,0
AR-0374|||Vera~1|5319|97739|58|3,1200,50,6,0
AR-0394|||Concepción~1|26546|43820|366|2,700,50,6,0
AR-0401|||El Gringo~1|26914|87886|92|4,530,18,6,0
AR-0419|||Finca La Frontera~1|78765|67094|49|5,798,20,6,0
AR-0424|||General Belgrano~1|52542|45811|1261|14,1250,50,6,0;4,1200,50,6,0
AR-0451|||Puerta De Avalos~1|56853|47528|1190|10,1200,30,6,0
AR-0452|||Pulverizaciones M.H.~1|25169|83514|97|10,1073,25,6,0
AR-0622|||Anillaco~1|12049|30853|1300|18,2000,30,1,0
AR-0624|||Ingeniero Juárez~1|60952|81799|181|01,1500,30,1,0
AR-0634|||Finca Porvenir 8~1|50054|56583|528|1,1500,22,6,0
AR-0640|||Pichanal-Franzini~1|66643|57560|307|05,1000,30,6,0
AR-0760|||El Aduar~6|14282|97307|60|10,700,30,6,0
AR-0762|||Santa Teresa~6|25453|85055|112|01,1440,30,6,0
AR-0800|||Estancia El Rey~6|52705|53509|923|09,800,80,6,0
AR-0817|||Martinez~1|36812|93311|108|02,1000,25,6,0
SA01|||Cachi~1|48950|38428|2509|3,1550,23,1,0,25.3,,-620,-320,,,620,320
SA02|||Cafayate~1|39439|40631|1638|15,2207,23,1,0,147.4,,840,-590,,,-830,600,,105
SA03|||Villa Minetti~1|13799|83962|75|1,1000,26,2,0,9.2,,-400,-70,,,400,80
SA11|||Campo Arenal~1|29277|34139|2323|7,1935,23,1,0,63,,-390,-860,,,400,860
SA22|||Santa Victoria~1|77143|72863|280|18,1100,18,1,0,176,,490,-40,,,-500,30
SA24|||Calilegua~1|62181|52505|442|8,1790,23,1,0,73,,-230,-840,,241,240,840
SA35|||Andalgalá~1|23683|36492|900|7,1530,30,1,0,70.9,,140,180,,,580,1630
SA39|||Jujuy Aeroclub~1|57635|47309|1234|11,1234,24,1,0,107.8,,170,-570,,,-170,580
SA42|||Santa Maria~1|33266|39760|1800|18,1800,30,1,0,184.3,,770,60,,,-770,-60
SA44|||Londres/Belén~1|22921|29049|1200|7,1650,23,1,0,75.2,,-190,-810,,,180,810
SA45|||Frias~1|13656|48908|330|13,1500,30,1,1,132,,1000,-1030,,216,-90,340,,61
SA46|||Fiambala~1|23578|23753|1533|18,1900,20,1,0
SANO|||Chilecito~1|7761|25611|945|17,2100,34,1,0,173,,940,-120,,,-940,140
SANW|1|CRR|Ceres~1|1277|80721|87|5,1350,45,6,0
SAOL|||La Quiaca~1|78347|44301|3479|16,2673,29,1,0,155,,1442,-769,,,-772,330
SARS|1|PRQ|Termal~1|32464|95078|94|03,1800,33,2,1,30,,,,94,,,,94
SARV|||Villa Angela~1|24085|93136|75|13,1200,30,6,0
SATK|1|LLS|Alferez Armando Rodriguez~1|52786|94512|130
#BO|L
SLUY|1|UYU|Joya Andina~3|95587|31424|3394|13,4000,45,2,0,,,933,-1620,3664,,-923,1666,3664
#BO|M
SLBJ|1|BJO|Bermejo~1|72267|56871|381|01,1500,36,1,0,1.9,,-680,-20,,,670,30
SLTJ|1|TJA|Capitan Oriel Lea Plaza~1|84443|52987|1853|13,3050,45,1,1,124.3,,770,-1210,1854,,-780,1210,1843
SLVM|1|VLM|Teniente Coronel Rafael Pabón~1|87448|65944|398|18,1499,35,1,0,175.3,,730,-60,,,-620,60
SLYA|1|BYC|Yacuiba~1|80391|63483|644|02,2100,36,1,0,20.3,,-890,-350,,,890,360
#BO|S
SLCA|1|CAM|Camiri~1|99934|64722|797
SLCI|||Caigua~1|88636|62472|514|01,1557,30,2,0
SLPB|||Palos Blancos~1|86044|62433|683|01,1170,23,2,0
SLTL|1||San Cristóbal Toldos~1|88244|28333|3597
#CL|M
SCCF|1|CJC|El Loa~1|75018|10964|2299|10,3040,45,1,1,94,,-91,-1422,2263,,-293,1526,2320
SCES|1|ESR|Ricardo García Posada~1|36889|2348|1597|09,2300,30,1,1,88.8,,-20,-1150,,,20,1150
#CL|S
CL-SC49|||Oficina Victoria~1|92653|3743|1000|09,1363,41,1,0,87.1,,-30,-650,,,30,660
SC1A|||Canchones West~1|95729|3585|991|08,3098,30,2,1,82.3,,-190,-1470,,,190,1480
SCGU|||Aguas Blancas~1|58769|1541|1020|13,1200,18,5,0
SCKP|1|CPP|Coposa~1|92495|13165|3800|17,3200,30,1,1,169.9,,1300,-170,,,-1540,380;10,1034,20,1,0,97.5,,1520,-490,,,1400,490
SCLE|||La Escondida~1|57053|8683|3136|10,2400,30,3,0
SCPE|||San Pedro de Atacama~1|70783|18416|2426|14,1999,23,1,0,134,,610,-690,,,-620,690
SCSM|||Minsal~1|64147|16172|2370|9,2800,18,5,0
#PY|M
PY-0043|||Base de la Fuerza Aérea Paraguaya "Mayor Infante Rivarola"|83196|76036|277
SGME|1|ESG|Dr. Luis María Argaña~3|79535|93783|169|01,3500,40,2,1,357.8,,-1430,70,167,,1730,-60,168
#PY|S
SGFI|1|FLM|Aeródromo de Filadelfia|76454|99468|129
