#CL|H
CL-0038|SHTO||Alto Hospicio Hospital Helistop.|97040|99024|526
#CL|L
SCDA|1|IQQ|Diego Aracena~3|94637|98186|47|01,3350,45,1,1,6,,-1403,-77,30,,1613,90,48
SCFA|1|ANF|Andrés Sabella Gálvez~3|65547|95548|139|01,2800,50,1,1,7,,-1256,-149,107,,1258,159,139
#CL|M
SCAT|1|CPO|Desierto de Atacama~1|27388|92208|204|17,2200,45,1,1,175.3,,980,-90,189,,-990,90,204
SCBE|1|TOQ|Barriles~1|78589|99371|1059|14/31,1640,29,1,0,138,,520,-510,,,-520,510
SCLL|1|VLR|Vallenar~1|14036|92440|526|10,1409,30,1,1,98,,90,-710,,,-90,710
SCRA|1|CNR|Chañaral~1|36675|93927|30|09,1215,30,1,0,97,,70,-600,,,-80,600
SCSE|1|LSC|La Florida~1|838|88005|147|12,1938,45,1,1,115.9,,380,-900,133,,-380,900,147
SCTT|1|TTC|Las Breas~1|44357|96241|786|15,1195,20,1,0,157.1,,500,-230,,,-500,230
#CL|S
CL-0014|||Domeyko~9|10321|90773|732|09,1393,,6,0
SCCL|||Caldera~1|29219|92047|55|11,1200,23,1,0,108.4,,180,-580,,,-170,580
SCEC|||Pelícano~1|8551|91122|1121|02,1280,30,1,0,23.8,,-530,-270,,,560,270
SCFF|||Freirina~1|14736|89381|225|12,700,20,6,0
SCGV|||Punta Gaviota~1|9156|85328|30|4,555,18,6,0
SCHA|||Chamonate~1|27031|95869|300|9,1660,28,1,0
SCHU|||Gran Cañon~1|19011|88533|70|4,700,18,6,0
SCPA|||Paranal~1|53606|96511|2083|1,1200,18,5,0
SCPS|||Perales~1|26483|94106|193|7,1612,18,1,0
SCTQ|||Tres Quebradas~1|7400|99130|3563|13,870,18,5,0
SCVC|||El Indio~1|1656|99539|3650|3,900,18,5,0
