#BW|L
FBFT|FBPM|FRW|Phillip Gaonwe Matante~3|88408|74688|1001|13,3000,45,1,1,121,,872,-1552,1013,,-532,918,999;11,2200,30,1,1,97,,87,-491,1000,,-191,1592,999;16,1264,22,5,2,147,,-230,1420,997,,-1180,2100,1001
FBSK|1|GBE|Sir Seretse Khama~3|54448|59182|1006|08,4000,45,2,1,61.6,,-650,-1300,1003,,640,1300,1003
#BW|M
FBJW|1|JWA|Jwaneng~1|53977|46910|1189|08,1675,25,1,1,63,,-320,-750,,,310,740
FBSN|1|SXN|Sua Pan~1|94466|61158|910|11,1640,20,1,0,103,,170,-770,,,-160,760
FBSP|1|PKW|Selebi Phikwe~1|79417|78288|892|12,1780,30,1,0,102,,160,-850,896,,-170,840,895
#BW|S
BW-0022|||Big Game~1|36740|20946|969|17,1022,20,9,0,151,,400,-250,969,,-400,250,967
BW-0036|FBMA||Matsieng~e|56429|60902
BW-0063|FBMM||Makalamabedi~1|96893|39078|945
BW-HUK||HUK|Hukuntsi~1|60103|17581|1134
FBGH|||Goodhope~1|45671|54092|1295|08,960,18,1,0,,,-300,-600,,,-120,480
FBGZ|1|GNZ|Ghanzi~1|83075|16581|1137
FBKG|1||Kang~1|63220|28178|1073
FBKY|1||Kanye~1|49500|53167|1280
FBMG|1||Machaneng~1|68154|75010|884
FBMU|||Mamuno~1|77319|311|1266|05,1504,18,1,0,,,-390,-520,,,480,600
FBNT|1||Nata~1|97839|61589|820
FBOR|1|ORP|Orapa~1|87341|53197|945
FBPY|1||Palapye~1|74359|71367|914
FBTL|1|TLD|Tuli Lodge~1|78081|91312|540|12,1505,,1,0
FBTP|FBPT||Thebephatshwa~1|57789|53473|1143|08,3002,45,1,0,64,,-590,-1330,,,590,1330;08L,2007,18,1,0,64,,330,-1520,,,1120,260
FBTS|1|TBY|Tshabong~1|39655|24013|969
#LS|L
FXMM|1|MSU|Moshoeshoe I~3|5437|75545|1630|04,3200,45,1,1,15,,-1320,-430,1623,200,1460,440,1622;11,1010,23,1,1,85,,-640,-790,1618,,-570,240,1631
#LS|S
FXLK|1|LEF|Lebakeng~1|1092|86556|1829
FXLR|1|LRB|Leribe~1|11444|80528|1631
FXLS|1|LES|Lesobeng~1|2444|83571|2173
FXMA|1|MSG|Matsaile~1|1594|87767|1890
FXMF|1|MFC|Mafeteng~1|1989|72436|1631
FXMK|1|MKH|Mokhotlong~1|7182|90728|2195
FXMU|1||Mejametalana~d|6972|75029|1556|04,1381,30,1,1,21,,-700,-200,,207,450,320;11,470,30,6,0,85,,-340,-150,,,-300,340
FXPG|1|PEL|Pelaneng~1|9119|84972|2195
FXSH|1|SHK|Sehonghong~1|2689|87679|1981
FXSM|1|SOK|Semonkong~1|1614|80600|2195
FXSS|1|SHZ|Seshutes~1|7324|85523|2134
FXTA|1|THB|Thaba-Tseka~1|4772|86158|2286
FXTK|1|TKO|Tlokoeng~1|7670|88830|2134
#NA|S
NA-0069|FYRF||Rietfontein~1|32711|333|838
#ZA|H
ZA-0021||HPR|Pretoria Central~2|43443|82206|1246
#ZA|L
FABL|1|BFN|Bram Fischer~3|9073|63024|1358|02,2559,46,1,1,360,,-1240,-10,1345,,1070,10,1348;12,2195,46,1,1,102,,310,-1700,1358,,-90,510,1345
FAKM|1|KIM|Kimberley~1|11946|47649|1204|02,3000,45,1,1,359,,-1490,30,1189,,1230,30,1201;10,2439,45,1,1,80,,30,-1390,1204,,430,1050,1193
FALA|1|HLA|Lanseria~3|40610|79266|1377|06L,3048,23,1,3,47,,-880,-1170,1377,138,980,1070,1340;07,3047,45,1,1,57,227,-930,-1120,1378,,900,1090,1339,70
FAOR|1|JNB|O.R. Tambo~3|38599|82468|1694|03L,4418,61,1,1,14,,-620,-1250,1694,,3210,-50,1677;03R,3400,60,1,1,14,,-2460,140,1679,,490,1050,1675
FAPP|1|PTG|Polokwane~3|61547|94586|1242|01,2560,45,1,0,359,,-1510,30,1242,,800,-10,1223;05,2320,45,1,1,38,,-1350,-1130,1223,,310,270,1225
#ZA|M
FAEO|1||Ermelo~1|35044|99798|1737|13,1550,10,1,0,113,,270,-710,1765,117,-270,700,1768,77
FAFB|1|FCB|Ficksburg Sentraoes~1|11769|79089|1620|08,1400,15,1,1,60,,-320,-620,,,320,620
FAGC|1|GCJ|Grand Central~1|40137|81401|1623|17,1830,23,1,1,153,,730,-420,1599,53,-730,410,1623,53
FAGM|1|QRA|Rand~1|37575|81512|1671|11,1712,15,1,1,89,,-20,-1070,1658,,10,650,1671,139;17,1493,15,1,1,158,,710,-350,1653,176,-520,240,1664,115
FAHR|1|HRS|Harrismith~1|17649|91062|1702|15,1200,15,1,1,135,,380,-440,1684,,-370,440,1702
FAKD|1|KXE|P C Pelser~1|31289|67180|1355|18,1500,18,1,1,166,,660,-180,,,-650,180;15,1000,25,6,0,133,,630,-120,,,0,640;05,900,25,6,0,31,,180,20,,,880,490
FAKU|1|KMH|Johan Pienaar~1|25434|34119|1336|02,1700,15,1,1,4,,-770,-110,1336,,760,10,1326
FALC|1|LMR|Lime Acres Finsch Mine~1|16399|34391|1494|15,1600,15,1,1,127,,440,-650,,300,-430,640
FALY|1|LAY|Ladysmith~1|14183|97497|1081|11,1200,15,1,0,90,,0,-610,1063,,0,620,1081
FAMM|1|MBD|Mmabatho~3|42016|55480|1274|04,4620,45,1,1,23,,-1920,-900,1272,60,1920,900,1264,60
FAMS|1||Morningside~h|42955|69090|1296|03,1538,10,1,0,16.5,,-610,-200,,,620,200
FANC|1|NCS|Newcastle~1|22294|99769|1242|11,1500,23,1,1,90,,10,-770,1242,,-10,760,1236
FAPI|1||Pietersburg~5|60739|94844|1327|08,2200,25,1,1,61,,-500,-970,1289,,500,970,1327
FAPN|1|NTY|Pilanesberg~3|46662|71734|1040|05,2750,30,1,1,37,,-990,-810,1039,,978,838,1040
FAPS|1|PCF|Potchefstroom~1|33290|70819|1378|03,1489,30,1,1,13,,-650,-160,,,650,160;15,1000,30,4,0,134.6,,410,-100,,,-220,610
FARG|1||Rustenburg~1|43557|72711|1128|16,1225,15,1,1,145,,460,-360,,,-460,360
FASC|1|ZEC|Secunda~1|34759|91701|1600|11,1100,18,1,1,91,,10,-540,1600,,0,550,1600
FASK|1||Swartkop Air Force Base|41903|81646|1457|06,2008,45,6,0,49,,-540,-330,,610,620,1130;02,1987,30,1,1,6,,-890,-100,,,890,110
FASS|1|SIS|Sishen~1|23514|29993|1173|17,1740,23,1,1,153,,730,-410,,,-730,410
FAUP|1|UTN|Upington~1|15998|12636|848|17,4900,60,1,1,153,,2030,-1160,848,,-1920,1080,826;01,2438,45,1,1;08,834,30,1,1,59,,-470,-550,838,,-100,180,839
FAVB|1|VRU|Vryburg~1|30176|47288|1195|18,1200,20,1,0,164,,520,-170,,,-520,160
FAVV|1||Vereeniging~1|34336|79608|1477|03,1605,22,1,1,9,,-1090,-200,1479,,340,50,1477,79;15,1135,16,1,0,125,,310,-480,1482,,-290,450,1473
FAWB|1|PRY|Wonderboom~1|43461|82242|1248|11,1828,30,1,1,93,,83,-1142,1231,,8,679,1248;06,1280,22,1,0,44,,-840,-860,1241,,-10,0,1241
FAWK|1|WKF|Waterkloof Air Force Base|41700|82225|1506|01,3353,45,1,1,352,,-1410,210,1485,,1590,-250,1493;06,1920,45,1,1,44,,-360,-380,1499,,870,960,1506
#ZA|S
FAAL|1|ADY|Alldays~1|73210|90555|792|10,1450,30,1,0,84,,-70,-700,,,60,700
FABA|1||Microland Flight Park|40237|83890|1669
FABB|1||Brakpan~1|37614|83018|1615|18,1799,15,1,1,159,,600,-270,1631,,-610,260,1615
FABM|||Bethlehem~1|17516|83361|1695|13,1311,46,4,0,108,,360,-700,1676,,-10,550,1694;11,1175,15,1,1,96,,60,-600,1682,,-60,610,1695
FABO|||Hendrik Potgieter~1|26332|66292|1291|07,1220,9,1,0,53,,-330,-490,,,330,490
FABU|1|UTE|Bultfontein~1|17266|61358|1341
FAEC|||Estcourt~1|9528|99106|1299|01,1227,,0,0,,,,,1303,,,,1294
FAER|1|ELL|Ellisras Matimba~1|62733|76883|853
FAHA|1||Harmony~1|19213|68612|1341|08,1161,9,1,1,59,,-300,-570,1336,146,240,440,1341,145;15,914,30,6,0,130,,410,-550,,,-160,220
FAHG|1||Heidelburg~1|34900|83900|1551|06,1196,16,1,1;O6/24,804,17,4,2;16,720,19,4,2
FAKR|1||Krugersdorp~1|39192|77259|1676|08,818,9,1,1,63,,-180,-420,1664,131,150,310,1676,84;15,689,32,6,2,138,,60,-50,,,-410,410
FAKS|1||Kroonstad~1|23394|73158|1433|07,1775,14,1,1,54,,-470,-730,,,470,720;12,1200,30,4,0,104,,-270,-430,,,-540,750;03,900,30,4,0,8,,-910,370,,,-110,470
FAKT|||Kitty Hawk~1|41400|84500|1408|01,810,18,1,0
FALI|1||Lichtenburg~1|38243|61846|1486|18,1266,15,1,0,166,,560,-150,1486,,-550,150,1486;06,790,20,6,0,49,,80,-10,,,540,580
FALM|1||Makhado Air Force Base~1|68401|96965|935|10,4020,46,1,1,90,,-10,-1950,932,,10,1960,935;10L,500,15,1,0,90,,1740,-360,914,,1740,140,916
FALO|1|LCD|Louis Trichardt~1|69381|98647|922|10,1200,18,1,1,81,,-90,-580,,,80,590
FAMB|1||Middelburg~1|43152|94402|1489|14,1800,15,1,0,128,,500,-720,1487,,-500,720,1477;02,1345,25,5,0,359,,-250,170,1478,,970,160,1489
FAMH||MEZ|Musina(Messina)~1|76443|99862|580
FAMI|1||Marble Hall~1|50109|92831|908|06,1000,10,1,0,41,,-350,-330,,,340,340
FAMJ|1||Majuba Power Station~1|29207|97785|1707|14,1500,15,1,1,123,,370,-630,1699,,-360,640,1707
FANY|1||Nylstroom~9|53139|84349|1189|10,1210,17,1,1,85,,-40,-600,1189,,50,600,1189
FAPK|1|PRK|Prieska~1|3164|27706|945
FAPT|||Posmasburg Soil~1|16614|30797|1311|06,1097,30,5,0,,,,,1311,,,,1311;12,822,30,5,0,,,,,1311,,,,1311;01,780,20,0,0,,,,,1311
FAPY|1||Parys~1|31107|75034|1445|06,1343,20,1,0,43,,-450,-460,1415,,440,470,1430;11,728,46,6,0,96,,290,-320,1435,,230,400,1426
FARI|1|RVO|Reivilo~1|24528|41725|1437
FARO|||Rooiberg~1|52222|77523|1162|04,1136,,4,0,25,,,,1174,,,,1154
FARZ|1||Reitz~1|72158|84303|1625
FASG|1||Schweizer Reneke~1|28369|52861|1333
FASI|1||Springs~9|37506|83983|1628|03,1600,18,1,1,16,,-610,-310,,250,800,150,,177;14,554,21,6,0,118,,130,-190,,,-100,300
FASJ|1||Saffier~1|32395|77617|1433
FASN|1||Senekal~1|16878|76461|1478
FASU|1||Sace~1|40431|92117|1570
FASW|1||Slurry~1|41844|58864|1430
FATA|1||Tedderfield Air Park|36480|79682|1584|11,1114,8,0,0,95,,40,-540,1586,16,-50,520,1580,43
FATF|1||Tommys~g|17400|29932|1329|03,1500,10,1,1,10,,-680,-140,,,670,130;16,1400,34,5,0,141,,380,-1090,,,-590,-220;07,1102,34,5,0,51,,-320,-860,,,300,20
FATG|1||Thaba Tholo~1|57189|72294|975
FATI|1||Thabazimbi~1|54239|74197|983
FATN|1|TCU|Thaba Nchu Tar~1|6822|68228|1506
FATT|1||Tutuka Power Station~1|32249|93375|1619|04,1506,19,1,1,18,,-790,-120,1619,,500,370,1616
FATW|1||Witberg Tswalu~1|27950|24819|1195
FAVM|1||Venetia Mine~1|75519|93377|711|08,1550,15,1,0,71,,-230,-710,701,,230,720,706
FAWA|||Warmbaths~1|50900|83000|1114|03,1200,23,0,0,,,,,1109,,,,1109
FAWE|1||Welgevonden Reserve|57954|79000|1100
FAWI|1||Witbank~1|41677|91920|1548|04,1260,11,1,1,19,,-530,-210,1548,,530,210,1530;17,762,,4,0;09,305,9,6,0
FAWM|1|WEL|Welkom~1|20032|66633|1348|07,2005,18,1,1,50,,-710,-150,1341,,470,1400,1333
FAWS|1||Wesselbronn~1|21533|63506|1311
FAZQ|1||Star~1|31065|76873|1449
FAZR|1||Zeerust~1|44010|60423|1298|04,1975,30,1,0,27,,-790,-440,,,800,440
ZA-0047|||Augrabies~1|13729|3249|671|08,1400,16,5,0,60,,-290,-590,664,,290,540,646
ZA-0063|||Amphitheatre Lodge~1|13601|91475|1189|15,1051,16,4,0
ZA-0105|FAAP||Aviators Paradise~a|43071|77827|1158|03,750,10,1,0,12,,-310,-70,1159,,340,80
ZA-0112|||Fly Inn Estate|40289|83503|1615|06,945,14,2,0,39,,-350,-320,1583,,320,300,1590
ZA-0113|||Sunset Shores~9|31488|81984|1510|08,945,9,5,0,56,,-240,-420,1507,30,210,360,1523,30
ZA-0114|||Zebula~6|52433|79691|1283|08,1400,13,0,0,64,,-270,-620,1291,85,270,620,1277
ZA-0161|||Klipriver~9|35243|81110|1524|02,744,,4,0,2,20,,,1524,732,,,1524,732;07,366,,4,0,7,25,,,1524,366,,,1524,366;13,274,,4,0,13,31,,,1524,1524,,,1524,1524
ZA-0162|||Bingelela|12889|93312|1137|33,1201,15,4,0
ZA-0219|||Aeropark Zyn Kraal|40972|85473|1494|09,907,8,1,0
ZA-0297|||Madikwe East~1|52667|64064|942|11,1487,15,0,0,110,,,,991,,,,991
ZA-0317|||Eagles Creek Aviation Estate~1|40924|80358|1476|NE/SW,880,,1,0
ZA-0324|FACO||Alkantpan Test Range~1|668|22657|1076
ZA-0338|||Alkantpan Copper~1|936|23167|1094|13,1500,,0,0,,,,,1092,,,,1097
ZA-0340|FASY||Baragwanath~9|36513|77795|1652|13,1109,,0,0
#ZW|L
FVBU|FVJN|BUQ|Joshua Mqabuko Nkomo~3|99837|86229|1329|13,2588,45,1,1,115,,10,-770,1326,,-990,1470,1329;02,1347,30,1,0,8,,110,-470,1326,,1320,-300,1319
