#MG|M
FMMV|1|MOQ|Morondava~1|97153|43176|9|10,1500,30,1,1,88,,-20,-280,4,,40,1150,6;14,1345,35,1,0,124,,360,-590,6,,-310,480,7
FMSD|1|FTU|Tôlanaro~1|49619|69561|9|08,1609,30,1,1,53,,-530,-560,7,,300,610,7
FMSF|1|WFI|Fianarantsoa~1|85584|71117|1115|08,1250,25,1,0,62,,-260,-530,,,270,530
FMSK|1|WVK|Manakara~1|78803|80217|10|05,1184,24,1,0,33.7,,-450,-310,10,,440,330,10
FMSM|1|MNJ|Mananjary~1|87982|83583|6|04,1500,30,1,0,22,,-620,-270,4,,630,270,6
FMSR|1|MXM|Morombe~1|82462|33748|5|04,1300,30,1,0,28,,-520,-230,3,,510,370,5
FMST|1|TLE|Toliara~1|66166|37285|9|04,2000,30,1,0,23,,-820,-390,5,,830,380,9;11,800,13,1,0,88,,-800,-360,5,,-780,420,5
#MG|S
AHY||AHY|Ambatolhy~1|99842|55350|104
DVD||DVD|Andavadoaka~1|79339|32596|9
FMMC|1|WML|Malaimbandy~1|96446|55434|182
FMSA|1||Ambalavao~1|81851|69140|972
FMSB|1|WBO|Antsoa~1|83930|51360|250
FMSC|1|WMD|Mandabe~1|89537|49404|290
FMSE|1||Betroka~1|67257|61250|866
FMSG|1|RVA|Farafangana~1|71947|78206|8|13,1050,25,1,0,108,,150,-490,7,,-140,490,4
FMSI|1|IHO|Ihosy~1|75953|61649|762
FMSJ|1|MJA|Manja~1|85739|43165|240|09,1600,,6,0
FMSL|1|OVA|Bekily~1|57643|53045|387
FMSN|1|TDV|Samangoky~1|83000|37330|27
FMSU|1|VND|Vangaindrano~1|66492|75817|14
FMSV|1|BKU|Betioky~1|62670|43890|280
FMSY|1|AMP|Ampanihy~1|53003|47342|235
FMSZ|1|WAK|Ankazoabo~1|77036|45315|430
MG-0021||RLR|Relais de la Reine~1|73547|53239|827
#TF|S
FR-0314|||Europa Island~6|76506|3513|12|XX/XX,1500,,6,0
