#MZ|L
FQMA|1|MPM|Maputo~1|40792|25726|44|05,3660,45,1,1,29,,-410,-250,36,,2490,1520,44;10,1700,45,1,1,86,,-40,-620,36,,60,1070,39
#MZ|M
BCW||BCW|Benguera Island~1|81467|54383
BZB||BZB|Bazaruto Island~1|84589|54729
FQIN|1|INH|Inhambane~1|61236|54085|9|16,1500,30,1,1,149,,580,-370,5,,-580,380,9;06,800,30,8,0,47,,-230,-350,,,260,220
FQVL|1|VNX|Vilankulo~1|79816|53133|14|17,1470,30,1,1,156,,730,-350,14,,-480,230,12;10,750,23,1,0,89,,-10,-270,14,,0,460,10
IBL||IBL|Indigo Bay Lodge~1|82920|54528|6
#MZ|S
FQ49|||Vila Franca do Save~1|88355|45607|30|17,1000,23,1,0,160.1,,260,180,30,,-610,510,30
FQBI|1||Bilene~1|47340|32386|36
FQIA|1|IHC|Inhaca~1|40029|29294|3
FQPO|1|PDD|Ponta do Ouro~1|31731|28384|28
FQXA|1|VJB|Xai-Xai Chongoene~1|51071|37530|89|02,1800,,2,0
MZ-0005||NTC|Paradise Island~1|83850|53380|9
MZ-TGS||TGS|Chokwé~1|54794|29653
#SZ|L
FDSK|1|SHO|King Mswati III~3|36414|17169|333|02,3600,60,1,1
#SZ|M
FDMS|1|MTS|Matsapha~3|34711|13076|632|07,2600,45,1,1,53,,-710,-1060,618,,690,1040,632
#SZ|S
FDBT|1||Tambuti~1|32648|17759|181
FDKB|1||Kubuta~1|31185|14889|474
FDMH|1||Mhlume~1|39758|18100|282
FDNG|1||Piggs Peak~1|42019|14125|430
FDNH|1||Nhlangano~1|28805|12121|1074
FDNS|1||Nsoko~1|30128|19372|187|03,1210,18,5,0,12,,-530,-130,,,540,120
FDSM|1||Simunye~1|38000|19333|205
FDST|1||Siteki~1|35280|19426|677
FDTM|1||Tambankulu~1|38936|19195|247
FDTS|1||Tshaneni~1|40167|12000|311
FDUB|1||Ubombo Ranches~1|32292|19364
#ZA|L
FAKN|1|MQP|Kruger Mpumalanga~3|46167|11053|862|05,3100,45,1,1,34.2,,-1200,-880,861,500,1120,840,862
FALE|1|DUR|King Shaka~3|3856|11197|90|06,3700,60,1,0,61,,,,93,,,,93
#ZA|M
FABR|||Barberton~1|42829|9750|686|17,1006,15,4,1
FAHT|FAHS|HDS|Eastgate Airport / Air Force Base Hoedspruit|56381|10529|549|18,3991,45,1,1;09,2115,30,1,1
FAMD|1|AAM|Malamala~1|51831|15441|343|16,1263,23,1,0,141,,320,-350,343,,-560,450,335
FAMU|1|MZQ|Mkuze~1|23739|20443|122|17,1850,45,1,1,157,,770,-370,,140,-760,370
FAPH|1|PHW|Hendrik Van Eck~1|60628|11554|436|01,1369,18,1,1,354,,-520,130,426,,710,-10,436
FAPM|1|PZB|Pietermaritzburg~1|3510|3987|739|16,1537,30,1,1,142,,550,-500,717,60,-540,490,739,190
FARB|1|RCB|Richards Bay~1|12590|20921|33|05,1300,21,1,1,34,,-490,-370,22,,480,370,33
FASZ|1|SZK|Skukuza~1|50391|15886|311|17,1550,30,1,0,156,,630,-300,,,-640,330
FATZ|1|LTA|Tzaneen~1|61756|3293|583|06,1420,20,1,1,49,,-410,-550,583,,400,550,551
FAUL|1|ULD|Prince Mangosuthu Buthelezi~1|16794|14165|524|05,1640,23,1,1,34,,-490,-380,512,,740,570,524;02,1035,18,1,2,4,,-360,-30,519,,590,50,504,211
FAVG|1|VIR|Virginia~1|2294|10584|6|05,925,22,1,1,28,,-370,-220,6,,370,220,6
#ZA|S
FAAM|1||Amsterdam~1|33662|6056|1314
FABG|1||Buffelshoek~1|52975|15879|411
FABH|1||Belfast~e|43413|416|1905
FACC|FAAR|ASS|Arathusa Safari Lodge~1|52595|15180|393
FADD|||Dundee~1|18169|2225|1286|18,1019,19,1,0,180,,,,1286,,,,1286
FADK|1|DUK|Mubatuba~1|16316|22481|64|04,1220,46,2,0,21.9,,-510,-230,,,510,240
FADQ|1|PZL|Zulu Inyala~1|21506|23097|49
FADU|||Walkersons~a|46372|1878|1841|18,980,12,1,0,164,,580,-140,1844,,-230,100,1816
FAEM|1|EMG|Empangeni~1|12800|18900|77
FAGI|1|GIY|Giyani~1|67167|6500|483
FAGY|1||Greytown~1|8780|5867|1076|06,1624,11,1,1,41.8,,-540,-550,1076,162,540,550,1058
FAHL|1|HLW|Hluhluwe~1|19834|22752|76|03,1208,,0,0,,,,,76,,,,76
FAKP|1|KOF|Komatipoort~1|45597|19300|165|11,1300,30,1,0
FALD|1|LDZ|Londolozi~1|52522|14743|396|18,914,,0,0
FALL|||Lydenburg~1|48967|4142|1488|04,1360,,0,0,,,,,1487,,,,1472
FAMN|1|LLE|Malelane~1|45264|15659|351|09,1250,,1,0,72,,-170,-600,,,150,470,,100
FANG|1|NGL|Ngala~1|56110|13260|1023|15,1115,9,0,0
FANS|1|NLP|Nelspruit~1|45000|9138|876|04,1042,,0,0,,,,,884,,,,864
FAPF|1||Piet Retief~1|30031|8408|1348|15,1371,,0,0,,,,,1341,,,,1336
FAPL|1||Pongola~1|26378|16067|287|16,698,18,1,0
FASE||GSS|Sabi Sabi~1|50526|14488|389|17,1500,18,1,0
FASM|1||Siteka~1|6759|1495|1341
FATB|1||Thorny Bush Game Lodge~1|55839|11642|579
FATH|1|THY|Thohoyandou~1|69231|3836|616
FAUS|1|ULX|Ulusaba~1|52146|13549|385|18,1353,17,1,0
FAVY|1|VYD|Vryheid~1|22131|7964|1158
FAWT|1||Winterveldt Mine~1|53399|1804|914|15,1500,30,5,0,136,,,,877,,,,898
FAWV|||White River Mercy Air|46803|9708|894|6,650,,5,0,85,,2,-2,891,,401,437,891
FAZC|1||Zululand Anthracite Colliery~6|17835|16579|284
MWR||MWR|Motswari~1|58097|13864|354
ZA-0038|||Hippo Pools~1|58003|8125|349|10/19,800,7,0,0,357,,,,384,,,,376,30
ZA-0069|||Riverside~1|45711|15770|312|06A/24D,1000,10,1,0,45,,-330,-360,,,310,350
ZA-0072||TDT|Tanda Tula~1|54745|12897|474
ZA-0094||HZV|Hazyview~1|49499|11319|552
ZA-0095||KHO|Khoka Moya~1|54070|14151|439
ZA-0097||INY|Inyati~1|52223|13855|379
ZA-0098||TSD|Tshipise~1|73807|1756|544
ZA-0138|FASP|SSX|Singita Safari Lodge~1|51980|14219|416
ZA-0166|FAWW||Sodwana~6|24323|26532|27
ZA-0350|||Ingwelala|58379|13950|338|1,1265,,6,0
ZA-0353|||Hoedspruit Civil~9|56524|9461||17,1058,10,1,0
ZA-0373|FANI||N’tsiri~6|58357|13458|344
#ZW|M
FVCZ|1|BFO|Buffalo Range~1|89919|15786|433|14,1763,30,1,0,130,,510,-660,433,182,-510,650,430
FVMV|1|MVZ|Masvingo~3|99447|8591|1096|17,1726,18,1,1,162,,50,-20,1096,,-1430,490,1093;10,1200,18,4,0,88,,-30,-790,,,10,350
#ZW|S
FVCH|1|CHJ|Chipinge~1|97933|26283|1134
FVMH|1|MJW|Mahenye~1|87690|23336|283
FVSH|1||Zvishavane~1|97105|882|918|16,1202,18,0,0,144,,440,-330,,,-440,340
