#AU|L
YPPD|1|PHE|Port Hedland~3|96172|86298|10|14,2500,45,1,1,138,,870,-780,7,,-790,820,10;18,1000,18,1,0,183,,1250,-80,8,,350,-80,9
#AU|M
YCAR|1|CVQ|Carnarvon~1|51157|36664|4|04,1679,30,1,1,43,,-240,-240,2,,860,860,4,37;18,1140,30,1,0,180,,560,-40,3,,-460,-40,2
YEWA||WHB|Eliwana|75716|68879|480|28,2500,30,1,0,279,,,,479,,,,478
YGEL|1|GET|Geraldton~1|12039|47070|37|03,2389,45,1,1,18,,-840,-400,30,,860,300,37;08,900,18,5,0,80,,810,-700,34,,960,200,37;14,844,18,1,0,143,,800,-700,34,,200,-100,34
YMEK|1|MKR|Meekatharra~1|33883|85480|522|09,2181,30,1,1,85,,260,-1300,515,,430,900,512;15,1065,30,8,0,139,,234,102,522,,-490,800,516
YMOG|1|MMG|Mount Magnet~1|18839|78420|413|16,1800,30,3,1,161,,836,-500,413,,-656,220,404;04,900,30,3,1,36,,-170,-700,406,,490,-200,410
YNWN|1|ZNE|Newman~1|65822|98030|525|05,2072,30,1,1,56,,-600,-800,525,,460,800,522
YPBO|1|PBO|Paraburdoo~1|68289|77450|429|06,2132,45,1,1,65,,-440,-800,419,,370,1100,428
YPKA|1|KTA|Karratha~1|92878|67730|9|08,2280,45,1,1,83,,-183,-829,9,,46,1344,6
YPLM|1|LEA|Learmonth~1|77648|40900|6|18,3047,45,1,1,184,,1520,100,4,,-1220,-100,6
YSHK|1|MJK|Shark Bay~1|41027|35758|34|18,1690,30,1,1,178,,841,-23,34,,-683,32,34
#AU|S
AU-0014|||Abrolhos East Wallabi Island~1|15621|37356||18,637,,5,0
AU-0038|||Abrolhos North Island|17002|35958|0|15,513,,5,0
AU-SWB||SWB|Shaw River~1|84897|93620
YAHD|||Ashburton Downs~1|66192|70256||13,1206,51,6,0,128
YANG|1|WLP|West Angelas~1|68644|87072|713|04,1800,40,0,0
YATY|||Atley~1|17833|92500||18,900,,0,0;08,650,,0,0
YBBE|||Big Bell~1|26716|76718|428|06,1500,,0,0
YBBL|||Billabalong~1|25823|58344||18,1100,,0,0
YBDX|||Barradale~1|71367|49630||09,1050,,0,0
YBGD|1|OCM|Boolgeeda|74589|72694|570
YBLB|||Billabong Road House~1|31786|46112|135|18,1000,,0,0
YBRY|1|BYP|Barimunya~1|73261|91661|635|10,1940,30,3,1,103,,155,-853,627,60,-286,914,627,60
YBUG|||Bulga Downs Station~1|15000|97330||18,1200,,0,0;09,1000,,0,0
YBWX|1|BWB|Barrow Island~1|91356|54061|8|03,1900,30,1,1,27,,-460,-310,8,,1080,490,5
YBYA|||Bryah~1|44667|87330||05,1200,,0,0;17,1000,,0,0
YBYD|||Bonney Downs Station~1|77333|98830||09,700,,0,0;12,600,,0,0
YCHK|1|CKW|Christmas Creek~1|76457|96426|446|09,2500,45,1,0
YCNH|||Carnarmah~1|3163|58937|282|10,889,34,6,0,99;16,550,,0,0
YCOG|||Coongan~1|93167|96670||07,700,,0,0
YCOY|||Coral Bay~1|68711|37806|2|02,1000,,0,0
YCPR|1||Cape Preston~1|90228|62750|23
YCUE|1|CUY|Cue~1|25493|79177|135|04,1981,,0,0,,,,,440,,,,440;11,997,,0,0,,,,,440,,,,440
YCWA|1|CJF|Coondewanna~1|70333|88133|701|08,1950,,2,0
YCWY|1|COY|Coolawanyah~1|82054|77550|364|08,1000,,0,0
YDGA|1|DGD|Dalgaranga Gold Mine~1|21703|73164|445
YDGR|||Dalgaranga~1|22086|69933||03,1000,,0,0
YDGT|||Dalgety Downs Station~1|47325|62214||10,1500,,0,0
YDGY|||De Grey Homestead~1|98183|91978|18|14/33,1000,,0,0
YDMF|||Diemal Find~1|3326|92922||01,975,,0,0
YDRA|1|DOX|Dongara~1|7019|49273||18,1000,,0,0
YDRC|||Dairy Creek Homestead~1|47310|58674||12,1200,,0,0;01,600,,0,0
YEDM|||Edmund Station~1|62500|61000||04,1300,,0,0;13,1300,,0,0
YEEB|1|ENB|Eneabba~1|1675|52460||03,1350,,0,0
YELE|||Belele~1|36326|80392||12,950,,0,0
YERA|||Errabiddy Homestead~1|45000|71670||16,2000,,0,0;10,1000,,0,0
YERO|||Erong Station~1|44397|66602||15,1100,,0,0
YEUD|||Eudamulla Station~1|55565|56098||10,870,,0,0;18,634,,0,0
YEXM|1|EXM|Exmouth~1|79593|41027||02,1285,,0,0
YFDF|1|KFE|Fortescue - Dave Forrest~e|77092|94371|474|12,2300,30,1,0
YFOR|||Fortnum~1|46667|83670||09,1400,,0,0
YGAR|||Gnaraloo Station~1|62084|35289|3|04,810,,0,0
YGGE|||Golden Grove~1|12351|69727|360|12,1396,,0,0
YGID|||Gidgee~1|27300|94050||06,1600,,0,0
YGIF|||Gifford Creek Station~1|59500|62170||18,910,,0,0
YGIR|||Giralia~1|73200|43711||18,920,,0,0
YGPI|||Giles Point~1|67095|91482||09,1500,,0,0
YGSC|1|GSC|Gascoyne Junction~1|49454|52026|152|13,1230,,0,0
YGUL|||Gullewa~1|13538|63102||09,1000,,0,0
YHIL|1|HLL|Hillside~1|82817|94403|285|09,1500,,0,0
YHSL|||Horseshoe Lights~1|46500|86170||12,1600,,0,0
YIBO||IBM|Iron Bridge Mine~1|87124|88825|203
YKAR|1|KQR|Karara~1|7828|66872|308|12,1400,,1,0
YKBA||KYB|Ken's Bore airport|78428|61562|216|14,2100,,0,0,134,,,,215,,,,213
YKBR|1|KAX|Kalbarri~1|23072|42592|48|18,1599,18,1,0,181,,781,7,,,-661,4
YKDD||OOD|Koodaideri Mine~1|74957|90768|449|12,2320,45,1,0,116,,,,,60,,,,60
YKNM|||Koonmarra~1|37254|77890||05,1000,,0,0;09,900,,0,0
YLDO|||Landor Station~1|49000|69000||01,1500,,0,0
YLEA|||Leeman~1|300|49831|1|03,1200,17,6,0;13,1000,,0,0
YLGA|||Mulga Downs~1|78928|84710||08,1100,,0,0;16,700,,0,0
YLNR|||Landor Races~1|50687|69669||11,1000,,0,0;18,740,,0,0
YLYN|||Lyndon~1|63587|52354|224|17,1264,,6,0;10,1210,,6,0
YMAU|||Mount Augusta~1|56983|69067||12,1600,,0,0
YMBL|1|MBB|Marble Bar~1|88367|98330|59|09,1222,,0,0;17,1053,,0,0
YMCE|||Mount Clere Homestead~1|49000|75830||17/36,1200,60,6,0,,,,,419,,,,419;11,500,50,6,0,,,,,419,,,,419
YMDB|||Mundabullangana~1|94905|80595|12|01,1100,,0,0
YMDR|||Minderoo Station~1|80069|50531|23|08,1000,,0,0
YMDZ|||Mardi Station~1|87899|59624||07,1500,,0,0;02,1000,,0,0
YMEW|||Mingenew~1|7319|54430||18,1200,,0,0
YMGO|||Murgoo~1|26333|64170||02,1000,,0,0;09,600,,0,0
YMIL|||Milgun~1|49167|83330||16,1200,,0,0;10,900,,0,0
YMIX|||Middalya Homestead~1|60933|47649|132|13,1050,,0,2;09,950,,0,0
YMJE|||Mount James~1|53658|69438||07,1350,,0,0
YMLA|||Malina~1|91167|80330||16,1000,,0,0
YMNF|||Manfred~1|35500|65500||03,1000,,0,0;09,800,,0,0
YMRW|1|MWB|Morawa~1|7983|60220|82|14,1615,,0,0;09,925,,0,0,,,,,270,,,,270
YMSS|||Murchison Shire~1|31098|59608||13,1000,,0,0;04,700,,0,0
YMST|||Millstream Station~a|83762|70813|318|11,1358,40,6,0,,,290,-660,,,-265,510;05,1223,87,6,0,,,-267,-536,,,302,477
YMUX|||Mileura~1|36333|73330||09,1911,35,6,0;18,969,25,6,0
YMWA|1|MXU|Mullewa~1|15250|55170|88|05,1439,,0,0
YMYI|||Marymia~1|48982|97628||13,1450,,0,0
YNHP|||Northampton~1|16580|47170|279|06,1080,15,6,0
YNNT|||Nantarra~1|74628|54926||09,1500,,0,0
YNUD|||Nammuldi Mine~6|76081|73762|81|14,1400,,0,0
YNYG|||Nyang~1|69667|50330||09,1100,,0,0
YOLW|1|ONS|Onslow~1|83298|51149|2|03,1600,,1,1;12,993,,0,2,,,,,7,,,,1
YOUN|||Youanmi~1|13850|88420||10,1200,,0,0
YPDO|1|PRD|Pardoo~1|98806|95719|11|09,1000,,0,0
YPIX|||Pia~1|28111|62824||14,1300,,0,0;18,1100,,0,0
YPJI|||Perenjori~1|5735|62838||09,1400,,0,0;14,1000,,0,0
YPLL|||Peak Hill~1|43887|86967|571|08,1600,,0,0
YPLU|||Plutonic~1|46667|94250||07,1500,,0,0
YPNW|||Pannawonica~1|83713|63193||11,1367,,0,0
YPYF|||Paynes Find~1|7379|76690||10,1750,,0,0;18,1280,,0,0
YRAT|||Abrolhos Rat Island|12803|37845|5|18,523,,5,0,180
YRDM|||Redmont~1|80230|90170||09,1175,,0,0
YRDY|||Reedys~1|28756|82794||10,1400,,0,0;01,1100,,0,0
YRHL|||Red Hill Station~1|80305|60624||06,800,,0,0;14,700,,0,0
YRLE|||Rocklea~1|71167|74500||12,1100,,0,0
YROE|1|RBU|Roebourne~1|92361|71552||18,1727,,6,2;09,1566,,6,0
YROT|||Rothsay Mine~1|7062|68901|315|11,1200,,0,0
YRRG|||Rhodes Ridge~1|68984|93589||10,1800,,0,0
YRYH|1|RHL|Roy Hill Station~1|73742|99590||09,1200,,0,0;13,950,,0,0
YSAH|||Sandhill~1|72000|96170||09,1000,,0,0
YSAN|1|NDS|Sandstone~1|20200|92970||09,1000,,0,0;18,1000,,0,0
YSOL|1|SLJ|Solomon~1|77432|78505|619|09,2000,45,0,0
YTHS|||Three Springs~1|4721|58580|274|01,1065,,0,0
YTHV|||Thevenard Island~1|85407|50143||09,1019,,0,0
YTML|||Tamala~1|33548|37421|1|18,892,,0,0
YTMP|1|TPR|Tom Price~1|72540|78690|701
YTRK|||Turee Creek~1|63833|86170||09,1100,,0,0;07,500,,0,0
YTUC|||Tuckabiana~1|25250|81250||06,1200,,0,0
YUSL|1|USL|Useless Loop~1|38421|33948|19|01,1000,,6,0
YWAB|||Waldburg Homestead~1|52500|73670||16,1180,,0,0;06,1150,,0,0
YWEE|||Wooleen Homestead~1|29183|61500||08,1700,,0,0
YWGA||GYB|Port Hedland/Wodgina~1|89634|86429|205
YWMY|||Williambury~1|61431|51426||06,1000,,0,0;11,600,,0,0
YWPL|||Winning Pool North~1|69000|45330||10/19,1000,,0,0
YWRR|||Warroora Homestead~1|65539|38485|6|13,1230,,0,0;05,910,,0,0
YYAL|1|YLG|Yalgoo~1|16447|66840||12,1400,,0,0;06,1100,,0,0
YYDE|||Yandee~1|86316|88812||02,1100,,0,0
YYLG|||Yallalong Homestead~1|25737|55180||02,1400,,0,0;09,1100,,0,0
YYNR|||Yanrey~1|74833|48000|24|17,1500,,0,0;16,840,,0,0
YYRW|||Yarlarweelor~1|45417|79750||18,1500,,0,0
YYUM|||Yuinmery~1|14370|90190||18,918,,0,0
