#AU|L
YBBN|1|BNE|Brisbane~3|26158|31170|4|01R,3560,45,1,1,27,,-1970,100,4,60,890,1700,3;01L,3300,60,1,1,27,,110,-1001,,,2760,499;14,1700,30,1,3,147,,2640,699,3,60,1360,1600,3,60
YBCG|1|OOL|Gold Coast~1|18340|35066|6|14,2492,45,1,1,150,,950,-559,6,,-1009,658,4,451;17,582,18,1,0,184,,160,40,5,,-360,-60,4
YBSU|1|MCY|Sunshine Coast~1|34067|30832|5|13,2800,45,1,1,142,,1009,-868,5,,-993,849,5;18,1797,30,1,3,194,,-110,1079,3,,-1680,680,3
YBWW|1|WTB|Toowoomba Wellcamp~1|24417|17933|460|12,2870,45,1,1,133,,956,-880,438,,-800,1270,460
#AU|M
YAMB|1||RAAF Base Amberley|23646|27112|28|15,3047,45,1,1,159,,1370,-620,26,,-1190,480,28;04,1523,45,1,1,54,,-920,-321,26,,-120,880,23
YBNA|1|BNK|Ballina Byron Gateway~1|11668|35615|2|06,1900,30,1,1,74,,-260,-950,2,,230,851,2
YBOK|1|OKY|Oakey Army Aviation Centre|25907|17367|407|14,1649,30,1,1,145,,660,30,407,,-560,1029,407;09,999,23,1,1,99.6,,20,-1169,404,,-130,-170,406;05,914,30,1,1,55,,320,-570,405,,800,131,407;H09L/H27R,305,29,1,0,98,,319,-249,,,278,56;H09R/H27L,305,29,1,0,100,281,130,-570,401,,90,-271,401
YBRK|1|ROK|Rockhampton~1|66200|4754|10|15,2628,45,1,1,159,,1130,-540,10,,-1070,460,8;04,1645,30,1,1,53,,-250,-1040,9,,415,-69,10
YBUD|1|BDB|Bundaberg~1|50950|23226|33|14,2000,30,1,1,148,,770,-531,31,100,-760,540,31;07,1128,30,0,0,69,,-140,-860,33,,230,141,31
YCCA|1|CCL|Chinchilla~1|32281|6176|313|14,1066,18,1,1,142,,380,-360,313,,-390,340,313;03,594,18,0,0,39,,-20,40,,,400,439
YGFN|1|GFN|Clarence Valley~4|2452|30312|34|18,1709,30,1,1,186,,760,80,19,,-770,-120,32
YGLA|1|GLT|Gladstone~1|61302|12254|20|10,1635,30,1,1,110,,290,-841,19,,-289,872,8,100
YGLI|1|GLI|Glen Innes~1|3240|16912|1046|10,1676,30,5,1,106,,211,-874,1041,,-85,319,1043;14,1498,30,1,1,154,,890,-520,1044,,-320,179,1046
YHBA|1|HVB|Hervey Bay~1|46799|28807|18|11,2000,30,1,1,119,,460,-871,17,,-410,831,16
YIVL|1|IVR|Inverell~1|1117|11440|813|16,2114,30,1,1,170,,970,-99,791,,-910,300,813;04,700,18,4,0,51,,-421,-622,,,-100,0
YKRY|1|KGY|Kingaroy~1|34189|18399|455|16,1600,30,1,1,168,,860,-190,432,,-550,110,447;05,1303,30,4,0,65,,-440,-390,436,,50,811,455
YLIS|1|LSY|Lismore~1|11693|32584|11|15,1647,30,1,1,157,,680,-340,11,,-700,359,9
YTNG|1|THG|Thangool~1|55051|5780|196|10,1522,30,1,1,111,,220,-599,193,,-280,800,196;14,794,30,0,1,140,,280,-300,192,,-270,299,195
#AU|S
AU-0081|YLTT|LYT|Lady Elliot Island~6|58871|27156|6
AU-0307|||Murgon~1|37469|19303|311|12,720,,4,0,,,,,311,,,,311
AU-0351|||Old Station~9|61826|8181|37|06,2000,18,4,0
AU-0617|||Donnybrook~6|29838|30650|9|17,470,,0,0
YASF|||Ashford~1|6829|10562||08,1000,,0,0
YAWT|||Agnes Water private~1|57978|18925|18|15,1000,,0,0
YBAF|1||Brisbane Archerfield~1|24276|30042|19|10L,1481,30,1,1,107,,201,-698,13,,-250,905,19,50;04L,1245,30,4,0,51,,140,-220,15,,845,756,12,290;04R,1100,30,4,0,51,,71,16,13,,688,889,12;10R,1100,30,1,0,103,,20,-614,13,,-283,448,19;H1,30,25,2,1,,,285,-262,15
YBGY|||Biniguy~1|4950|1920|239|18,2000,,0,0
YBIA|||Bingara~1|1848|5344|296|10,1364,22,4,0,110
YBIN|||Biggenden~1|44787|20463||03,904,,0,0
YBLE||ZBL|Biloela~1|56792|5096|196
YBOA|1||Boonah~1|19821|26759|97|04,1212,,0,0
YCAB|||Caboolture~1|29240|29874|4|11,1350,,0,0;06,900,,0,0
YCAS|1|CSI|Casino~1|11187|30607|26|10,1100,30,1,0,105,,130,-571,26,,-140,529,20
YCDR|1|CUD|Caloundra~1|31966|31050|4|05,795,,0,0;12,795,,0,0
YCDS|||Childers~1|47469|23354||10,1000,,0,0
YCFN|||Clifton~1|20725|18482|442|06,800,30,4,0
YCHB||CRH|Cherrabah~1|15699|20890|679|10,855,,0,0
YCNX|||Cooranga~1|9048|7758||18,700,,0,0
YCXA|||Cooloola Village~j|40227|30038|3|16,1000,,0,0
YDAY|1|DBY|Dalby~1|28415|12634|347|13,1268,23,1,1,140,,431,-424,,,-422,430;04,914,18,1,0,49.6
YDUN||SRR|Dunwich~1|24810|34276|79|15,890,,0,0
YEMP|||Emu Park Authorised Landing Area|67448|8144||16,673,,0,0
YEVD|1|EVH|Evans Head~e|8982|34193|6|18,1303,18,1,0,186,,800,70,,40,-370,-29,,100;H,100,60,1,0,,,0,170,6
YGAS|||Gatton~j|24105|22570|140|01,750,38,9,0,,,-370,-134,,,397,156
YGAY|1|GAH|Gayndah~1|43841|16206|112|06,1265,18,1,1,67,,-223,-544,112,,254,601,109
YGDI|1|GOO|Goondiwindi~1|14786|3200|218|04,1340,30,1,1,42,,-560,-401,217,,340,500,216;12,795,30,0,0,131.5,,70,-201,217,,-410,401,217
YGKL|1|GKL|Great Keppel Is~1|68154|9416|6|12,875,,0,0
YGYM|1|GYP|Gympie~1|37099|27030|79|14,1402,18,1,0,148,,542,-368,,,-457,312;03,596,30,0,0,36
YHEC|||Heck~g|22325|33394||10,700,,0,0;18,700,,0,0
YHEW|||Hedlow~1|67780|6031||17,1219,,0,0;07,1100,,0,0
YHOY|||Hollins Bay~1|77262|403||03,1070,,0,0
YILW|||Inglewood~1|15812|10955|256|08,914,,0,0
YINO|||Inverell North~1|2262|11660||09,1000,,0,0
YKBN|||Kooralbyn~1|19107|28465|29|12,1400,,0,0
YLYD|||Lyndley~1|31727|12301||06,1270,,0,0
YMDA|||Mundubbera~1|44083|13170|37|18,950,,0,0
YMLS|1|WLE|Miles~1|31936|1690|93|04,1590,30,1,1,,,,,998,,,,1002
YMMN|||Millmerran~1|21399|12720|400|13,1300,,0,0
YMTO|1|MNQ|Monto~1|51077|11018|231|16,1311,30,1,1,170,,582,-137,,,-575,134
YMUA|||Monduran~1|51183|19144||02,1100,,0,0
YMUR|||Murwillumbah~1|16683|34130||18,800,,0,0
YMYB|1|MBH|Maryborough~1|44865|27136|12|17,1587,30,1,1,174,,710,-60,9,,-710,40,12;12,885,30,4,1,129,,170,-159,9,,-330,539,11
YNAN|||Nanango~1|33108|19884||05,1100,,0,0
YNRN|||Narayen|43187|8589|290|05,1343,50,6,0,,,-334,-482,,,392,591
YNSH|1|NSV|Noosa~1|35768|30649|0|11,1000,,0,0
YORC|1|OKB|Orchid Beach~1|50406|33150|22
YPAC|||Pacific Haven~1|47589|25428||02,1000,,0,0
YPLI|||Palmers Island/Yamba~1|5541|32706||09,914,,0,0
YPWH|||Pittsworth~1|22663|16324|515|03,760,,0,0
YRBB|||Rainbow Beach~1|41479|30692||15,800,,0,0
YRED|||Redcliffe~1|27944|30687|1|07,853,,0,0,,,,,2,,,,2
YSGR|||South Grafton~1|2917|29280|2|08,1000,,0,0
YSPE|1|SNH|Stanthorpe~1|13799|19833|896|08,1706,30,1,0,91,,17,-1082,871,,-14,668,894
YSPT|1|SHQ|Southport~1|20782|33715|1|01,875,,1,0,25,,-360,-150,2,221,350,150,2,208
YTAA|1|XTR|Tara~1|28369|4764|110|17,1464,,0,0
YTDR|1|TDR|Theodore~1|50132|931|52|17,1343,,0,0
YTFD|||Tenterfield~1|10084|19301|798|07,1270,,0,0
YTGA|1|TAN|Tangalooma~1|28623|33641||18,600,,0,1
YTWB|1|TWB|Toowoomba~1|24566|19191|636|11,1121,30,1,1,117,,320,-710,633,,-199,452,631;06,660,18,4,0,72,,-70,-810,628,,110,-110,636
YTYH|||Tyagarah~1|14053|35511||05,910,,0,0
YWCK|1|WAZ|Warwick~1|18506|19430|457|09,1500,18,3,1,101,,105,-811,461,,-80,800,465
YWIS|||Williamson~1|75257|1792|27|14,1807,30,1,0,151.5,,770,-420,,,-660,380
YWND|1|WDI|Wondai~1|37226|18617|98|18,1404,,0,0
YWRL|||Warialda~1|4638|5360|347|09,1500,,0,0
YWSG|||Watts Bridge~1|29017|24600|19|12L/30L,792,,0,0;03,701,,0,0;12R/30R,701,,0,0
