#NC|L
NWWW|1|NOU|La Tontouta~3|79854|62130|16|11,3250,45,1,1,121.1,,760,-1399,9,,-750,1300,16
#NC|M
NWWA|1|TGJ|Tiga~1|89036|78038|39
NWWD|1|KNQ|Koné~1|89464|48388|7|09,1000,20,0,1,99.9,,10,-680,7,,-140,320,5
NWWE|1|ILP|Île des Pins~1|74111|74560|96|10,1100,23,1,1,114.1,,210,-500,96,,-200,500,86
NWWL|1|LIF|Lifou~1|92254|72393|28|12,1100,30,0,1,134.9,,330,-331,28,,-370,470,28
NWWM|1|GEA|Nouméa Magenta~1|77423|64728|3|17,1250,30,1,1,178.6,,510,21,3,209,-630,21,2,152
NWWR|1|MEE|Maré~1|85176|80385|43|13,1000,25,1,1,138.9,,410,-450,41,,-270,250,43
NWWU|1|TOU|Touho~1|92099|52595|3|13,1100,30,1,1,145.6,,420,-250,3,,-400,249,3
NWWV|1|UVE|Ouvéa~1|93591|65730|7|13,1100,30,1,1,143,,430,-299,5,100,-360,300,7
#NC|S
NC-0006|NWWX||Canala~1|84796|59719|2|11,956,18,1,0,123.5,,250,-390,,,-220,410
NWWB|1||Bourail - Poé~1|83904|53971|2|09,800,30,3,0
NWWK|1|KOC|Koumac~1|94537|42556|13|06,1102,26,1,1,67.5,,-190,-459,7,,190,540,13
NWWP|1|PUV|Poum / Malabou~1|97108|40993|2
NWWQ|1|PDC|Mueo~1|86835|49994|80
NWWT|1||Oua Tom~1|81803|58610|30|13,800,30,3,1
#NF|M
YSNF|1|NLK|Norfolk Island~3|9582|79395|113|11,1950,46,1,1,122,,540,-951,98,60,-400,751,112,60;04,1435,30,1,1,50,,-480,-650,99,,360,551,112
#VU|S
NVVA|1|AUY|Aneityum~1|97509|97708|2|05,610,23,4,0
