#AU|H
YDDI||DDI|Daydream Island Helipad|97397|88136|2
YHPB||HAP|Happy Bay Helipad|96642|88525|4
YSML||SOI|South Molle Island Helipad|97378|88399|5
#AU|M
YBAR|1|BCI|Barcaldine~1|64337|53021|268|01,1704,30,1,1,17,,-649,-221,267,,827,247,266;14,946,30,0,0,139,,710,89,266,,60,691,267
YBCK|1|BKQ|Blackall~1|55683|54297|283|06,1688,30,1,1,67,,-330,-869,280,,260,630,282;12,1603,30,0,1,128,,1100,-970,280,,230,330,282
YBCV|1|CTL|Charleville~1|35867|62620|306|12,1524,30,1,1,137,,540,-400,301,,-470,601,305;18,1067,23,1,0,182,,60,-1,304,,-910,-1,304
YBHM|1|HTI|Hamilton Island~1|96419|89520|5|14,1704,45,1,1,143,,680,-499,5,60,-550,500,5,60
YBMK|1|MKY|Mackay~1|88292|91826|6|14,1981,45,1,1,148,,760,-560,5,,-750,540,4;05,1344,30,1,3,58,,-490,-860,6,57,160,240,4
YBPN|1|PPP|Proserpine Whitsunday Coast~1|95056|85536|25|11,2073,45,1,1,115,,390,-959,18,,-390,940,14;06,1100,30,1,3,67,,110,341,21,,490,1239,23
YBRW|1|BWQ|Brewarrina~1|242|68144|126|03,1386,30,1,1,36,,-510,-440,126,,510,460,112
YBTR|1|BLT|Blackwater~1|63969|88070|200|18,1531,30,1,1,187,,680,1,189,,-690,-201,200
YCCY|1|CNJ|Cloncurry~1|93314|5040|188|12,2000,30,1,1,128,,840,-400,187,,-270,1100,187;06,1157,18,1,0,68,,-170,-501,186,,220,500,188
YCMT|1|CMQ|Clermont~1|72269|76210|277|15,1311,30,1,1,160,,620,-400,276,,-480,0,273;01,1068,30,5,0,27,,-160,0,271,,700,501,261
YCMU|1|CMA|Cunnamulla~1|19700|56220|192|12,1733,30,1,1,130,,330,-200,192,,-680,1100,191;06,914,18,1,1,68,,-330,-800,191,,-20,100,191
YDBI|1|DRN|Dirranbandi~1|14121|82172|173|01,1217,18,1,1,20.9,,-790,-320,,,230,80
YDYS|1|DYA|Dysart~1|73778|83640|204|14,1550,30,1,1,146,,550,-501,208,,-610,300,205
YEML|1|EMD|Emerald~1|64325|81790|190|06,1900,30,1,1,71,,-470,-799,189,,100,1000,184;15,926,18,5,1,152,,270,-400,186,,-222,-127,187
YLRD|1|LHG|Lightning Ridge~1|5471|79771|165|10,1406,18,1,1,110,,230,-710,165,,-190,689,165;04,733,30,5,1,48,,-220,390,,,220,889
YLRE|1|LRE|Longreach~1|65680|42775|191|04,1936,30,1,1,47,,-600,-650,191,,600,650,190;09,900,18,5,2,93,,-560,-750,190,,-600,151,191
YMOR|1|MRZ|Moree~1|5011|98450|214|01,1613,30,1,1,17,,-740,-200,212,,650,301,214;05,977,18,5,0,58,,-190,-799,210,,270,0,212
YMRB|1|MOV|Moranbah~1|79422|80770|235|16,1524,30,1,1,171,,650,-200,222,,-720,0,235
YQLP|1|ULP|Quilpie~1|33908|42537|200|09,1493,30,3,1,95,,30,-370,196,,-60,1130,199;18,1070,30,0,0,195,,770,230,,,-172,-53
YROM|1|RMA|Roma~1|34550|87750|315|18,1504,30,1,1,192,,730,199,304,,-600,-100,304;09,801,30,4,0,102,,90,-899,314,,-60,-100,305
YTGM|1|XTG|Thargomindah~1|20136|38121|132|13,1463,30,1,1,141,,500,-410,131,,-520,490,130;04,846,30,5,0,51,,-850,-410,131,,-380,290,130
YTIB|1|TYB|Tibooburra~1|5489|20580|178|15,1532,30,5,1,161,,710,-400,178,,-600,101,166;02,976,18,1,1,30,,-640,-400,167,,140,101,171
YWDH|1|WNR|Windorah~1|45894|26684|138|04,1374,30,1,1,50,,-390,-541,131,,410,560,132
YWTN|1|WIN|Winton~1|76364|30860|194|14,1402,30,1,1,149,,650,-301,194,,-430,400,188;05,890,18,0,0,60,,-30,-900,191,,256,-332,193
#AU|S
AU-0243|||Midge Point|93746|86772||11/34,649,,4,0
AU-0461|||Rundalua Station~6|29399|67152|34|18,990,23,6,0
AU-0479|||Cameron Corner~6|9967|9943|112|04,960,30,6,0
AU-0582|||Hillsborough~6|99870|69970|366|04,900,,5,0
AU-0703|||Navarra~1|51458|36695|204|08,800,14,6,0,89
AU-0787|||Alinya Station~6|76070|65654|233|16,1200,,4,0
AU-DYM||DYM|Diamantina Lakes~1|62383|11450
BHT||BHT|Brighton Downs~1|66342|15629|119|18,1200,23,0,0,,357,790,-50,,,-280,20
OXO||OXO|Orientos~1|19402|15361|114
YABF|||Aberfoyle~1|83294|52661|274|04,663,12,6,0
YABG|||Abbieglassie~6|27516|75780|265|17,1098,40,6,0
YACI|||Arcadia~1|47891|86684||18,1000,,0,0
YACR|||Lotus Creek/Croyden~6|75268|91563|181|04,872,20,6,0,46,,-273,-296,,,274,309
YADA|||Adavale~9|41051|45698|248|10,1366,87,6,0,,,221,-759,,,-116,419;04,1220,78,6,0,,,-510,-609,,,220,300
YADM|||Yandan Mine~1|87250|69897||05,1200,,0,0
YALH|||Albilbah~1|52877|42909||01,900,,0,0
YAMC|1|AXC|Aramac~1|70421|52495|71|11,1200,,0,0
YAND|||Answer Downs~1|83333|9830||05,1000,,0,0
YAPH|1|ABH|Alpha~1|63472|65827|383
YARI|||Arizona 1~1|83333|15670||15,914,,0,0
YARY|1|AAB|Arrabury~1|33036|10487|102|16,1030,,0,0
YBAB|1||Baralaba|58064|98432|104
YBEO|1|BTX|Betoota~1|43052|7383|28|11,1080,,0,0
YBFW|1||Beefwood HLS|66883|84854|261
YBGT|||Budgerygar~1|46300|37730||02,915,,0,0
YBLG|||Bollards Lagoon~1|10181|8577||09,1400,,0,0;18,1400,,0,0
YBLH|||Bellalie~1|29887|29582||12,1100,,0,0
YBLL|1|BLS|Bollon~1|19488|74818|55|05,1067,,0,0
YBMI|1||Boomi~1|12716|95952|188|18,1300,,0,0
YBNC|||Bannockburn~1|82000|50830||06,1500,,0,0
YBOD|||Bodalla~1|37000|33830||04,1000,,0,0;13,640,,0,0
YBOT|||Boatman~1|27307|69018||06,1000,,0,0
YBPI|1|BMP|Brampton Island~1|91954|92799|3|14,826,,0,0
YBWI|||Burdekin Falls Dam~1|94044|70955||18,1000,,0,0
YBWN|1|ZBO|Bowen~1|99820|82152|2|04,1341,,0,0,,,,,8,,,,5;12,1003,,0,0,,,,,7,,,,4
YBYW|||Bayswater~1|45500|55830||06,1200,,0,0
YCAM|||Cannington Station~1|81250|9000||18,1200,,0,0
YCBR|1|CRB|Collarenebri~1|4768|85782|46|18,1218,,0,0,,,,,152,,,,152;04,654,,0,0
YCDV|||Caldervale Station~1|48917|68330||02,900,,0,0
YCEL|||Capella~1|69049|80062|252|18,975,,7,0
YCHT|1|CXT|Charters Towers~1|99569|62730|291|06,1737,30,3,1,63,,-445,-662,,,301,798;01,1005,30,5,0,17
YCOD|1|ODL|Cordillo Downs~1|32547|6380|38|15,1380,,0,0
YCSL|||Consuelo~1|53478|84697||01,1200,,0,0
YCSV|1|KCE|Collinsville~1|94033|78600|55|06,1402,,0,0
YCTH|||Chatsworth~1|80333|3000||03,945,,0,0
YCWN|||Corowa Downs~1|35333|33500||04,1000,,0,0
YDEV|||Devoncourt~1|87833|2330||09,945,,0,0;17,850,,0,0
YDGI|||Dullingari~1|18667|8820||02,1450,,0,0
YDNB|||Doongmabulla~1|79341|62441||18,1500,,0,0
YDNV|||Dynevor Downs~1|19059|43650||09,1050,,0,0;18,800,,0,0
YDPD|1|DVP|Davenport Downs~1|58500|11080|29|03,1005,,0,0;14,780,,0,0
YDRH|1|DHD|Durham Downs~1|29250|19000|35|01,924,,0,0;07,819,,0,0
YDRI|1|DRR|Durrie~1|43150|2280|18|17,950,,0,0
YEGA|||Engonnia~1|6888|58575||04,1067,,0,0
YEMG|||Eromanga~1|33000|32670|51|18,1206,,0,0
YEPL|||Epsilon~1|17053|11977||18,1065,,0,0;05,1056,,0,0
YESE|1|ERQ|Elrose~1|90236|10066|197|14,2072,82,6,0,,,1073,-866,,,-642,507
YEUO|||Eulo~1|18333|50420|46|04,1425,,0,0
YFCN|1||Fort Constantine~1|95180|5794|162
YFHA|1||Finch Hatton~9|88592|86486|108
YGDA|||Goodooga~1|9255|73870|140|12,1076,18,3,1,131,,470,-600,140,,-130,201,140
YGDV|||Galdeville~1|97507|24393||16,970,,0,0
YGNA|||Granada~1|99000|3670||09,1000,,0,0
YGWD|||Galway Downs~1|48120|26888||18,1000,,0,0;08,500,,0,0
YHAB|||Hideaway Bay~1|98961|84459||17,1215,,0,0
YHRD|||Hungerford~1|10037|44528||09,1370,,0,0;18,1000,,0,0
YHUG|1|HGD|Hughenden~1|91850|42250|318|12,1644,30,1,1,127,,670,-601,314,,-240,600,317;06,930,18,5,1,66,,-350,-700,315,,0,100,315
YHVH|||Harvest Home~1|93166|66389||14,1000,,0,0
YING|||Ingelara~1|50030|83333||04,1100,,0,0
YINJ|1|INJ|Injune~1|41490|85497|122|14,1206,,0,0
YINN|1|INM|Innamincka~1|23024|7395|16|02,1241,,0,0
YISD|||Isis Downs~1|57837|46263||09,1000,,0,0
YISF|1|ISI|Isisford~1|57417|44250|212|14,1371,30,3,0,148,,423,-432,,,-626,278
YJAK|||Jackson~1|23617|24080|32|17,1800,,0,0,,,,,106,,,,104
YJDA|1|JUN|Jundah~1|51620|30620|44|01,1371,,0,0
YJLC|1|JCK|Julia Creek~1|93317|17230|123|10,1402,30,1,1,107,,190,-1099,123,,-180,201,123
YJRO|||Jericho~1|64148|61330||18,1000,,0,0
YKAJ|||Kajabbi~1|99667|330||15,700,,0,0
YKIU|||Kaiuroo~1|69111|94319||04,1220,,0,0
YKUY|||Kurray~1|17782|85781||18,1000,,0,0
YKYN|||Kynuna~1|84012|19429|204|02,960,,0,0
YLGL|||Laglan~1|75000|66670||15,1000,,0,0
YLIN|1|LDC|Lindeman Island~1|95464|90400
YLLD|||Langlo Downs~1|44667|57670||07,700,,0,0
YLLE|1|BBL|Ballera~1|25944|18095|117|03,1800,30,1,1,39.6,,-630,-550,114,,620,550,116
YLRN|||Lorraine Station~1|74667|35170||09,2000,,0,0
YMCK|||Mckinley~1|87186|12983||18,1021,,0,0
YMCL|||Mount Coolon~1|86128|73313|73|06,890,,0,0
YMCS|||Macrossan~1|99869|64837||09,1700,,0,0
YMGI|||Mungindi~1|10334|90530|183|12,1404,30,1,0,128.4;01,526,30,0,0,19.4
YMHW|||Mount Howitt~1|34883|22830|32|09,950,,0,0
YMIT|1|MTQ|Mitchell~1|35167|79370|349|11,1425,30,1,0,113,,-33,32,,,-550,1345
YMMT|||Mount Margaret~1|30667|33170||01,1100,,0,0;09,1090,,0,0
YMMU|1|MMM|Middlemount~1|71986|87068|167|11,1550,30,1,0,113,,310,-779,,,-250,620
YMNK|1|ONR|Monkira~1|51833|5330|33|18,820,,0,0
YMNO|||Maneroo~1|66308|38948||04,900,,0,0
YMNY|1|OXY|Morney~1|46417|14330|32|11,1100,,0,0
YMOO|1|OOR|Mooraberree~1|47500|9830|26|05,1440,,0,0;14,880,,0,0
YMOU|||Moura~1|53883|99950|45|16,1600,,0,0
YMTB|1|UTB|Muttaburra~1|74167|45330|70|04,1100,,0,0
YMVN|||Morven~1|36012|71250||04,1525,,0,0
YMYT|1|RTY|Merty Merty~1|14173|3033||01,1230,,0,0
YNAP|1|NMR|Nappa Merrie~1|24508|11584|17|14,1059,,0,0
YNCD|||Noccundra~1|21901|25936||04,1000,,0,0;13,800,,0,0
YNDS|||Natal Downs~1|89094|61526||09,1200,,0,0;06,1000,,0,0
YNOO|||Nooyeah Downs~1|19575|35589||18,850,,0,0;09,450,,0,0
YNRL|||Naryilco~1|14500|19170||06,1095,,0,0;02,970,,0,0
YODL|||Ourdel~1|46500|26330||09,1500,,0,0;18,1100,,0,0
YOIT|||Orielton~1|79371|41390||07,1400,,0,0
YOKE|||Oakvale~1|77011|59836|289|11,1000,,0,0
YOMI|||Omicron Station~1|12396|12088||04,1500,,0,0;13,800,,0,0
YOOM|1|MOO|Moomba~1|19006|1970|44|12,1718,30,1,1,127,,510,-601,44,,-420,800,38
YOSB|1|OSO|Osborne Mine~1|79183|5550|87|12,1996,23,1,0
YPVD|||Plevna Downs~1|33333|25830||11,950,,0,0
YRAM|||Raymore Homestead~1|38500|30170||06,1050,,0,0;04,500,,0,0
YRLL|||Rolleston~1|55391|86274||13,980,,0,0
YRMD|1|RCM|Richmond~1|92981|31150|206|09,1524,30,1,1,98,,170,-801,201,,-30,600,206
YSGE|1|SGO|St George~1|19503|85950|200|11,1520,30,1,1,120,,280,-600,199,,-420,701,200
YSGW|1|ZGL|South Galway~1|43254|20892|35|08,1089,,0,0
YSHR|1|WSY|Shute Harbour/Whitsunday~1|97239|87550|12|14,1100,,0,0
YSPF|||Springfield~1|57020|48783|234|14,800,,0,0
YSPI|||Springsure~1|58698|80860||12,1214,,0,0;01,600,,0,0
YSPV|1|KSV|Springvale~1|64500|7000||01,1524,,0,0;13,800,,0,0
YSRT|||Surat~1|28405|90769||08,1075,,0,0;04,610,,0,0
YSTO|||Stonehenge~1|56474|32975|51|04,1000,,0,0
YTAM|1|XTO|Taroom~1|41983|99000|73|12,1100,,0,0,,,,,223,,,,235;08,1091,,0,0,,,,,228,,,,240
YTCK|||Torrens Creek~1|92167|50000||08,1680,,0,0
YTEE|1|TQP|Trepell~1|81650|8880|272|14,1799,30,3,1,141,,620,-500,272,,-666,463,267
YTHY|1|TYG|Thylungra~1|39070|34514|50|18,1080,,0,0
YTII|||Trinidad~1|44000|39170||15,1100,,0,0;07,600,,0,0
YTMB|||Tambo~1|51611|62934|139|09,1220,,0,0
YTNB||TXR|Tanbar~1|41522|19280|105
YTNE|||Tenneco Station One~1|12645|400||17,1050,,0,0
YTNS|||Toliness~1|46785|60688||05,700,,0,0
YTOA|||Toolachie~1|15917|8100||01,1450,,0,0
YTOK|||Torres Park Homestead~1|48833|71670||18,800,,0,0
YTRC|||Tarcombe~1|59277|33927||04,1000,,0,0
YTWE|||Trelawney~1|71500|67170||15,700,,0,0
YWAG|||Wanaaring~1|2879|41710||17,1100,,0,0
YWIE|||Wirralie Gold Mine~1|88734|72729||12,1300,,0,0
YWMG|||Weilmoringle~1|7643|69221||18,1000,,0,0
YWRE|||Wirralie~1|77300|60500||12,1170,,0,0
YWWH|||Wentford Homestead|79361|77212|263|02,1000,,0,0;01,963,22,6,0,13
YWYA|||Wyandra~1|27333|59900|74|07,1170,,0,0
YYAA|||Yandama~1|3350|14139||14,1100,,0,0
YYAC|||Yacamunda~1|86214|71002||09,915,,0,0
YYBE|||Yarrabee Mine~1|67380|90165||01,950,,0,0
#AU|W
AU-HIS||HIS|Hayman Island Resort~7|99400|88810
