#AU|M
YLEO|1|LNO|Leonora~1|11219|13150|371|04,2018,30,1,1,37,,-1100,-900,367,,360,300,371;12,1140,30,5,1,133,,310,-700,368,,-410,200,370
YLST|1|LER|Leinster~1|21567|7030|497|10,1800,30,1,1,100,,60,-800,496,,-230,1000,497,30
YMNE|1|WME|Mount Keith~1|27127|5549|546|11,1797,30,1,1,114,,360,-890,546,,-300,710,540
YTEF|1|TEF|Telfer~1|82850|22290|296|12,2000,30,1,1,121,,450,-700,295,,-490,900,288
YWLU|1|WUN|Wiluna~1|33673|2219|503|15,1811,30,1,1,147,,610,-490,503,,-690,510,495;03,1219,30,8,0,34,,-450,-590,500,,470,110,500
#AU|S
AU-0456|YGRM|GYZ|Gruyere~1|19655|38151|470|06,2100,30,1,0
LGE||LGE|Mulan~1|98911|76190|298
YABS|||Albion Downs~1|27167|3830||09,1900,,0,0;01,1300,,0,0
YBBC|||Bamboo Creek~1|90554|1650||03,1400,,0,0
YBGO|1|BQW|Balgo Hill~1|98517|79739|439|15,1610,,0,0,,,,,426,,,,439;04,692,,0,0
YBJW|||Banjawarn~1|23333|16000||09,1500,,0,0;18,1200,,0,0
YBLU|||Bellevue~1|23872|5939|474|01,1592,,0,0
YBSR|||Blackstone~1|40133|82880||10,1800,,0,0
YBWG|||Bronzewing~1|26344|10360|501|09,2040,30,1,1,88.4,,-80,-1200,501,,-20,900,491
YCGI|||Carnegie Station~1|42025|29422||11,1900,,0,0;18,1100,,0,0
YCNF|1|NIF|Camp Nifty~1|83283|15870|90|12,1700,,0,0,,,,,295,,,,294
YCPG|||Coppins Gap~1|90500|330||06,1050,,0,0
YDLO|||Darlot~1|21264|12717|461|13,1840,,0,0
YDPS|||Depot Springs~1|21167|830||09,1000,,0,0;18,920,,0,0
YDUK|||Duketon~1|20220|22955||07,1200,,0,0
YDVR|1|DKV|Docker River~1|51405|91222|180|09,1343,,0,0
YERH|||Earaheedy~1|43824|15784||04,1200,,0,0;18,1200,,0,0
YGIA|1|GBW|Ginbata~1|74188|355|429|09,2500,45,2,0
YGLS|||Giles~1|49563|82960|176|12,1600,,0,0
YGLY|||Glenayle Homestead~1|47167|20500||15,1200,,0,0
YJAM|||Jameson~1|41500|76830||01,1600,,0,0
YJEY|||Jeedamya~1|5920|12712||07,900,,0,0
YJIG|||Jiggalong Mission~1|66333|7830||14,1400,,0,0
YJUK|||Tjukurla~1|56293|87393||15,1600,,0,0
YJUN|1||Jundee~1|35783|5770|171|08,2100,,0,0,,,,,562,,,,560
YKNT|||Kintore~1|67350|93870||10,1350,,0,0
YKOK|||Kookynie~1|6567|14932||13,1000,,0,0
YLAW|||Lawlers~1|19082|5385|487|10,2000,,0,0
YLOC|||Lochinvar~1|92417|10170||14,900,,0,0
YLRG|||Lorna Glen Homestead~1|37686|15585||16,1200,,0,0;09,1100,,0,0
YLSY|||Mount Lindsay~1|29817|98850||12,1500,,0,0;05,900,,0,0
YLTN|1|LVO|Laverton~1|13857|24287|466|07,1800,30,1,1,70,,-250,-770,461,,320,930,466;16,919,30,6,1,157,,790,-570,460,,30,-270,462
YLWY|||Lake Way~1|30550|4700||02,1000,,0,0;13,1000,,0,0
YMCU|||Mount Mcclure~1|25300|9170||09,1550,,0,0
YMDV|||Mount Davies~1|38333|91330||15,1800,,0,0
YMGS|||Mount Morgans~1|12104|20383||15,1174,,0,0
YMIS|||Millrose Homestead~1|36000|9500||15,1400,,0,0;09,1050,,0,0
YMLX|||Milurie Homestead~1|24167|17830||09,1300,,0,0;04,950,,0,0
YMMI|1|WUI|Murrin Murrin~1|12947|18910|468|03,2000,30,1,1,33.8,,-720,-700,468,,780,500,466
YMNW|||Granny Smith~1|12367|24383|444|16,1900,,0,0;07,600,,0,0
YMNX|||Minura~1|10872|17988||01,1200,,0,0
YMRS|||Melrose~1|20667|13000||09,800,,0,0
YMUC|1|MUQ|Muccan Station~1|93411|670|91|08,1100,,0,0
YMZI|||Menzies~1|3142|10278||06,1100,,0,0;14,900,,0,0
YNUL|1|NLL|Nullagine~1|80867|1980|116|14,1220,,0,0
YORW|||Orient Well~1|8008|14380||05,1300,,0,0
YPCS|||Pinnacles Homestead~1|18000|4330||03,1600,,0,0;07,450,,0,0
YPNI|||Prenti Downs~1|34761|28114||18,1600,,0,0
YPTJ|||Patjarr~1|53811|63270|455|15,1800,,0,0
YPUN|||Punmu~1|79333|31670||14,1400,,0,0
YRUD|||Rudal River~1|74419|21481||15,1500,,0,0;06,1000,,0,0
YSHG|1|SGP|Shay Gap~1|95753|1410|189|10,1450,,0,0
YSLV|||Sylvania Homestead~1|64424|471||08,1000,,0,0
YSRD|||Sunrise Dam~1|9010|24563||06,1950,,0,0
YTAN|||Tanami Downs~1|94263|97401||11,1000,,0,0
YTCF|||Tracies~a|76833|20670||10,1100,,0,0
YTJI|||Tjirrkarli~1|39938|54625||10,1640,,0,0;02,1000,,0,0
YTJU|||Tjuntjuntjarra~1|6551|71073|226|06,1300,,0,0
YWBR|||Warburton~1|38745|65832|457|18,1590,23,1,1,185,,670,80,457,,-760,-120,460
YWCM|||Wilson's Camp~1|98986|91260||09,1400,,0,0
YWDA||WND|Windarra~1|15194|22444||14,1500,,0,0
YWEX|||Well 33~1|76333|47670||12,1200,,0,0
YWGW|||Wongawol~1|38815|19597||09,1600,,0,0;17,1100,,0,0
YWNL|||Wingellina~1|39333|89500|676|11,1715,,0,0
YWNO|||Wonganoo~1|28750|13330||04,1300,,0,0;10,800,,0,0
YWWG|1|WRW|Warrawagine~1|91558|7020||03,2000,,0,0;13,2000,,0,0
YWWI|1|WWI|Woodie Woodie~1|83545|11912||15,1400,,0,0
YYDM|||Yundamindera~1|8794|20415||09,1000,,0,0
YYER|||Yerilla~1|5324|18300||09,1500,,0,0;18,1300,,0,0
YYGG|||Yagga Yagga~1|91094|79490||09,1200,,0,0
YYLR|1|KYF|Yeelirrie~1|27229|957||09,1500,,0,0;17,800,,0,0
YYRN|||Yamarna~1|18443|36768||11,950,,0,0
