#AU|M
YAYE|1|AYQ|Ayers Rock Connellan~1|48141|9770|496|13,2599,30,1,1,130,,780,-1000,491,,-710,1000,496
YBAS|1|ASP|Alice Springs~1|61934|39034|545|12,2438,45,1,1,120,,560,-1039,544,,-550,1060,537;17,1133,18,1,1,178,,930,-1641,545,,-90,-1641,542
YBDV|1|BVI|Birdsville~1|41025|93480|48|14,1732,30,1,1,149,,1230,-700,48,,-110,201,46;03,1200,18,0,1,40,,-640,-500,46,,200,300,45
YBIE|1|BEU|Bedourie~1|56539|94600|91|14,1500,30,1,1,145,,730,-500,89,,-590,470,89
YBMA|1|ISA|Mount Isa~1|93336|94885|342|16,2560,45,1,1,169,,1140,-251,336,,-1120,250,339;12,854,18,5,2,124,,750,-451,340,,280,350,339
YBOU|1|BQL|Boulia~1|70867|99000|165|14,1274,30,1,1,150,,755,-369,165,,-639,528,163
YCBP|1|CPD|Coober Pedy~1|9617|47222|226|04,1428,30,3,1,48,,-600,-820,222,,240,281,226;14,829,30,4,1,149,,180,-121,224,,-470,281,224
YMRE|1|RRE|Marree~1|3367|80650|15|04,1348,16,1,0
#AU|S
ANZ||ANZ|Angus Downs~1|49675|22748|525
AU-0458|||Tilmouth~6|71878|26067|573|12,1266,18,6,0
AU-0616|||Painted Hills~e|4784|58566|198|13,1400,9,6,0;04,600,,6,0
AU-KGR||KGR|Kulgera~1|41572|32920
DALH|||Dalhousie~1|35770|55093||03,1000,9,0,0
KDS||KDS|Kamaran Downs~1|56612|92785|98
SRM||SRM|Sandringham~1|59432|90821|95
YABU|||Amburla~1|66601|31723||12,1000,,0,0
YADO|||Andado~1|45922|52908|167|13,930,,0,0
YADS||AWN|Alton Downs~1|35110|92599||01,1150,,0,0
YAKG|||Arckaringa~1|20533|47450||13,1000,,0,0
YALA|1|MRP|Marla~1|26657|36277|100|18,1650,,0,0
YALC|||Alcoota Station~1|71980|44036|608|12,1219,,0,0
YALM|||Allambie~1|57347|44029||18,600,,0,0
YALP|||Alpurrurulam~1|90151|78329|198|15,1266,24,1,0,,,547,-264,,,-515,176
YALY|||Alderley~1|75167|96330||18,1000,,0,0
YAMJ|||Ampilatwatja~1|83450|52310|393|13,1200,,0,0
YAMM||AMX|Ammaroo~1|82617|52420||18,1100,,0,0
YAMT|1|AMT|Amata~1|39026|12027|212
YANK|1||Anna Creek~1|11032|61708|91
YANN|||Anningie~1|81683|31250||01,1050,,0,0
YANW|||Annitowa~1|88000|64511|275|15,977,,0,0
YAOR|||Ardmore~1|83500|91830||18,1000,,0,0
YARD|||Argadargada~1|83233|66780||14,977,,0,0
YARN|||Areyonga~1|59084|22712||12,980,,0,0
YARP|||Arapunya~1|76833|57000||12,1000,,0,0
YATL|||Atula~1|67447|63890|279|14,950,,0,0
YAUS||AWP|Austral Downs~1|95000|77500||16,1200,,0,0
YAVD|||Avon Downs~1|99667|75170||15,1088,,0,0
YBAW|1|BKP|Barkly Downs~1|95042|84747|247|15,1462,,0,0
YBHK|||Bushy Park~1|87333|97170||12,1000,,0,0
YBRC|||Barrow Creek~1|84578|38720||13,1200,,0,0
YCCK|||Canteen Creek~1|93492|55850||12,940,,0,0
YCDT|||Carandotta~1|80333|86170||09,1500,,0,0;18,1000,,0,0
YCFH||CFH|Clifton Hills~1|29817|88920|32|03/12,900,,0,0;15,800,,0,0
YCKA|||Curdimurka~1|5233|70880||09,1600,,0,0
YCNS|||Coniston~1|78667|25330||12,1200,,0,0
YCPH|||Copper Hills~6|20505|43358||09,1000,,0,0
YCSP|||Curtin Springs~1|46661|17593||12,1300,,0,0
YCTS|||Calton Hills~1|98667|94170||15,1000,,0,0
YCWH|||Commonwealth Hill~1|428|41518||17,1300,,0,0;08,1200,,0,0
YCWI|1|CWR|Cowarie~1|22883|83280|16|17,1300,,0,0
YDAJ||DJR|Dajarra~1|82917|95330|102|11,1138,,0,0;15,792,,0,0
YDLD|||Delmore Downs~1|75414|48840||12,1200,,0,0
YDLH|||[Duplicate] Dalhousie~1|35770|55093|121|03,1000,,0,0;18,900,,0,0
YDLK|1|DLK|Dulkaninna~1|9867|84810||17,1160,,0,0;08,600,,0,0
YDPR|||Dneiper~1|73833|52000||10,900,,0,0
YDPW|||Deep Well~1|57020|41433||16,900,,0,0
YDRL|||De Rose Hill~1|35642|32600||09,1000,,0,0;17,600,,0,0
YEDA|1|ETD|Etadunna~1|12592|85890||09,1190,,0,0;17,1160,,0,0
YELK||EKD|Elkedra~1|88275|54440||13,977,,0,0
YEPR|||Epenarra~1|95667|52670||16,900,,0,0
YERL||EDD|Erldunda~1|47939|32542||09,1150,,0,0
YERN|1|ERB|Ernabella~1|37367|21820|215|05,1170,,0,0
YEVP|||Everard Park~1|29610|26886|492|09,1500,,0,0
YEYD|||Evelyn Downs~1|17953|44880||06,1000,,0,0;11,1000,,0,0
YFNE|1|FIK|Finke~1|44053|45830
YFRG|||Fregon~1|32250|20170|161|17,1160,,0,0
YFTN|||Mount Fitton Talc~1|908|94740||18,1100,,0,0;14,750,,0,0
YGDR|||The Garden~1|67133|44400||14,800,,0,0
YGDW|||Granite Downs~1|30517|36070|103|05,1102,,0,0
YGLE|1|GLG|Glengyle~1|51917|96000|28|15,880,,0,0
YGLO|1|GLM|Glenormiston~1|71117|88250|48|16,1038,,0,0;08,609,,0,0
YHAA|||Haasts Bluff~1|65450|18530|692|12,992,,0,0
YHBY|1|HRY|Henbury~1|54160|32360||11,1000,,0,0
YHDY|1|HIP|Headingly~1|86667|82830||09,1219,,0,0;18,1200,,0,0
YHGR|||Hugh River~1|55507|37087||14,1530,,0,0
YHKT|||Huckitta~1|70567|54470||15,1000,,0,0
YHMB|1|HMG|Hermannsburg~1|60735|28078|181|11,1129,,0,0
YHMT|||Hamilton~1|32800|50730||02,1100,,0,0;03,1000,,0,0
YHSB|||Horseshoe Bend~1|47833|42670||01,1500,,0,0
YHTS|||Harts Range~1|70150|49180||16,1300,,0,0
YIDK|1|IDK|Indulkana~1|30346|33220|122|11,1210,,0,0
YIDR|||Idracowra~1|49367|37330||13,977,,0,0;09,855,,0,0
YIGR|||Ingomar~1|3667|47930||09,800,,0,0;14,700,,0,0
YIKL|||Baikal~1|72367|61630||17,1400,,0,0
YIMA|||Imanpa~1|48690|25657||14,920,,0,0
YIMP|||Impadna~1|48462|35797||05,1450,,0,0
YJNK|||Jinka~1|70500|57330||15,1200,,0,0
YJVM|||Jervois Mine~1|73667|62670||17,1200,,0,0
YJVS|1||Jervois~1|70867|61200|101|14,977,,0,0
YKCA|1|KBJ|Kings Canyon~1|57398|14889|640|12,1496,,0,0
YKCS|1|KCS|Kings Creek~1|55787|18195|187|10,1533,,0,0
YKEN|||Kenmore Park~1|36667|24670||07,914,,0,0
YKLL|||Kallala~1|82500|88830||08,1000,,0,0;16,1000,,0,0
YKLR|||Kalamurina~1|22833|82620||17,800,,0,0
YKUR||KRD|Kurundi~1|94900|46706|408|16,895,88,6,0,,,454,-176,,,-419,152
YLAM|||Lambina~1|30867|40580||02,900,,0,0
YLBG|||Mount Liebig~1|67567|12600||08,1200,,0,0
YLKN|1|LNH|Lake Nash~1|90193|79178|195|14,919,,0,0;11,780,,0,0
YLLA|||Mobella~1|2017|33450||14,1200,,0,0;04,1100,,0,0
YLLC|||Lilla Creek~1|44421|40711||13,1000,,0,0
YLUC|||Lucy Creek~1|75333|62670||09,1000,,0,0
YMAC|||Macumba~1|27383|56380||08,1100,,0,0;01,900,,0,0
YMAI|||Manguri~1|10132|43914||10,1230,,0,0;17,1000,,0,0
YMAK|||Mabel Creek Station~1|10711|43285||18,1000,,0,0
YMBZ|||Mount Ebenezer~1|48302|26431||12,1200,,0,0
YMCR|1|MFP|Manners Creek~1|79000|79830||18,1220,,0,0
YMDK|||Mount Riddock~1|69667|46830||13,1000,,0,0
YMDS|1|MNW|Macdonald Downs~1|75560|51990||12,1100,,0,0
YMEI|||Mereenie~1|60233|15620|224|12,1500,,0,0
YMIB|||Mintabie~1|26703|33028|112|05,1200,,0,0
YMLR|||Muloorina~1|7533|79100||15,1100,,0,0;12,800,,0,0
YMNA|||Mount Allan~1|77250|22170||16,1000,,0,0
YMNB|||Mount Barry~1|17667|50000||11,1100,,0,0
YMNN|||Mount Denison~1|78583|20700||13,979,,0,0
YMNP|||Murnpeowie~1|4083|90520||01,900,,0,0;10,750,,0,0
YMNS|1|MSF|Mount Swan~1|73753|50345|500|11,1300,,0,0
YMQA|1|MQE|Marqua~1|71942|72510||12,900,,0,0
YMSK|||Mount Skinner~1|78122|41716||12,1000,,0,0
YMTC|||Mount Clarence~1|11730|43521|217|18,1200,,0,0;06,1050,,0,0
YMTX|||Mount Dare~1|39383|52470||15,1500,,0,0
YMUG|1|MNE|Mungeranie~1|19908|86570||17,1050,,0,0
YMUK|1|MVK|Mulka~1|16522|86500||12,1000,,0,0
YMUP|1|MUP|Mulga Park~1|41400|16500||09,1000,,0,0
YMWT|1|MWT|Moolawatana~1|931|97650|81|15,1240,,0,0;08,1000,,0,0
YMWX|1|MXD|Marion Downs~1|66363|96497||13,853,,0,0
YMYV|||Maryvale~1|53520|40264||11,1000,,0,0
YMYW|||Murray Downs~1|89517|46830||15,1000,,0,0
YNCS|||New Crown~1|43201|48386||13,900,,0,0
YNHV|||New Haven~1|72717|11450||13,1099,,0,0
YNPA|||Nilpinna~1|15177|59125|137|17,1400,,0,0
YNPB||NPP|Napperby~1|74688|27632|651|12,880,,0,0
YNRR|||Nyrripi~1|73547|5650||07,1400,,0,0
YNUE|||Numery~1|60167|54000||16,1000,,0,0
YNWT|||Narwietooma~1|67712|26294||07,1099,,0,0
YNYP|||Nyapari~1|38120|1923||10,1370,,0,0
YOAD|||Old Andado~1|46167|54170||15,2000,,0,0
YOBN|1|OBA|Oban~1|87652|90332|275
YOKV|||Oak Valley~1|4833|8670||18,1400,,0,0
YOOD|1|ODD|Oodnadatta~1|24375|54429|36|04,1368,,0,0;13,1285,,0,0,,,,,112,,,,112
YORT|||Ooratippra~1|80942|60690||14,960,,0,0
YPAY|||Papunya~1|67533|19030|189|13,1224,,0,0
YPDI|1|PDE|Pandie Pandie~1|38778|94035||15,1100,,0,0
YPKE|||Peake~1|17500|59000||04,1100,,0,0
YPMH|1|PXH|Prominent Hill~1|2840|55244|227|18,2200,30,5,0,,,986,191,222,,-971,-194,222
YRBT|||Rabbit Flat~1|98167|170||09,1340,,0,0
YRNW|||Ringwood~1|61717|49620||06,1219,,0,0;18,579,,0,0
YROV|||Ross River~1|64008|45170||08,900,,0,0
YRSB|1|RSB|Roseberth~1|41743|96275|17|14,1358,,0,0
YSAI|||Saipem~1|63000|18670||18,1200,,0,0
YSAR|||Mount Sarah~1|29569|52420||16,1050,,0,0
YSBO|||Stanbroke~1|84333|97170||18,1000,,0,0
YSTC|||Stuart Creek~1|2833|70630|37|09,1200,,0,0
YSTT|||Santa Teresa~1|58817|43900||10,1011,,0,0
YTCY|||Tarcoonyinna~1|32429|33586||13,1250,,0,0
YTDM|||Todmorden~1|28758|47700||15,1000,,0,0
YTGT|1|GTS|The Granites~1|94517|3470||11,1500,,0,0
YTIT|||Ti Tree~1|78683|34200||18,1300,,0,0
YTLT|||Tarlton Downs~1|73667|68000||14,1050,,0,0
YTMO|1|PHQ|The Monument~1|81889|99240|289|14,1900,30,1,1,145.2,,920,-800,289,,-500,300,289
YTMY|1|TYP|Tobermorey~1|77442|79530||08,900,,0,0
YTOS|||Tenneco Station Two~1|4340|99414||13,1050,,0,0
YTYN|||Tieyon~1|37833|39170||09,915,,0,0;17,865,,0,0
YUDG|||Urandangi~1|84100|83580||18,1000,,0,0
YUMB|||Umbeara~1|42533|37020||12,950,,0,0
YUMU|||Umuwa~1|35133|20400||08,1700,,0,0
YUNY|1|CZY|Cluny~1|54833|96170|27|06,1005,,0,0
YUTP|||Utopia~1|79450|47900||07,1200,,0,0
YUTS|||Utopia Station~1|77667|45800||07,1200,,0,0
YVNS|||Vaughan Springs~1|76667|8670||14,1200,,0,0
YWAC||WAU|Wauchope~1|93594|42153|361|09,800,,0,0
YWBI|||Warrabri~1|90000|43970|117|12,1038,,0,0
YWIB|||Mount Willoughby~1|20418|41495|272|05,1100,,0,0
YWLA|||Willowra~1|87233|26230||12,970,,0,0
YWLB|||Welbourn Hill~1|26578|40866||18,2000,,0,0;09,1600,,0,0
YWMC|1||William Creek~e|10900|63403|77|11,1300,8,1,1;03,800,15,5,0
YWRA|||Wooroona~1|95183|81680||12,914,,0,0
YWSI|||Wirrida Siding~1|4333|45170||05,1200,,0,0
YYND|1|YUE|Yuendumu~1|77458|17820|672|12,1440,18,1,0,127,,482,-559,,,-353,593
