#AS|L
NSTU|1|PPG|Pago Pago~3|56690|92900|10|05,3048,46,1,1,60.2,,-950,-1501,9,305,420,900,3,244;08,1158,30,1,1,90,,410,-300,2,488,410,800,2
#FJ|S
NFCI|1|ICI|Cicia~1|22567|6580|4
NFNH|1|LUC|Laucala Island~1|32519|3330|3
NFNK|1|LKB|Lakeba Island~1|18008|11830|85
NFNM|1|TVU|Matei~1|33094|1230|18|11,985,23,0,0,,,213,-426,18,,-224,382,21
NFVB|1|VBV|Vanua Balavu~1|27310|10240|23
#TO|L
NFTV|1|VAV|Vava'u~3|14147|60380|72|08,1705,30,1,1,96.2,,100,-800,67,299,-70,801,71,504
#TO|M
NFTL|1|HPA|Lifuka Island~1|2230|56590|9|11,1200,30,1,1,120.4,,270,-499,3,,-280,500,8
#TO|S
NFTO|1|NFO|Mata'aho~1|44294|43687|49|08,1200,,0,0,,,,,45,,,,34
NFTP|1|NTT|Kuini Lavenia~1|40227|62089|9
#WF|L
NLWW|1|WLS|Hihifo~1|67606|38014|24|08,2100,45,1,1,90,,110,-1040,18,,110,860,23
#WF|S
NLWF|1|FUT|Pointe Vele~1|56884|19335|6|07,1100,30,0,0,,,-64,-499,4,,64,513,5
#WS|L
NSFA|1|APW|Faleolo~3|61700|79920|18|08,3000,45,1,1,89,,-20,-1400,18,,30,1400,3
#WS|S
NSAU|1|AAU|Asau~1|64949|73721
NSFI|1|FGI|Fagali'i~1|61508|82601|40|10,670,,1,0,,,,,,,,,,85
NSMA|1|MXS|Maota~1|62577|77420
