#CL|H
SHJN|1||Dr. Juan Noé Crevani, Arica Regional Hospital Helipad|15172|96869|57
#CL|M
SCAR|1|ARI|Chacalluta~3|16515|96613|51|03,2800,45,1,1,19,,-1465,-539,37,,927,337,51
#CL|S
SCAE|1||El Buitre~1|14911|97093|100|09,1200,30,1,0,,,-43,-565,100,,42,566,100
#PE|L
SPIM|SPJC|LIM|Jorge Chávez~3|79781|28857|34|16L,3507,45,2,1,154,333,1429,-706,14,,-937,462,34,610;16R,3480,45,2,0,154,,985,-1680,,,-1315,-547
SPJL|1|JUL|Inca Manco Capac~3|45323|98435|3826|12,4200,46,1,1,112,,770,-1980,3826,,-650,1650,3824
SPQU|1|AQP|Rodríguez Ballón~3|36592|84305|2562|10,2980,45,1,1,93,,100,-1520,2521,,-50,1260,2562,447
SPSO|1|PIO|Captain Renán Elías Olivera~3|62551|37797|12|04,3020,45,1,1,38,,-1070,-860,3,,1080,860,12
SPZO|1|CUZ|Alejandro Velasco Astete~3|64643|80612|3310|10,3397,45,1,1,95.9,,160,-1560,3310,,-160,1560,3262
#PE|M
SPAY|1|AYX|Teniente General Gerardo Pérez Pinedo~1|92709|62335|229|04,1500,30,1,0,45,,-480,-490,,,470,480
SPHO|1|AYP|Air Force Colonel Alfredo Mendivil Duarte~1|68452|57956|2718|02,2800,45,1,1,22.6,,-1170,-500,2718,,1170,490,2741
SPJJ|1|JAU|Francisco Carle~1|82169|45266|3363|13,2810,45,1,0,128,,780,-1020,3322,,-780,1020,3322
SPLO|1|ILQ|General Jorge Fernandez Maldon~1|23050|86560|22|12,2500,45,1,0,114.8,,470,-1070,22,,-480,1080,22
SPTN|1|TCQ|Coronel FAP Carlos Ciriani Santa Rosa~3|19467|97242|469|02,2500,45,1,1,20,,-1060,-400,419,,1070,390,469
SPZA|1|NZC|Maria Reiche Neuman~1|51460|50385|567|07,1023,20,1,1,66,,-180,-440,550,,190,430,549,27
#PE|S
SPBL|1||Bolognesi~1|99704|60566|192|09,1180,18,1,0
SPEQ|||Cesar Torke Podesta~1|28210|90692|1366|06,1800,30,1,0,66,,-330,-770,1362,,330,770,1366
SPHY|1|ANS|Andahuaylas~1|62936|66496|3444|03,2500,30,1,1,31.8,,-980,-620,3444,,980,620,3444
SPIL|1|UMI|Quincemil~d|67686|92485|624
SPJN|1|SJA|San Juan de Marcona~1|46425|48650|44|15,2000,45,0,0,,,800,-391,44,,146,-70,44
SPLC|||Mariano Melgar~1|32085|81134|1186|17,3982,49,1,0,174,,1790,-200,,,-1790,200
SPLP|||Las Palmas~d|78393|30011|76|02,2444,46,1,1,18,,-1050,-350,76,152,1050,340,73
SPMF|1|MZA|Mayor PNP Nancy Flores Paucar~1|86746|54644|685|15,1760,30,1,0,151.5,,700,-390,,,-700,380
SPOY|||Atico~1|37672|63943|3|11,1494,30,1,0
SPPO|1||Pozuzo~1|99299|44500|738
SPRM|||Capitán FAP Leonardo Alvariño Herr~1|88714|46495|792|01,1000,18,1,0,12.6,,-420,-90,,,420,90
VVN||VVN|Las Malvinas/Echarate~1|81451|70607|392
