#AO|M
FNBG|1|BUG|Benguela~1|73910|34037|36|14,1620,30,1,1,131,,460,-560,36,,-470,570,36
FNCT|1|CBT|Catumbela~1|75208|34869|7|02,3700,44,1,0
FNGI|1|VPE|Ngjiva Pereira~1|29565|56838|1087|13,3243,29,1,0,114.9,,620,-1380,,,-610,1380
FNHU|1|NOV|Albano Machado~1|71911|57605|1703|11,2660,45,1,0,100,,220,-1200,1703,,-220,1210,1695;01,1000,,0,0,,,,,1698,,,,1697
FNKU|1|SVP|Kuito~1|75954|69474|1712|08,2500,30,1,1,70,,-400,-1080,,,390,1080
FNME|1|SPP|Menongue~1|53424|77198|1362|13,3500,45,1,0,120,,750,-1430,1394,,-740,1430,1399
FNMO|1|MSZ|Welwitschia Mirabilis~3|47388|21468|64|08,2500,45,1,1,66,,-460,-1070,64,,450,1060,64
FNPA|1|PBN|Porto Amboim~1|92780|37655|5|07,1030,30,1,0,55,,-260,-370,,,270,380
FNSU|1|NDD|Sumbe~1|88321|38475|11|05,949,18,1,0,44.6,,-310,-300,,,310,310
FNUB|1|SDD|Lubango Mukanka~3|50752|35767|1761|10,3150,45,1,1,87,,-32,-1475,1783,,58,1448,1760
FNUE|1|LUO|Luena~1|82319|98977|1329|11,2400,40,1,0,104,,270,-1070,1368,,-260,1070,1364
FNXA|1|XGN|Xangongo~1|32446|49653|1108|03,2256,30,1,0,21,,-950,-380,,,950,390
#AO|S
AO-0005||ANL|Andulo~1|85277|67109
AO-0074|FNNL||Huambo~1|72137|57745|1659
AO-CNZ||CNZ|Cangamba~1|62894|98611|1187
FN18|||Matala~1|52725|50140|1256|10,2443,30,1,0,95,,100,-1120,,,-110,1130
FNCC|1||Cacolo~1|98897|92873|1341
FNCV|1|CTI|Cuito Cuanavale~1|48397|91561
FNLB|1|LLT|Lobito~1|76288|35366|3|16,1500,30,1,1,151,,590,-350,,,-600,350
FNTE|1||Tchamutete~1|47836|60549|1293
FNWK|1|CEO|Waco Kungo~1|85736|51014|1318
JMB|FNJM|JMB|Jamba~1|53018|60701|1497
#NA|M
FYGF|1|GFY|Grootfontein~1|3978|81227|1413|08,3560,45,1,1,68,,-260,-690,1403,,960,2460,1390;17,1040,30,1,0,158,,530,-230,1405,,-350,150,1398
FYOA|1|OND|Ondangwa~1|21218|59526|1097|08,2987,30,1,1,65,,-560,-1280,1097,,560,1280,1097;16,1348,30,5,0,149,,820,-1200,1097,,-220,-530,1097
FYRU|1|NDU|Rundu~1|20435|97194|1106|08,3354,30,1,0,72,,-470,-1500,1106,,470,1510,1091;18,1465,30,5,2,171,,750,280,,,-520,490
FYTM|1|TSB|Tsumeb~1|7379|77325|1327|12,1470,17,1,1,108,,230,-690,,,-190,690
#NA|S
FYBM|1||B2Gold Otjikoto Mine~1|77|71277|1523
FYBY|1||Byseewah~6|3921|54304|1237
FYEA|1||Etendeka~6|1970|39282|989
FYEF|1||Epupa Falls Airstrip.|29707|32103|777
FYEN|1||Eenhana~1|25170|63220|1116|09,1748,30,1,0,75,,-210,-800,,,200,790
FYEP|1||Epacha~1|5704|56769
FYER|1||Ermo Game Farm~6|7036|45619|1274
FYHI|1|HAL|Halali~1|9715|64585|1109
FYHV|1||Hartmann Valley~6|26229|22547|623|06,1550,20,6,0
FYKJ|1||Kamanjab~1|4794|48233|1298
FYLR|1||La Rochelle~9|10210|78613|1180
FYMK|1||Kunene Mouth~6|27292|17629|5
FYMO|1|OKU|Mokuti Lodge~1|11872|70594|1117
FYMW|1||Moewe Bay~1|6110|27438|9
FYNA|1|NNI|Namutoni~1|11936|69272|1091
FYNG|1||Ongava Lodge~6|6715|59150|1140
FYOH|1||Okahao~1|21189|50762
FYOO|1|OKF|Okaukuejo~1|8508|59119|1192
FYOP|1|OPW|Opuwa~1|19440|38521|1149
FYOS|1|OHI|Oshakati~1|22030|56993|1102|17,1500,25,1,0,,,1290,-710,,,110,-490
FYRC|1||Ruacana~1|25794|43717|1148|11,2171,30,1,0,90,,0,20,,,0,2060;16,1647,30,1,0,139,,100,-100,,,-1020,920
FYTE|1|TCY|Terrace Bay~1|279|30255|10
NA-0160|FYKW||Okangwati~1|25613|32782|1084
NA-0169|FYEH||Ehomba~1|25120|38368|1091
