#KM|L
FMCH|1|HAH|Prince Said Ibrahim~3|84663|32719|28|02,2900,45,1,1,10,,-1290,-230,20,,1300,220,24
#KM|M
FMCI|1|NWA|Mohéli Bandar Es Eslam~1|77019|37665|14|13,1300,30,1,0,123,,320,-510,15,,-320,490,13
FMCV|1|AJN|Ouani~1|78690|44300|19|10,1350,28,1,0,94.9,,0,-580,6,,-100,650,23
#MG|L
FMMI|1|TNR|Ivato~3|12031|74788|1280|11,3100,45,1,1,99,,210,-1450,1279,,-220,1450,1255
FMMT|1|TMM|Toamasina Ambalamanasy~1|18865|93923|7|01,2200,40,1,1,354,,-590,140,6,,1390,-90,7
FMNM|1|MJN|Amborovy~1|43332|63512|27|14,2200,45,1,1,132,,630,-700,11,,-700,820,27
FMNN|1|NOS|Nosy Be~3|66879|83148|11|05,2190,45,1,1,43,,-720,-690,11,,730,690,5
#MG|M
FMMN|1|ZVA|Miandrivazo~1|4372|54508|62|16,1100,30,1,0,147.7,,420,-270,,,-420,290
FMMS|1|SMS|Sainte Marie~1|29061|98158|2|01,1052,30,1,0,353.9,,-510,90,,,440,-20,,88
FMNA|1|DIE|Arrachart~1|76506|92917|114|13,1500,30,1,1,124,,380,-560,95,,-380,570,114
FMNC|1|WMR|Mananara Nord~1|38361|97738|3|11,1250,25,1,0,98,,60,-590,,,-60,580
FMND|1|ZWA|Andapa~1|53483|96206|473|02,1266,30,1,0,5.4,,-550,-60,473,,590,50,469
FMNL|1|HVA|Analalava~1|53705|77636|105|11,1200,22,3,0,101,,80,-530,62,,-120,570,96
FMNQ|1|BPY|Besalampy~1|32555|44825|38|08,1233,20,1,0,72,,100,-660,,,440,440
FMNR|1|WMN|Maroantsetra~1|45623|96891|3|14,1300,30,1,0,128.4,,350,-550,4,,-370,400,4
FMNW|1|WAI|Ambalabe~1|51012|79939|28|01,1500,30,1,0,2,,-670,-30,,,680,30
#MG|S
AMY|FMMB|AMY|Ambatomainty~1|23133|56239|312
BSV||BSV|Besakoa~1|43275|70617|12
BZM||BZM|Bemolanga~1|23075|50888|290
FM43|FMNK||Antsiranana Andrakaka~1|77439|92542|61|13,2503,45,1,1,127,,680,-920,56,,-680,920,60
FMFE|1|OHB|Ambohibary~1|10825|82182|902
FMMA|1||Antananarivo Arivonimamo~1|9710|71718|1450|12,2511,45,1,0,106,,330,-1140,1443,,-330,1140,1444
FMME|1|ATJ|Antsirabe~1|1608|70637|1523|05,1500,46,1,0
FMMG|1|WAQ|Antsalova~1|12987|46149|168
FMMH|1|VVB|Mahanoro~1|1670|88000|5
FMMJ|1||Ambohijanahary~1|25355|83267|761
FMMK|1|JVA|Ankavandra~1|11950|52735|130
FMML|1|BMD|Belo sur Tsiribihina~1|3133|45419|47
FMMO|1|MXT|Maintirano~1|19500|40330|29
FMMP|1||Amparafaravola~1|23454|82144|785
FMMQ|1|ILK|Atsinanana~1|4170|88030|10
FMMR|1|TVA|Morafenobe~1|21499|49205|228
FMMU|1|WTA|Tambohorano~1|25239|39728|7
FMMX|1|WTS|Tsiroanomandidy~1|12403|60541|846
FMMY|1|VAT|Vatomandry~1|6167|89500|12
FMMZ|1|WAM|Ambatondrazaka~1|22046|84426|766|12,1200,,4,0
FMNB||WBE|Ankaizina~1|54557|86914|1120
FMNE|1|AMB|Ambilobe~1|68116|89880|22|11,1500,30,1,0,103,,150,-670,20,,-160,670,22
FMNF|1|WBD|Avaratra~1|48000|84830|250
FMNG|1|WPB|Port Bergé~1|44157|76236|65
FMNO|1|DWB|Soalala~1|38983|53588|43
FMNP|1|WMP|Mampikony~1|39281|76430|36
FMNT|1|TTS|Tsaratanana~1|32489|76190|327
FMNX|1|WMA|Mandritsara~1|41540|88347|307
FMNZ||IVA|Ampampamena~1|65152|86327|15|15,1356,13,1,0,140,,470,-400,,,-470,400
MG-0020||NKO|Ankokoambo~1|34051|44537|9
MG-DOA||DOA|Doany~1|56319|95108
TZO||TZO|Tsimiroro~1|16549|50156|230
WAD||WAD|Andriamena~1|23690|77233|754
#MZ|M
FQMP|1|MZB|Mocímboa da Praia~1|86382|3549|27|03,2000,27,1,0,25,,-820,-390,27,,820,380,26
FQNC|1|MNC|Nacala~3|55118|7122|125|01,3100,45,1,1,13,,-1214,-92,121,,1573,136,101
FQPB|1|POL|Pemba~1|70067|5249|101|17,1800,45,1,1,160.8,,770,-280,101,,-770,270,97;08,800,30,1,2,78,,530,-790,101,,690,-70,101
#MZ|S
FQIB|1|IBO|Ibo~1|76498|6023|8
FQLU|1|LFB|Lumbo~1|49669|6717|10|01,1500,30,1,0,360,,-680,0,9,,680,10,10
LMZ||LMZ|Palma~1|92494|4702|54
#TF|S
FMZJ|||Juan de Nova~6|29460|27193|1|10,1300,,0,0
#TZ|M
HTMT|1|MYW|Mtwara~1|96638|1820|113|01,2259,30,1,0,4,,-1300,-90,108,,730,50,108;08,1163,30,6,0,80,,-70,-470,108,,110,580,108
#YT|L
FMCZ|1|DZA|Dzaoudzi Pamandzi~3|71907|52818|7|16,1929,28,1,1,150,,710,-390,3,76,-740,470,7
