#CK|S
NCAI|1|AIT|Aitutaki~1|11691|2360|4|14,1804,30,1,1,153.9,,70,-100,4,,-1400,700,3;09,1388,55,0,2,105.8,,340,-1299,2,,-20,100,4
NCAT|1|AIU|Enua~1|322|18810|11|09,1203,,0,0,,,,,11,,,,11
NCMN|1||Manuae~1|7308|10406|5
NCMR|1|MOI|Mitiaro Island~1|1575|22970|8
#PF|H
PF-0004|NTHB||PAGO HELIPAD|34818|82651|3
#PF|M
NTTB|1|BOB|Bora Bora~1|35556|82490|3|11,1500,22,1,1,124.4,,390,-600,3,,-380,600,3;17,914,43,0,2,191.8,,530,-600,,,-280,-800
NTTH|1|HUH|Huahine-Fare~1|33129|89784|2|07,1500,20,1,1,79.5,,-140,-741,2,,110,660,2
NTTP|1|MAU|Maupiti~1|35735|77560|5|08,956,23,1,0,89.1,,-10,-400,1,21,10,500,5
NTTR|1|RFP|Raiatea~1|32771|85340|1|07,1400,30,1,1,83.9,,-60,-600,1,,70,700,1
#PF|S
NTTU|1|TPX|Tupai~1|37577|81662|10
