#MW|L
FWCL|1|BLZ|Chileka~3|43228|49723|779|10,2325,30,1,1,97,,-10,-1360,753,,-260,790,779;15,1372,30,1,0,141,,600,-490,752,,-360,320,776
FWKI|1|LLW|Kamuzu~3|62106|37810|1230|14,3540,45,1,1,130.9,,1030,-1260,1228,,-1020,1260,1226
#MW|M
FWDW|1|DWA|Dwangwa~1|74825|41319|489|14,1213,,0,0
FWUU|1|ZZU|Mzuzu~1|85553|40118|1254|17,1308,19,1,0,161.1,,550,-200,1254,,-570,190,1254
#MW|S
FWCD|1|CEH|Chelinda~9|94427|37971|2365
FWCM|1|CMK|Club Makokola~1|56935|51315|484|11,1158,,0,0
FWCS|1||Ntchisi~1|66242|38645|1311
FWKG|1|KBQ|Kasungu~1|69854|34686|1058|08,1200,17,1,0,74,,-150,-530,,,140,530
FWLE|1||Old Lilongwe~1|60340|37018|1134|17,1407,41,4,2,163.8,,250,-730,1134,,-970,-380,1124;09,1360,30,1,0,80.1,,-100,-610,1134,,100,620,1127
FWLK|1|LIX|Likoma Island~1|79202|47363|488
FWLP|1||Lifupa~1|69500|31500|1014
FWMC|1||Mchinji~1|61930|28948|1189
FWMY|1|MYZ|Monkey Bay~1|59164|49197|482
FWSJ|1||Nsanje~1|30789|52527|61
FWSM|1|LMB|Salima~1|62441|45842|515
FWSU|1||Nchalo Sucoma~1|37307|48772|70|15,1250,23,1,1,,,494,-289,,,-454,335
FWZA|1||Zomba~1|46137|53836|808|09,1250,17,1,1,78.5,,0,-480,,,190,660
MW-0001|FWCC||Chintheche~e|81647|41645|503
VUU||VUU|Mvuu Camp~1|51614|53014|488
#MZ|L
FQBR|1|BEW|Beira~3|2036|49076|10|12,2400,45,1,1,105,,280,-1110,8,,-280,1100,9;17,1725,45,1,2,159.9,,480,-100,9,,-990,470,9;06,920,45,1,2,44,,-310,-110,10,,280,500,10
FQNP|1|APL|Nampula~1|48944|92818|440|05,2000,45,1,1,45.8,,-620,-670,440,,620,670,421;13,1565,45,5,0,119,,210,460,420,,-480,1730,428
FQTT|1|TET|Tete~1|38952|36402|160|01,2507,45,1,1,2,,-1130,-30,,,1130,30
#MZ|M
FQCH|1|VPY|Chimoio~1|8487|34290|697|01,2400,45,1,1,5,,-1080,-100,,,1090,90
FQLC|1|VXC|Lichinga~1|67260|52663|1373|08,2530,45,1,1,71,,-380,-1100,1369,,380,1100,1366
FQMD|1|MUD|Mueda~1|83271|95631|850|16,2351,30,1,0,158.2,,980,-400,,,-990,410
FQQL|1|UEL|Quelimane~1|21445|68691|11|18,1800,45,1,1,174,,810,-80,11,,-810,90,11;09,908,30,5,2,85,,420,-340,,,500,530
#MZ|S
AME||AME|Alto Molocue~1|43897|76814|594
CMZ||CMZ|Caia~1|21669|53341|48
FQAG|1|ANO|Angoche~1|38181|99452|37
FQCB|1|FXO|Cuamba~1|51850|65300|585
FQES|1||Estima Airbase|42660|27563|336
FQFU|1||Furancungo~1|50818|36282|1255
FQMR|1||Marrupa~1|67749|75521|756|15,1725,30,1,0,143,,620,-480,,,-610,470
FQSG|1||Songo~1|43973|27732|885|16,900,23,1,0,159,,380,-150,885,,-380,150,882
FQUG|1||Ulongwe~1|52954|43524|1300|16,1798,30,1,0,158,,750,-310,1307,,-760,310,1301
IMG||IMG|Inhaminga~1|15900|50045|327
LBM||LBM|Luabo~1|15861|61068|11
MJS||MJS|Maganja da Costa~1|26913|75000|66
MTU||MTU|Montepuez~1|68781|90528
NND||NND|Nangade~1|89270|96800|251
PEB||PEB|Pebane~1|27272|81807
RRM||RRM|Marromeu~1|16807|59495|12
VJQ||VJQ|Gurue~1|44938|69904|685
#TZ|S
HTMI|1|XMI|Masasi~1|92670|87670|518
HTNA|1|NCH|Nachingwea~1|96425|87792|427
HTSO|1|SGX|Songea~1|93170|55830|1050
#ZM|L
FLMF|1|MFU|Mfuwe~3|67411|19366|565|09,2240,45,1,1,83,,-130,-1010,561,,130,1000,565
#ZM|S
FLAB|1||Kakumbi~6|69321|17633|530
FLBW|1||Nabwalya~6|75711|19774|575
FLCF|1||Chifunda~6|81150|25686|633
FLCP|1|CIP|Chipata~1|64417|25872|1024|18,1470,,0,0,,,,,1004,,,,1025
FLEB|1||East Two~1|88917|3596|1189
FLEC|1||East Three~1|58833|1292|701
FLEF|1||East Six~1|88642|154|1158
FLIK|||Isoka~1|98380|26598|1360|15,1341,,6,0,150
FLKS|1|KAA|Kasama~1|97898|11230|1384|13,1874,,5,0,,,,,1371,,,,1383
FLKZ|1||Lukuzi~1|71521|20358|549
ZM-0047|FLAM||Chama~6|87618|31607|780
#ZW|L
FVHA|FVRG|HRE|Robert Gabriel Mugabe~3|20682|10928|1490|05,4725,46,1,1,46,,-1503,-1566,1461,1084,1510,1581,1490
#ZW|M
FVMT|1||Mutoko~1|25681|21845|1204|09,1100,18,1,0,84.2,,-50,-520,,,50,520
#ZW|S
FV76|||Kwekwe East~1|9892|252|1227|12,1711,20,6,0,119,,1490,-640,,,740,780;08,1129,15,1,0,78,,-110,-530,,,100,520
FV77|||Mhangura~1|30899|2423|1243|05,1557,9,1,0,43,,-520,-480,,,510,510
FVCN|1||Centenary~1|32659|11220|1237|09,1088,16,1,0,84,,-50,-510,,,50,510
FVCP|1||Charles Prince~1|22484|9247|1477|06,1200,17,1,1,53.8,,-360,-520,1467,,270,390,1476;14,925,18,1,0,132,,270,-320,1475,,-280,340,1477
FVDA|||Dawsons~1|29951|8961|1451|09,914,24,0,0,82,,-60,-440,1448,,60,440,1448
FVGR|1||Grand Reef~1|10225|24508|1016
FVMA|1||Marondera~1|18170|14670|1637|14,800,9,1,0
FVMD|1||Mount Darwin~1|32308|15598|988|10,1113,18,1,0,98,,70,-510,,,-80,520
FVMI|1||Mubayira~1|16830|5867|1250
FVMU|1|UTA|Mutare~1|10025|26272|1039|12,950,18,0,0,112.9,,170,-410,,,-170,420
FVOT|1||Kotwa~1|30152|26727|747|11,1110,17,1,0,100.3,,80,-510,,,-90,500
FVTD|1||Tinfields~1|583|14259|1097
