#AU|L
YBCS|1|CNS|Cairns~3|31211|57495|3|15,3197,45,1,1,156,,1310,-550,3,,-1340,650,2;12,925,18,1,2,126,,-180,250,3,,-660,950,2
#AU|M
YBTL|1|TSV|Townsville Airport / RAAF Base Townsville|7471|67665|5|01,2438,45,1,1,24,,-540,-150,5,,1470,750,4;07,1100,30,1,1,74,,-290,-1050,4,,-20,-49,4
YBWP|1|WEI|Weipa~1|73225|19226|19|12,1645,30,1,1,124,,420,-660,17,,-410,640,19
YCKN|1|CTN|Cooktown~1|45564|51832|8|11,1627,30,1,1,111,,290,-721,7,,-250,680,4
YCOE|1|CUQ|Coen~1|62389|31133|162|11,1252,23,1,1,113.1,,50,-130,159,,-380,869,162
YHID|1|HID|Horn Island~1|94144|22928|13|08,1389,30,1,1,85,,-110,-1179,4,,10,121,7,140;14,1235,23,1,1,140,,460,-380,2,,-390,321,13
YKOW|1|KWM|Kowanyama~1|45146|17526|11|12,1380,30,1,1,120,,300,-561,10,,-320,540,11
YLHR|1|IRG|Lockhart River~1|72131|33050|23|12,1499,30,1,1,125,,320,-401,14,,-460,700,23
YMBA|1|MRG|Mareeba~1|29297|54242|475|10,1505,30,1,1,108,,290,-838,467,,-265,790,475
YNTN|1|NTN|Normanton~1|23159|10697|22|14,1676,30,1,1,146,,330,-270,9,,-940,630,22
#AU|S
AU-0264|YSKR||Skardon River~1|81337|20088|9
AU-0564|||Archer River~6|65637|29289|103|01,1052,80,4,0,,,-440,-127,,,457,183
AU-0785|YWSN||Woodstock Station|6413|27569
AU-AGW||AGW|Agnew~1|78544|21494|49
AU-HLV||HLV|Helenvale~1|43142|52150
AU-TWP||TWP|Torwood~1|26367|37500
RKY||RKY|Rokeby~1|63566|26410|110
RLP||RLP|Rosella Plains~1|15747|44587|565
YABI|1|ABG|Abingdon Downs~1|23912|31835|175
YATN|1||Atherton~1|27436|55115|747|15L,1163,,0,0
YAUR|1|AUU|Aurukun~1|66460|17200|9|16,1262,30,3,1,161,,560,-200,8,,-510,200,9
YAYR|1|AYR|Ayr~1|4042|73245|12|01,1462,30,1,0,22,,-230,-49,,,1000,449;11,1127,30,4,0,115.1
YBAU|1|BDD|Badu Island~1|98505|21737|4|12,850,,0,0
YBEG|||Bening~g|3467|62937|309|07,1707,29,6,0,,,-202,-760,,,226,806
YBIZ||BZP|Bizant~1|52597|41194|20|18,1100,,0,0
YBMD||BFC|Bloomfield River~1|41264|53300||12,975,,0,0
YBSG|||RAAF Base Scherger|73761|20870|44|12,3049,45,1,1,125,,806,-1074,,,-648,1337
YBTS|||Battery Downs~1|5667|58500||12,1000,,0,0
YBTV||BVW|Batavia Downs~1|73408|26750||07,1000,,0,0
YBUX|||Bulleringa~1|23500|38000||05,800,,0,0
YBWM||BIP|Bulimba~1|31192|34790|143|13,1000,,0,0
YBWR||BCK|Bolwarra~1|26117|41690||04,1300,,0,0
YCBE||CBY|Canobie~1|5206|9270
YCCT|1|CNC|Coconut Island~1|99499|30700|1|09,730,,0,0
YCFL||CQP|Cape Flattery~1|50292|53117|13|12,890,,0,0
YCGO|1|LLG|Chillagoe~1|28616|45285|338|17,981,18,1,0,177,,495,-13,,,-390,29
YCJU|||Conjuboy~1|13148|47483||08,1000,,0,0
YCMK|||Camel Creek~1|11422|54765||07,915,,0,0
YCPN||CFP|Carpentaria Downs~1|12815|43130|483|14,1220,,0,0
YCRY|1|CDQ|Croydon~1|17750|22580|33|09,1463,,0,0
YCYT|||Crystal Brook~1|26167|44500||17,1100,,0,0
YDAG|||Dagworth~1|20593|35950||10,1200,,0,0
YDBR|1|DNB|Dunbar~1|39526|23944|5|09,1010,,0,0
YDDF||DFP|Drumduff~1|39479|30133||06,980,,0,0
YDIM|||Dimbulah~1|28713|50958||14,1000,,0,0
YDIX|1|DXD|Dixie~1|48825|33160|177|07,970,,0,0
YDKI|1|DKI|Dunk Island~1|20609|61414|2|14,815,,0,0
YDLT|1|DDN|Delta Downs~1|30083|13170|5|09,980,,0,0
YDOO|||Donors Hill~1|12912|5538||08,800,,0,0
YDOP|||Donnington~j|3979|68432|23|11,920,,0,0
YDOR|1|DRD|Dorunda~1|34463|18238|18|14,1360,,0,0
YEIN||EIH|Einasleigh~1|14967|40940||17,1200,,0,0
YFSA|||Forsayth~1|14134|35659||09,1005,,0,0
YGAM|1|GBP|Gamboola~1|34559|36682||03,550,,0,0
YGGL|||Glen Garland~1|51333|32830||11,1000,,0,0
YGGS|||Gregory Springs~1|2900|43730||08,1000,,0,0
YGNV|1|GVP|Greenvale~1|10034|50136||08,920,,0,0
YGRU|||Glen Ruth~1|19167|54000||03,1400,,0,0
YGTN|1|GTT|Georgetown~1|16973|35309|303|06,1158,18,1,0,61,,-235,-500,,,233,482
YGUW|||Gunnawarra~1|20500|51670||15,1200,,0,0
YHHY|1|HIG|Highbury~1|35759|31453||11,800,,0,0
YHPV||HPE|Hope Vale~1|47077|51035|69
YHTL|1|HAT|Heathlands~1|82631|25770||10,1200,,0,0
YHTN|||Herberton~1|25667|54000||16/33,972,,0,0
YIFL|1|IFL|Innisfail~1|24406|60120|14|14,1353,30,1,1,141,,520,-500,14,,-430,300,11;03,1344,30,0,0,35,,-500,-300,13,,500,401,7
YIFY|1|IFF|Iffley~1|11000|12170|13|12,880,,0,0
YIGM|1|IGH|Ingham~1|13359|61458|15|05,1526,30,1,1,58,,-417,-675,,,322,551,,36
YIKM|1|IKP|Inkerman~1|37708|14346|2|17,920,,0,0
YINV|||Inverleigh~1|19948|5355||07,2000,,0,0;18,1000,,0,0
YJNY|||Jonroy~1|35000|44000||06,1500,,0,0
YJWB|||Jowalbinna~1|42667|42670||03,1000,,0,0
YKID|||Kidston~1|11300|41730|151|03,1250,,0,0
YKLA|1|KOH|Koolatah~1|41115|24395||07,700,,0,0
YKLB|1|KKP|Koolburra~1|46811|39550|107|08,1000,,0,0
YKLG|||Kalinga~1|47972|38502||05,1000,,0,0
YKLN|||Killarney~1|46000|35000||15,1000,,0,0
YKMB|1|KRB|Karumba~1|25433|8300|2|03,1271,,0,0,,,,,5,,,,5
YKML|1|KML|Kamileroi~1|6250|570|28|14,1608,,0,0
YKPR|1|KPP|Kalpowar~1|51100|42200|27|11,1500,,0,0
YKRV|||Kendall River~1|62561|21310||18,1000,,0,0
YKUB|1|KUG|Kubin Island~1|97735|22196|5|11,1000,18,3,0,113,,201,-399,,41,-170,432,,41
YLFD|1|LFP|Lakefield~1|50793|42030|33|05,1000,,0,0
YLHS|1|LTP|Lyndhurst~1|8042|43710||16,1290,,0,0
YLKD|||Lucky Downs~1|10895|49968||12,980,,0,0
YLND|1|LKD|Lakeland~1|41588|48491|283|16,1170,,0,0
YLOV|1|LTV|Lotus Vale~1|29517|13760||08,870,,0,0
YLRA|1|LUU|Laura~1|44395|44514|191|14,1075,,0,0
YLRS|1|LUT|New Laura~1|48172|43455|45|11,1000,,0,0
YLZI|1|LZR|Lizard Island~1|53267|54546|21|12,926,15,1,1,120,,335,-354,,,-227,231
YMDW|||Maitland Downs~1|37767|47030||10,1100,,0,0
YMEP|||Merapah~1|62755|24114||01,800,,0,0
YMEU|1|MLV|Merluna~1|69351|24536|84|09,1000,,0,0
YMGV|1|MVU|Musgrave~1|52243|35047|92|18,1000,,0,0
YMIR|1|MWY|Miranda Downs~1|26711|18860||11,1008,72,6,0,,,216,-490,,,-234,495;06,342,24,6,0,,,33,-538,,,205,-215
YMLL|||Millungera~1|1417|15620||12,750,,0,0
YMOT|1|MET|Moreton~1|75558|26380||14,1200,,0,0
YMRT|||Mount Garnet~1|22941|51482|200|09,1231,,0,0
YMSP|||Mount Surprise~1|18684|42881||04,1150,,0,0
YMYY|||Mary Valley~1|49529|37578||06,1000,,0,0
YNMN||NMP|New Moon~1|8000|57730|335|17,1000,,0,0
YNPE|1|ABM|Northern Peninsula~1|90538|24551|10|13,1665,30,1,1,137,,781,-724,9,,-460,390,6
YOTN|||Ootann~1|25572|46467||14,800,,0,0
YPAM|1|PMK|Palm Island~1|12447|65810|9|14,1137,18,1,1,143,,428,-292,6,,-388,362,5
YPIN|||Pinnacle~1|43333|35500||05,1070,,0,0
YPMP|1|EDR|Pormpuraaw~1|51035|16091|3|14,1360,30,1,1,150.6,,550,-310,,,-530,290
YROB|1|ROH|Robinhood~1|11550|37100|140
YRTP|1|RTP|Rutland Plains~1|43550|18444|5|12,977,,0,0
YSDL|||Sudley~1|72832|23667||14,1300,,0,0
YSGD|||Strathgordon~1|52050|24330||14,1000,,0,0
YSLN|||Strathleven~1|41017|33830||12,800,,0,0
YSMR|1|STH|Strathmore~1|21373|25578||11,1000,,0,0
YSMY|||Strathmay~1|51167|28020||12,1000,,0,0
YSOW|||Southwell~1|54833|20330||09,1000,,0,0
YSPK|1|SCG|Spring Creek~1|13623|45457||08,990,,0,0
YSTB|||Strathburn~1|55226|28246||10,900,,0,0
YSVN|||Strathaven~1|51000|29670||17,950,,0,0
YSVP||SSP|Silver Plains~1|60246|35537|15
YTOB|||Toomba~1|667|55830||09,850,,0,0
YTTE|||Ti Tree~1|60158|16553||16,800,,0,0
YTUY|||Tully~1|20654|59381||18,915,,0,0
YTVA|||Talavera~1|7895|36637||02,920,,0,0
YUDA|1|UDA|Undara~1|18087|46122|747
YVLG|||Valley of Lagoons~1|13333|51000||09,1000,,0,0
YVRS|1|VNR|Vanrook Station~1|30385|19523|13
YVVL|||Violet Vale~1|52663|35893||10,900,,0,0
YWAT|||Wattle Hills~1|73628|30414||11,1000,,0,0
YWBS|1|SYU|Warraber Island~1|97917|28250|1|12,720,,0,0
YWDL|1|WON|Wondoola~1|14250|8920|18|11,1230,,0,0
YWDT|||Wyandotte~1|12462|48408||09,1000,,0,0
YWDV||MFL|Mount Full Stop~1|3300|48852|585
YWMP|1|WPK|Wrotham Park~1|33411|39993|46|06,915,,0,0
YWNI|||Wathanin~1|62957|15541||17,1000,,0,0;12,830,,0,0
YWTV|||Watson River~1|67713|22355||09,1400,,0,0
YYAK|||Yalkulka~1|32686|53474||18,950,,0,0
#PG|S
AZB||AZB|Amazon Bay~1|97008|93383|4|10,875,,4,0
KUP||KUP|Kupiano~1|99264|82180|27|12,975,,0,0
MAP||MAP|Mamai~1|97092|95192|27
PG-0005||CPN|Cape Rodney~1|98202|83790|7|09,1300,,0,0,100
