#AU|L
YPDN|1|DRW|Darwin International Airport / RAAF Darwin|75850|8818|31|11,3354,60,1,1,109,,560,-1679,29,,-420,1220,25;18,1524,30,1,1,180,,620,-1080,29,,-760,-1080,28
#AU|M
AU-0796|YNKR||Nackeroo~9|44220|4760
YBTI|1|BRT|Bathurst Island~1|82350|6158|20|15,1470,30,1,1,150,,600,-380,10,,-550,320,20
YELD|1|ELC|Elcho Island~1|79806|55710|31|10,1440,30,1,1,99,,130,-301,31,,-90,999,27
YGPT|1|GPN|Garden Point~1|86003|4256|27|04,1315,30,3,1,46,,-440,-459,21,,380,340,26
YGTE|1|GTE|Groote Eylandt~1|60276|64586|16|10,1901,30,1,1,100,,140,-860,9,,-140,840,16
YMGD|1|MNG|Maningrida~1|79439|42340|37|14,1530,30,1,1,148.6,,350,-100,34,,-830,601,37
YNGU|1|RPM|Ngukurr~1|52772|47470|14|11,1530,18,1,1,115,,220,-600,12,,-350,700,10
YPGV|1|GOV|Gove~1|77306|68180|59|13,2208,45,1,1,130,,660,-800,59,,-630,700,52
YPTN|1|KTR|Tindal~1|54789|23780|135|14,2744,46,1,1,139,,890,-900,130,,-980,800,135
YSNB|YSNK|SNB|Snake Bay~1|85823|6485|53|13,1443,30,1,1,129,,400,-450,48,,-430,551,53
YTNK|1|TCA|Tennant Creek~1|3656|41830|377|07,1959,30,1,1,73,,-146,-1330,367,,331,467,375;11,1057,18,1,1,119,,30,-701,369,,-430,200,372
#AU|S
AU-AYD||AYD|Alroy Downs~1|7092|60790|217
AU-BYX||BYX|Baniyala~1|68019|62270|6
AU-COB||COB|Coolibah~1|44517|9620
AU-CSD||CSD|Cresswell Downs~1|20520|59160
AU-PEP||PEP|Peppimenarti~1|58558|910|25
AU-RDA||RDA|Rockhampton Downs~1|10467|52010
BCZ||BCZ|Milyakburra~1|62192|62017|26
MIZ||MIZ|Mainoru~6|59467|40942|111
MRT||MRT|Moroak~1|51819|37006|69
RPV||RPV|Roper Valley~1|50785|40500|72
YAAL|||Yarralin~1|35569|8788||09,950,,0,0
YAGD|1|AUD|Augustus Downs~1|14913|98821|14|03,1676,,0,0
YALG|1||Adels Grove~1|13053|85277||05,1130,,0,0
YALX|1|AXL|Alexandria Homestead~1|9398|67100||15,1000,,0,0
YAML|||Armraynald~1|20452|97598||09,1220,,0,0
YANL||AYL|Anthony Lagoon~1|19819|55351||11,1310,,0,0
YAUV|1|AVG|Auvergne~1|43094|88||17,1155,,0,0
YBCR|||Batchelor~1|69434|10288||14,1600,,0,0
YBKS|||Barkly Wayside Inn~1|2908|58190||12,1100,,0,0
YBKT|1|BUC|Burketown~1|22514|95340|6|03,1372,30,1,1,42,,-650,-299,6,,270,599,5;14,757,30,0,0,132,,-90,-701,6,,-540,-200,6
YBMY|1||Bamyili~1|54805|28818|66|11,794,,0,0,,,,,215,,,,215
YBNM|||Benmara~1|20812|68977||09,1000,,0,0
YBNY|||Brunchilly~1|11304|44947||13,825,,0,0
YBRL|1|BOX|Borroloola~1|39247|63020|17|02,1149,18,1,1,23,,-580,-200,16,,460,299,17
YBRU||BTD|Brunette Downs~1|13625|59384|213|09,1490,,0,0;14,990,,0,0
YBWT|||Bowthorn~1|19167|82750||16,1100,,0,0
YCAC||CTR|Cattle Creek~1|23930|15490||13,1200,,0,0
YCAN|||Cannon Hill Community~1|76451|29450|19|01,1000,,0,0
YCFD|1|CFI|Camfield~1|29783|13270||04,1160,,0,0
YCKI|1|CKI|Croker Island~1|88350|24830|5|13,1433,,0,0,,,,,16,,,,16
YCMW|1|CML|Camooweal~1|883|81250|73|13,1067,,0,0
YCNY|||Century Mine~1|12407|87097|127|14,1748,30,1,1,141.7,,550,-470,125,,-680,530,127,340
YCOO|1|CDA|Cooinda~1|70967|25320|4|09,1291,,0,0,,,,,13,,,,13
YCPD|||Cape Don~1|87017|18270||16,1100,,0,0
YCWE|||Cape Wessels~1|89968|67594||12,600,,0,0
YDEA|||Delara~9|63313|42911|149|09,871,20,1,0,,,70,-454,,,-74,462
YDHL|||Dhalinbuy~1|75870|63866||12,800,,0,0
YDLV|1|DLV|Delissaville~1|74500|6850|10|12,857,,0,0,,,,,34,,,,34
YDLW||DYW|Daly Waters~1|37353|33834|213|14,1900,,0,0
YDMG|1|DMD|Doomadgee~1|20597|88220|47|12,1656,30,1,1,120,,710,-1400,,9,-50,-100,,9
YDMN||DVR|Daly River~1|62502|6939||12,960,,0,0
YDMR|||Delamere Station~1|43800|16370||10,1600,,0,0
YELL|||Elliott~1|24726|35299||14,1140,,0,0
YESC|||Escott~1|22750|94170|5|17,1100,,0,0
YEVA||EVD|Eva Downs~1|19990|48630
YGAN|||Gan Gan~1|69521|59529||12,760,,0,0
YGBI|1|GBL|South Goulburn Is~1|83500|33820|6|10,1380,,0,0,,,,,19,,,,19
YGDS|1|GGD|Gregory Downs~1|13750|92330|16|17,1180,,0,0
YGLP|||Gallipolli~1|8582|78741|264|13,1150,,0,0
YGMD|||Goomadeer~1|79000|36670||07,800,,0,0
YGON|1|GPD|Mount Gordon~1|2274|94042|274
YGPR|||Gunpowder~1|3000|93670||09,1300,,0,0
YHBR|1|HUB|Humbert River~1|35103|6303||08,1200,,0,0
YHDD|||Hodgson Downs~1|47807|40712||10,1000,,0,0
YHEG|||Hells Gate~1|25444|83489||09,1500,,0,0
YHOA|||Howard Island~1|79050|53620||10,700,,0,0
YHOO|1|HOK|Hooker Creek~1|16633|6380|98|10,1560,,0,0,,,,,315,,,,313
YHOV|||Hodgeson River~9|44541|40956|117|14,900,,0,0
YISV|||Innesvale~1|46167|12670||10,1160,,0,0
YJAB|1|JAB|Jabiru~1|73419|28946|26|09,1423,30,3,1,95,,60,-660,22,,-50,640,21
YKDM|||Kidman Springs~1|38833|9530|27|07,1099,,0,0
YKHG|||Katherine Gorge~1|56147|23931||17,1700,,0,0
YKKG|1|KFG|Kalkgurung~1|25681|8080|197|03,1250,30,1,1,33,,-110,-99,197,,840,500,197;13,926,18,5,1,134,,-150,0,197,,-750,600,197
YLAH|1|LWH|Lawn Hill~1|14255|85861|37|04,1220,,0,0
YLEV|1|LEL|Lake Evella~1|75011|58060|78|08,1065,18,3,1,85.4,,50,-400,78,,120,500,78
YLOR|1|LOA|Lorraine~1|10067|99070|19|15,1373,,0,0
YMDY|||Mount Bundey~1|71100|19080|46|12,1210,18,3,0,124
YMGB|1|MGT|Milingimbi~1|79056|48940|16|11,1410,18,3,1,116,,230,-701,16,,-340,500,10
YMHU|1|MCV|McArthur River Mine~1|35575|60840|40|06,1503,23,1,1,69,,-624,-1984,40,,173,205,38
YMIJ|||Minjilang~1|88399|25395|8|06,1080,,0,0
YMKT|||Emkaytee (Unlic)~1|73899|10533|24|07,950,,0,0
YMSF|1|MTD|Mount Sanford Station~1|30217|5550|70|12,977,,0,0
YMTA||MIY|Mittebah~1|11907|70815|264|18,1000,,0,0;09,700,,0,0
YMTI|1|ONG|Mornington Island~1|33375|91780|10|09,1520,30,3,1,98,,200,-1501,9,,0,-100,9;12,756,18,5,2,135,,580,-1600,,,60,-1099
YMUE|||Mount Borradale~1|79023|28885||08,1200,,0,0
YMVY||MNV|Mount Valley~1|59167|38170||09,800,,0,0
YMYH|||Mallapunyah Springs~1|30333|57830||14,1160,,0,0
YNAB|||Nabarlek~1|76917|33130||10,1600,,0,0
YNOF|||Norfolk~1|6667|83330||16,800,,0,0
YNUM|1|NUB|Numbulwar~1|57283|57170|9|15,1320,18,3,1,151,,730,-499,9,,-300,100,9
YNUT||UTD|Nutwood Downs~1|41926|41459|152
YOEN|1|OPI|Oenpelli~1|76750|30060|9|12,1320,30,3,1,119,,240,-400,9,,-330,599,9
YOOO|||Mooloola Homestead~1|36667|15000||12,1100,,0,0
YPCM|||Pickertaramoor~6|82376|8809|99|16,1423,49,6,0,,,608,-223,,,-543,196
YPGH|||Pigeon Hole~1|31795|12056||09,1035,20,6,0;18,1000,,0,2
YPME|||Palmer~1|71667|9330||11,1000,,0,0
YPNC|||Pine Creek~1|61741|18458||12,970,,0,0
YRBR||RRV|Robinson River~1|32817|69450||13,1160,,0,0
YRKS|||Rocklands~1|1333|81000||06,1000,,0,0;15,1000,,0,0
YRNG|1|RAM|Ramingining~1|76436|48980|63|09,1471,18,3,1,92,,-40,-1200,63,,-90,100,63
YRRB|1|RPB|Roper Bar~1|52652|45255|28|13,1252,,0,0
YRRR|||Raymangirr~1|76667|56500||10,650,,0,0
YRVE|||Riveren~1|21000|2170||09,900,,0,0
YSMP|1|SHU|Smith Point~1|88664|21596
YSWE|||Sweers Island Resort~1|28757|96036|7|12,1100,,0,0
YTBR|1|TBK|Timber Creek~1|43800|4450|5|10,1039,,0,0
YTNR|||Tanumbirini~1|35500|46500||13,1000,,0,0
YUCH|||Ucharonidge~1|23276|42409||11,1163,,0,0
YUDL|||Undilla~1|3750|86330||18,700,,0,0
YVRD|1|VCD|Victoria River Downs~1|35979|10050|27|09,1094,,0,0,,,,,88,,,,88
YVSH|||Vashon Head~1|88570|19818||15,1400,,0,0
YWAV|1|WAV|Wave Hill~1|26067|11180|61|14,1160,,0,0
YWER|||Wernadinga~1|18759|99561||18,1000,,0,0
YWHL|||Walhallow~1|22218|56582|226|12,1175,,0,0
YWML|||Westmoreland~1|26790|82381||16,1000,,0,0
YWOR|1|WLL|Wollogorang~1|27801|79345|61|08,1280,,0,0
YWRV|||Walker River~1|64067|57550||12,1000,,0,0
