#PF|L
NTAA|1|PPT|Fa'a'ā~3|24465|3931|2|04,3463,45,1,1,54.3,,-940,-1310,2,341,890,1291,2,119
#PF|M
NTGA|1|AAA|Anaa~1|26474|44900|3|14,1500,18,1,0,149.7,,590,-401,2,,-590,400,2
NTGB|1|FGU|Fangatau~1|41800|91119|3|07,1200,15,1,0,85.2,,-40,-491,3,80,50,610,2,105
NTGC|1|TIH|Tikehau~1|48804|17690|2|06,1200,30,1,0,75.4,,-140,-499,2,,140,599,2
NTGF|1|FAV|Fakarava~1|39459|43430|4|05,1401,30,1,1,65,,-230,-500,2,,220,501,4
NTGI|1|XMH|Manihi~1|55632|39300|4|05,930,30,1,0,56.1,,-230,-401,4,,240,401,2
NTGK|1|KKR|Kaukura~1|43367|31150|3|02,1080,20,1,0,28.5,,-430,-199,2,,430,300,3
NTGM|1|MKP|Makemo~1|34161|63420|1|11,1500,30,1,0,123.4,,370,-600,1,,-380,601,1,101
NTGT|1|TKP|Takapoto~1|52905|47540|4|07,920,20,1,0,80.2,,-80,-400,4,,70,400,3
NTGU|1|AXR|Arutua~1|47517|33830|3|10,1301,30,1,0,116.5,,260,-499,3,,-260,601,3
NTGV|1|MVT|Mataiva~1|51319|12830|3|01,1200,30,1,0,197,,-940,149,3,,96,484,3
NTHE|1|AHE|Ahe~1|55719|37430|3|06,1240,24,1,0,70.8,,-180,-499,1,,190,500,3
NTKR|1|TKX|Takaroa~1|55442|49750|4|07,1052,20,1,0,86.2,,-30,-401,3,,30,500,4
NTTG|1|RGI|Rangiroa~1|50457|23390|3|09,2100,30,1,1,106.5,,270,-900,3,,-270,1000,3
NTTM|1|MOZ|Moorea Temae~1|25102|2382|3|12,1230,30,1,1,135,,360,-421,2,24,-390,380,1
NTTO|1|HOI|Hao~1|19252|90540|3|12,3380,45,1,1,134.8,,1070,-1100,3,59,-1080,1100,3
#PF|S
NTGD|1|APK|Apataki~1|44264|35850|2|12,870,,0,0
NTGG|1||Nengo-Nengo~1|12494|82409|6
NTGH|1|HHZ|Hikueru~1|24517|73880|4
NTGN|1|NAU|Napuka Island~1|58226|87339|2
NTGR|1||Aratika-Perles~1|43771|45034|2
NTKA|1|KHZ|Kauehi~1|42194|48716|4
NTKF|1|FAC|Faaite~1|33134|46706|2|08,1186,23,1,0,88.5,,-30,-561,2,,0,539,2
NTKH|1|FHZ|Fakahina~1|40077|98358|1
NTKK|1|RKA|Aratika Nord~1|45143|45352|3|08,1265,23,1,0,83,,40,-520,2,,180,681,3
NTKM|1|TJN|Takume~1|41426|77335|2
NTKN|1|NIU|Naiu~1|38807|36312|15
NTKO|1|RRR|Raroia~1|39495|75234|5
NTKT|1|KXU|Katiu~1|36603|55920|2
NTTE|1|TTI|Tetiaroa~1|29849|4106|2
