#BR|M
SBCZ|1|CZS|Cruzeiro do Sul~1|24001|72305|194|10,2400,45,1,0
SBTK|1|TRQ|Tarauacá~1|18445|92170|197|14,1130,14,1,0
#BR|S
BR-0261|||Governador José B. Lindoso~1|29635|83122|164|03,800,20,2,0
SNOU|1|FEJ|Feijó~1|18588|96592|168|3,1200,24,1,0
SSPQ|||Santa Rosa do Purus~1|5534|95166|229|17,1100,23,4,0
SSPR|||Porto Walter~1|17238|72542|198|01,900,18,1,0
SSPV|||Marechal Thaumaturgo~1|10406|72203|229|16,1200,18,1,0
SSQB|||Jordão~1|8106|80531|266|13,900,18,1,0
SWJV|||Palmeiras do Javari~1|48728|71900|120|5,1200,30,1,0
#CO|S
ACM||ACM|Arica~1|78563|82407|96
CO-LCR||LCR|Virgilio Barco Vargas (La Chorrera)~1|85436|71989|172
SK-002||ECO|El Encanto~1|82467|67953|128
SK-003||MIX|Miriti Parana~1|91140|90166|125
SK-047||AYI|Yari~1|96167|77333|173
SKAC|1|ACR|Araracuara~1|93991|76020|381
SKLG|1|LQM|Caucaya~1|98177|52292|175|12,1200,25,1,0,117.4,,252,-480,,,-248,480
#EC|L
SEGU|1|GYE|José Joaquín de Olmedo~3|78426|1164|6|03,2790,46,1,1,30.6,,-1087,-630,5,103,1083,640,4,247
SEQM|1|UIO|Mariscal Sucre~3|98746|16457|2390|18,4098,45,2,1,180,,1978,-91,2370,,-1725,68,2411
#EC|M
SEAM|1|ATF|Chachoán~4|87879|14254|2591|01,1925,25,1,0,10.5,,-850,-170,2557,,856,160,2591
SECO|1|OCC|Francisco De Orellana~1|95371|30132|254|16,2060,27,1,0,154,,1032,-510,253,,-638,310,254
SECU|1|CUE|Mariscal Lamar~1|71105|10156|2532|06,1900,36,1,1,52,,-523,-670,2532,,530,670,2516
SEJD|1|TNW|Jumandy~1|89398|24195|376|09,2500,45,1,0,,,2,-1123,371,,-1,1123,371
SELT|1|LTX|Cotopaxi~3|90932|13842|2806|18,3693,45,1,1,184,,1662,130,2801,432,-1669,-120,2778
SEMA|1|MRR|Jose Maria Velasco Ibarra~1|56218|590|460|01,1077,20,1,0,12,,-476,-100,436,,470,100,460
SEMC|1|XMS|Coronel E Carvajal~1|77008|18792|1052|01,2500,30,1,0,15,,-1091,-280,1023,,1098,280,1052
SERO|1|ETR|Santa Rosa - Artillery Colonel Victor Larrea~3|65580|30|6|07,2629,45,1,0,68,,-410,-1000,6,67,430,1060,2,98
SETR|1|TPC|Tarapoa~1|98770|36622|248|12,1570,15,1,1,122,,399,-600,248,,-390,610,243
#EC|S
EC-0005|||Lorocachi~6|83843|40123|192|02,600,30,6,0
EC-0006|||Pavacachi~6|84214|36466||06,650,25,6,0
EC-0007|||Jaime Roldós~6|86156|30414|259|07,520,20,6,0
EC-0014|SEAK||Macuma~6|78542|22997|701|08,1013,25,6,0
EC-0015|||Chichirata~6|76164|33433|257|13,532,20,6,0
EC-0017|||Patukmai~6|75166|27990|276|18,450,20,6,0
EC-0021|||Ayuy~6|79174|24198||09,500,10,4,0
EC-0022|||Copataza~6|79092|25531|411|14,650,29,6,0
EC-0024|SEAW||Sharamentza~6|75366|30074|304|10,710,17,6,0
EC-0025|||Capauari~6|79297|28267|333|14,605,25,6,0
EC-0026|SEAT||Achuar~6|79763|25312|442|13,600,19,6,0
EC-0028|||Yaupi~6|71478|20576|381|15,800,15,6,0
EC-0034|||Atatakuinjia~6|83503|29521|300|10,440,15,6,0,90
EC-0036|SEAN||Ana María~1|90389|5838|72
EC-0037|||La Cadena~1|90689|5796|75|18,1000,16,1,0
EC-0041|||Banastru~1|80142|3730|6|09,800,15,1,0
EC-0043|||Barbones - Samuel Quimi~1|68112|1313|6|12,800,18,1,0
EC-0061|||Nases~6|74402|28279|274|05,490,18,6,0
EC-0062|||Llanchamacocha~6|83727|26965|347|13,417,14,4,0
EC-MZD||MZD|Méndez~1|72667|16833|539
SE01|||Alba Elena~1|78264|7192|46|08,1000,10,1,0,78,,562,-740,,,750,140
SE02|||Guabital~1|72266|2976|14|03,986,11,1,0,29,,-389,-220,,,389,210
SE08|||San Carlos Costa~1|79453|5669|6|17,1300,12,1,0,169.4,,577,-100,,,-581,110
SE09|||San Rafael~1|78254|7651|58|18,1300,15,1,0,179.3,,-119,-180,,,-1294,-170
SE10|||Vinces~1|84039|2739|10|03,915,18,1,0,29.5,,-361,-200,,,359,200
SE11|||Km 60~1|94638|6280|500|01,1200,15,1,0,9,,-583,230,,,488,400
SE22|||Celia María~1|67210|1988|34|02,1000,12,1,0,20.8,,-455,-130,,,390,190
SE58|||Solbananas~1|66591|1362|3|10,960,12,1,0,102.3,,88,-420,,,-96,420
SE59|||La Mina~1|67972|2018|4|01,937,19,1,0,10.8,,-432,-60,,91,407,50
SE60|||La Puntilla~1|75567|6008|59|12,900,12,1,0,111,,150,-390,58,,-140,370,60
SEAC|1||Acado~1|86025|28012|336|,427,,0,0
SEAD|1||Paandin~1|78628|23226|671|,488,,6,0
SEAH|1||Achuentza~1|71663|22382|275|01,434,10,4,0
SEAJ|1||San Alejandro~1|91186|6034|124
SEAU|1||Chau~6|71762|22282|304|18,400,20,4,0
SEAX|1||Mashumarentza Military~6|72430|27797|242
SEAZ|1||Costa Azul~6|91269|6723|24|05,900,10,1,0
SEBL|||Balzaura~6|80529|36920|229|03,550,17,4,0
SEBP|||Blanca Piedra~6|78965|5306|11|10,700,18,1,0
SEBT|||El Batán~1|79060|1191|8|18,500,12,1,0
SEBU|||Bufeo~6|78078|32154|335|09,496,17,4,0
SEBW|||Boanamo~6|87390|36128|262|02,475,15,5,0
SEBX|||Probana~1|73946|3854|24|05,800,10,1,0
SEBZ|||Cumbaratza~1|59812|11127|875|05,1420,23,1,0
SECD|||Calademar~1|74153|358|3|01,650,20,1,0
SECK|||Chankuap~6|77591|25410|457|12,800,25,6,0
SECM|||Hacienda Clementina~1|82937|6211|100|01,1000,11,1,0,22,,-411,-170,,,416,160
SEDB|||Aerocisne~1|74481|5076|54|15,1200,14,5,0
SEDM|||Damointaro~6|87053|26803|335|06,509,21,4,0
SEED|||San Eduardo~6|96344|26971|305|07,500,17,6,0
SEEK|||Tekerika Suraka~6|80454|34452|305|07,500,17,6,0
SEEP|||El Piedrero~1|76584|7204|67|07,800,10,5,0
SEET|||Etsa~6|70940|24245|214|15,480,25,6,0
SEEU|||Setuch~6|72055|27182|274|11,650,15,6,0
SEEZ|||Shiramentza~6|72494|24434|225|13,750,30,6,0
SEFU|||Fumipalma~1|74363|4545|20|13D/31A,800,12,1,0
SEGL|||Guarumal~1|81398|3571|18|06,600,10,1,0
SEGO|||Camacongo~1|72293|2330|9|07,1200,18,5,0
SEGT|||Tarangaro~6|85994|26169|331|08,473,15,4,0
SEGZ|||Gualaquiza~1|65768|14330|805|15,2012,26,1,0,156,,826,-360,,,-828,360
SEHR|||Masurash~6|77945|27343|337|14,500,15,6,0
SEHS|||Kashaints~6|73015|24634|239|01,410,26,6,0
SEIA|||La Maria~1|71011|1872|8|09,800,13,1,0
SEIE|||Iñaywa Norte Airdtrip|78370|25151|423|13,490,15,6,0
SEIG|||Santiago~1|69506|19898|304|11,798,13,1,0
SEIM|||Santa María~1|78955|6181|45|10,950,18,5,0
SEIP|||Ipiak~6|75325|28542|277|05,495,18,6,0
SEIR|||Kapirna~6|77802|31859|287|12,590,20,6,0
SEIT|||Kapitian~6|72733|24629|230|07,500,25,6,0
SEIU|||Pitiur~6|77480|25982|377|13,500,18,6,0
SEIV|||Ingenio Valdez~1|78888|4008|10|02,700,14,5,0
SEIW|||Iwia~6|79283|24766|457|12,510,23,6,0
SEIX|||Pimpintza~6|77250|25306|373|10,700,15,6,0
SEIY|||Iñaywa Sur~6|72512|25562|230|02,500,15,6,0
SEJT|||San José de Taisha~6|76107|24909|444|17,430,20,6,0
SEJZ|||Jimiarentza~6|74833|25678|270|17,600,25,6,0
SEKC|||Kaiptach~9|73607|28724|278|06,1050,15,6,0;12,430,15,6,0
SEKF|||Kuserua~6|73928|30653|261|11,620,15,6,0
SEKH|||Kuakash~9|79669|23291|603|05,440,20,4,0
SEKM|1||KM 35~1|92601|6128|140
SEKP|||Kapatinentza~6|73182|25229|24|16,870,20,6,0
SEKS|||Kaspaim~6|71717|22893|207|18,450,18,4,0
SEKU|||Kupit~6|73553|27770|262|07,518,25,6,0
SELJ|||Hacienda La Julia~1|82956|4477|15|03,1000,15,1,0,29.9,,-393,-220,,,396,230
SEMK|1||Maki~6|72464|28422|245
SEMO|||El Carmen~1|79330|30243|293|08,1440,23,1,0,84.5,,-51,-650,,,73,640
SEMX|||Maragrosa~1|71489|1964|5|09,1000,8,1,0,94.4,,35,-450,,,-35,450
SEND|||Nemonpade~6|87640|27409|306|06,460,19,6,0
SENF|||Napurak~6|74774|30095|287|15,633,15,6,0,151,,255,-148,268,,-249,129,286
SEOC|||Alto Corrientes~6|80899|30404|319|18,425,16,4,0
SEOI|||Matorrillos~1|75636|1662|6|18,750,18,5,0
SEON|||Conambo~1|81286|31222|239|10,655,16,5,0
SEOU|||Molaute~6|99232|8651|450|02,900,18,4,0
SEPC|||Patuca~1|72483|17364|543|02,1602,29,1,0,26.1,,-653,-320,538,,648,320,547
SEPI|||Pindoyacu~6|82681|33924|209|04,452,18,4,0
SEPK|||Pakintza~6|76769|27239|326|17,618,30,6,0,,,,,,,,,,332
SEPS|||Amable Calle Gutierrez~1|66803|2308|7|10,1150,17,1,0,105.9,,148,-500,,,-138,510
SEQE|||Quevedo~1|90110|5344|107|18,1356,21,1,0,178.3,,579,30,,,-647,70
SERB|||Chimborazo~1|83467|13437|2789|05,1600,29,1,0,55.9,,-419,-580,2789,,393,610,2787
SESC|1|SUQ|Sucúa~1|75258|18310|950|17,700,37,4,0,172,,350,-40,,,-270,40
SESD|||Santo Domingo de Los Colorados~1|97517|7909|500|11,1118,25,1,0,108,,172,-1030,,,-156,-40
SESE|||Secadal~1|74200|4835|30|12,647,10,1,0
SESJ|||San José~1|81061|5095|11|18,800,10,5,0,180
SESK|||Tsunkintza~6|73365|28893|268|17,555,26,6,0
SESM|1|PTZ|Rio Amazonas~1|84948|19373|1056|12A/30D,1540,25,1,0,119,,337,-600,1056,,-346,600,1041
SESO|||La Estrella~1|84327|4602|14|02,800,12,1,0
SESS|||San Carlos Oriente~6|79448|24092|520|14,440,18,6,0
SETA|||Taura~d|77390|3198|17|03,3053,44,1,1,25.8,,-1240,-590,17,,1232,600,17
SETE|||Mayor Galo Torres~1|90132|21805|521|10,1200,15,1,0,101,,115,-530,521,,-105,540,520
SETH|1|TSC|Taisha~1|76183|24972|509|18,1098,18,5,0
SETI|1|TPN|Tiputini~1|92239|44736|304
SETM|SECA|LOH|Ciudad de Catamayo~1|60044|6281|1236|06,2050,30,1,1,64,,-443,-830,1196,,385,820,1236
SETS|||Tsentsakentza~6|74433|25984|269|17,503,20,4,0
SETW|||Tiwaeno~6|86783|25444|369|03,487,15,6,0
SEUD|||Muruntza~6|74141|27815|271|09,510,30,6,0
SEUI|||Cusuimi~6|72768|23180|219|18,520,10,4,0
SEUK|||Kuankua~6|78516|26428|367|11,450,18,6,0
SEUN|||Putuntz~6|74034|25795|259|06,560,20,4,0
SEUV|||Putuimi Achuar~6|74515|28821|282|15,710,29,6,0
SEUW|||Unswantz~6|74445|21011|564|17,460,15,4,0
SEUY|||Uyuimi~6|81711|23236|494|10,500,30,6,0,90
SEWA|||Wachirpas~6|74265|31932|259|07,850,25,6,0
SEWE|||Wentado~6|89765|27789|351|10,433,15,4,0
SEWG|||Tarimiant~6|74526|29116|244|01,590,25,6,0
SEWI|||Wichimi~6|72573|26297|244|06,600,20,6,0
SEWK|||Wasurak~6|74230|26538|274|02,500,25,6,0
SEWM|||Wiririma~6|80417|38533|244|03,530,20,4,0
SEWN|||Wusui Norte~6|79127|25083|457|09,510,25,6,0
SEWO|||Wongkinmay~1|93040|5826|137|13,950,20,1,0
SEWR|||Warientza~6|68304|17398|885|06,570,16,5,0
SEWU|||Wisui~6|78865|22616|655|06,443,20,4,0
SEWX|||Kawa~6|79987|23309|649|07,600,25,6,0
SEXI|||Itak~6|73543|27053|265|14,530,12,6,0
SEXK|||Kambantsa|79858|31676|366|16,460,22,6,0
SEXS|||San Simón~6|92503|6344|61|06,900,15,5,0
SEXT|||Tres Marias~1|79057|24490|519|13,500,25,5,0
SEYH|||Cuyacocha~6|83842|30576|274|06,570,15,6,0
SEYJ|||La Joya~1|71107|3494|98|10,1000,10,1,0
SEYK|||Yankuntza~6|73164|26904|249|15,500,27,6,0
SEYM|||Yampuna~6|78730|24861|457|13,550,15,6,0
SEYN|||Yanayaku~6|80461|38980|244|06,474,18,6,0
SEYP|||Yaapi~6|71746|20710|381|15,570,16,4,0
SEYS|||Yasnunka~6|73495|26002|244|16,600,20,6,0
SEYW|||Yawaentza~6|72164|25424|274|18,435,18,6,0
SEYX|||Yamaran~6|77767|24521|519|12,500,30,0,0
SEZA|1||Pampantza~6|74457|25563|244|03,700,20,4,0
SEZE|1||Tzapapentza~6|71689|26307|243|06,930,29,6,0
SEZI|1||Imatiño~6|80819|33748|218|15,520,12,4,0
SEZK|1||Karakam~6|72150|25920|244|06,550,15,6,0
SEZM|1||Tamantza~6|78409|23868|671|14,530,12,4,0
SEZN|1||Tzapino~6|88117|27692|329|17/34,585,13,4,0
SEZR|1||Surik Nuevo~6|74016|29106|335|18,600,30,6,0
#PE|L
SPCL|1|PCL|Cap FAP David Abenzur Rengifo~3|16219|54255|156|02,2800,45,1,1,20,,-1174,-420,156,,1206,460,156
SPHI|1|CIX|Capitán FAP José A. Quiñones González~3|32108|1717|30|01,2519,45,1,1,7,,-948,-120,29,,1293,160,30
SPQT|1|IQT|Coronel FAP Francisco Secada Vignetta~3|62153|66912|93|06,2500,45,2,1,56.7,,-625,-940,93,,617,940,90
SPRU|1|TRU|Capitán FAP Carlos Martínez de Pinillos~3|19176|8912|32|02,3024,44,1,1,17,,-1209,-400,14,,1407,400,32
#PE|M
SPBC|||Caballococha~1|60831|94918|100|12,1800,30,1,0,116.7,,369,-720,,,-360,720
SPEO|1|CHM|FAP Lieutenant Jaime Andres de Montreuil Morales~1|8504|14762|21|01,1800,30,1,1,7.3,,-809,-110,21,,806,100,21
SPHZ|1|ATA|Comandante FAP German Arias Graziani~1|6526|24016|2773|16,3050,30,1,0,161.7,,1291,-430,2750,,-1300,430,2750
SPJA|1|RIJ|Juan Simons Vela~1|39321|28400|825|16,1880,30,1,1,166,,831,-210,,,-824,210
SPJE|1|JAE|Shumba~1|44075|12260|755|16,2400,45,1,0,163.1,,1041,-310,,,-1037,320
SPJI|1|JJI|Juanjui~1|28309|32714|350|03,2000,30,1,0,34,,-788,-530,350,,788,540,346
SPJR|1|CJA|Mayor General FAP Armando Revoredo Iglesias~1|28608|15106|2676|16,2500,45,1,1,157.7,,1043,-430,2697,,-1040,430,2669
SPMS|1|YMS|Moises Benzaquen Rengifo~1|41062|38818|179|09,1802,30,1,1,94,,65,-810,174,,-59,810,179
SPNC|1|HUU|Alferez Fap David Figueroa Fernandini~1|1212|37952|1850|07,2500,30,1,0,68,,-434,-1060,1850,300,432,1060,1850
SPPY|1|CHH|Chachapoyas~1|37981|21438|2540|13,1980,30,1,0,131.9,,606,-650,,,-587,680
SPST|1|TPP|Cadete FAP Guillermo Del Castillo Paredes~1|34913|36268|265|17,2600,45,1,1,171,,1153,-210,265,,-1161,200,241
#PE|S
PE-0056||BLP|Huallaga~1|29394|34178|299
PE-0059|SPBJ||Buncuyo|34833|54167|155|08,420,20,4,0,80
SPAB|||Huancabamba~1|47432|5571|1924|18,1097,23,1,0,179,,500,-10,,,-493,20
SPAC|||Ciro Alegria~1|53925|20591|167|02,1600,,0,0,,,,,168,,,,168
SPAS||AOP|Alferez FAP Alfredo Vladimir Sara Bauer~1|72039|35334|222|12,2057,40,1,1,119,,447,-810,222,,-453,810,222
SPBB|1|MBP|Moyobamba~1|39811|30117|838
SPCM|||Contamana~1|26642|50075|146|09,900,18,1,0,90,,19,-408,151,,-14,403,146
SPDR|1|TDP|Trompeteros~1|61940|49607|130|10,1852,30,1,0,104.2,,204,-810,,,-206,810
SPEE|||El Estrecho~1|75459|73294|128|13,1206,28,1,0,122.6,,294,-450,,,-286,450
SPEP|||Puerto Esperanza~1|2319|92935|221|07,1805,30,1,0,71.1,,-261,-780,,,255,780
SPGB|||Galilea~1|59681|22412|182|17,1500,30,1,0,170.8,,672,-110,,,-668,110
SPGL|1|CGL|Chagual~1|22024|23488|1209
SPGM|1|TGI|Tingo Maria~1|7103|39949|654|01,2100,30,0,0,,,-908,-87,654,,973,99,654
SPGP|||Güeppi­~1|98809|47521|207|05,1286,44,1,0,45.4,,-408,-420,,,417,410
SPIZ||UCZ|Uchiza~1|15330|36500|599
SPLN|1|RIM|San Nicolas~1|36077|24988|1549|10,1803,30,1,0,109,,259,-770,,,-261,770
SPOA|1|SQU|Saposoa~1|30400|32316|299
SPON|||Orellana~1|31033|48468|129|18,1000,18,6,0,180,,,,111,,,,105
SPPH|||Pampa Hermosa~1|27932|47024|155|03,700,18,4,0,30,,302,191,132,,844,521,131
