#ID|H
ID-0015|||Discovery Kartika Plaza~2|12717|51664|3
#ID|L
WAAA|1|UPG|Sultan Hasanuddin~3|49245|95537|14|03,3100,45,1,1,29,,-1679,-970,,,747,430;13,2500,45,1,1,130.5,,2121,-870,13,,653,930,11
WADD|1|DPS|Denpasar I Gusti Ngurah Rai~3|12516|51671|4|09,2984,45,1,1,88,,-31,-1310,3,,77,1390,4
WADL|1|LOP|Lombok~3|12400|62782|97|13,3300,60,1,1,127,,1067,-1220,94,,-500,680,97
WAHI|1|YIA|Yogyakarta~3|20947|573|7|11,3250,45,1,1,,,504,-1389,,,-506,1379
WALL|1|BPN|Sultan Aji Muhammad Sulaiman Sepinggan~3|87317|68945|4|07,2500,45,1,1,67,,-436,-1050,4,,442,1050,4
WAOO|1|BDJ|Syamsudin Noor~3|65599|47612|20|10,2500,45,1,1,100.4,,-21,-1020,20,,-429,1280,20
WARQ|WAHQ|SOC|Adisoemarmo~3|24840|7575|128|08,2600,45,1,1,77.6,,-263,-1250,128,93,246,1050,116,99
WARR|1|SUB|Juanda~3|26202|27870|3|10,3000,45,1,1,99.3,,215,-1400,3,,-221,1300,2
WARS|WAHS|SRG|Jenderal Ahmad Yani~1|30293|3732|3|13,2560,45,1,1,130,,338,-420,3,,-743,880,3
#ID|M
ID-0277|WARD|DHX|Dhoho~3|22505|19468|116|14,3300,45,1,1,145,,1214,-860,105,,-1227,862,94
WADB|1|BMU|Sultan Muhammad Salahuddin~1|14628|86850|1|13,1647,30,1,1,138,,309,-300,1,,-801,700,1
WAFB|1|TRT|Toraja~1|68156|99191|879|04,2000,,1,1
WAFF|1|PLW|Mutiara - SIS Al-Jufrie~1|90835|99086|87|15,2067,30,1,1,155.6,,649,-260,94,,-1053,540,89
WAGG|1|PKY|Tjilik Riwut~1|77729|39434|25|16,2500,45,1,1,159.2,,1084,-440,26,,-689,260,25
WALK|1||Nusantara~3|88395|67119|7
WALS|1|AAP|Aji Pangeran Tumenggung Pranoto~3|96255|72501|25|04,2250,45,1,1,34,,-696,-756,22,,757,658,22
WAON|1|TJG|Warukin~1|77834|54360|60|06,1402,29,1,0,60.1,,-309,-500,60,,318,600,60
WARA|1|MLG|Abdul Rachman Saleh~1|20709|27142|526|17,2500,40,1,1,166,,1078,-220,,,-654,180;17L,1500,30,1,0,166.3,,957,-20,,,-364,280
WARJ|WAHH|JOG|Adisutjipto~3|22118|4320|116|09,2199,45,1,1,87.8,,-36,-1000,107,,40,1000,107;09R,1337,81,4,0,88.1,,-128,-500,107,,-87,700,107
WIOG|1|NPO|Nanga Pinoh~1|96514|17462|37|10,997,23,1,0,99.4,,47,-320,,,-101,580
WIOS|1|SQG|Tebelian~1|99548|14580|30
#ID|S
ID-0084||GXM|Kuala Kurun~1|88711|38731|35|05,902,23,1,0
ID-0085|||Kuala Randau~6|94176|4728|73|01,485,24,4,0
ID-0098|WIAU||Madya Raya~6|91350|16637|116|10,415,20,4,0
ID-0103|WIFB||Nanga Mawong~6|95678|23271|87
ID-0152|||Tanjung Maju~6|92898|4991|53|08,460,27,4,0
ID-KOD||KOD|Kotabangun~1|97333|65833|4
ID-MSI||MSI|Masalembo~1|44167|44330|9
WAAT|||Makale~1|68906|98560|826|12,1067,,0,0,123,,,,826,,,,826
WADE|1||Lieutenant Colonel Wisnu~9|18607|46154|5|14,681,18,1,0,141.4,,60,-40,14,30,-350,260,20,69
WADS|1|SWQ|Sultan Muhammad Kaharuddin III~1|15110|74120|5|14,1800,30,1,0,141,,502,-400,5,,-510,400,5
WADT|WATK|TMC|Tambolaka~1|5908|92426|49|10,1800,30,1,0,99.4,,82,-660,,,-185,1040
WADU|1|LYK|Lunyuk~1|10101|72160|13
WADY|1|BWX|Banyuwangi~1|16899|43401|34|08,1400,30,1,0,81.3,,-100,-610,34,,90,590,20
WAFJ|1|MJU|Tampa Padang~1|74100|90251|15|05,1950,9,1,0
WAGB|1|HMS|Haji Muhammad Sidik~1|89742|49288|44
WAGF|1|KLP|Seruyan Kuala Pembuang~1|66239|25365|4
WAHU|1|KWB|Dewadaru~1|41991|4784|11|13,1200,30,1,0
WALE|1|GHS|Melalan~1|97964|57600|101|03,900,23,1,0
WALQ|||Muara Badak Pujangan~1|96940|74157|15|01,1200,30,1,0,10.2,,-541,-70,,,526,130
WALT|1||Tanjung Santan~1|99074|74391|37|08,1372,30,1,0,78.9,,-136,-610,,,102,590
WAOC|1|BTW|Bersujud~1|65876|59950|1|09,1807,30,1,0,91,,19,-800,,,-21,800
WAOH|1||Kota Baru~1|60104|61015|60|12,1250,23,1,0,117.3,,228,-450,,,-290,550
WAOI|WAGI|PKN|Iskandar~1|72948|16730|23|13,1650,30,1,0,132.6,,504,-500,24,,-503,600,24
WAOK|1|KBU|Gusti Syamsir Alam~1|67052|61638|1|15,1650,30,1,0
WAOS|WAGS|SMQ|Sampit (H.Asan)~1|75008|29750|15|13,1847,30,1,0,133,,569,-600,,,-567,600
WAOT|||Teluk Kepayang~1|65797|56867|31|12,506,25,5,0
WAOW|WAGT|TBM|Tumbang Samba~1|85310|30810|49|09,900,23,1,0
WARC|1|CPF|Ngloram~1|28045|15453|40|08,900,30,1,0
WARE|1|JBB|Notohadinegoro~1|17575|36935|86|02,1705,30,1,0
WARI|||Iswahjudi~d|23842|14340|110|17R,3057,57,1,1,175.8,,1270,-200,,,-1495,0;17L,2575,28,1,1,175.9,,1280,0,,,-1042,200,,160
WARP|1||Pagerungan~1|30435|59311|4|12,917,30,1,1,125.7,,232,-310,,,-254,390
WART|1|SUP|Trunojoyo~1|29776|38877|3|12,1600,30,1,0,126,,174,-270,5,27,-413,530,2
WARW|1|BXW|Harun Thohir~1|42764|26789|28
WATO|1|LBJ|Komodo~1|15193|98883|20|17,2250,44,1,0,172,,28,-30,,,-1219,170
WAWT||TTR|Pongtiku~1|69553|98220|879|12,1049,21,1,0,125,,269,-400,,,-276,300,,107
WI1G|||Gading Wonosari~1|20831|5654|214|10,1209,44,1,0,97,,98,-640,,,-37,460
WRLH|1|TNB|Tanah Grogot~1|81145|62568|5
