#ID|H
WIHF|1||Pabelokan~2|45221|63949|8
#ID|L
WIHH|1|HLP|Halim Perdanakusuma~3|37330|68903|26|06,3000,45,1,1,65.5,,-523,-1130,24,,602,1270,26,198
WIII|1|CGK|Soekarno-Hatta~3|38744|66560|10|07R,3660,60,2,1,68.3,,-1700,-1200,10,,-472,1800,8;07L,3600,60,2,1,68.3,,454,-1700,9,,1661,1300,6;06,3000,60,2,1,,,1171,-1141,7,,2176,1377,7
WIOO|1|PNK|Supadio~3|98477|94045|3|15,2249,30,1,1,157.7,,1098,-450,1,,-780,350,3
WIPT|WIEE|PDG|Minangkabau~3|92140|2804|5|15,3000,45,1,1,155,,1035,-440,5,,-1219,560,5
#ID|M
ID-0340|||Tabing~1|91250|3520|3|16,2146,45,2,1,160.1,,915,-300,3,,-913,300,3
WAHL|1|CXP|Tunggul Wulung~1|23549|90340|21|13,1400,29,1,1,133,,436,-500,21,,-427,500,21
WIBJ|1|RGT|Japura~1|96472|23350|19|10,1300,30,1,0,99,,94,-600,19,,-96,600,19
WICA|1|KJT|Kertajati~3|33526|81656|41|14,3000,60,0,0,,,1041,-877,40,,-1035,869,40
WICC|1|BDO|Husein Sastranegara~3|30994|75760|742|11,2250,45,1,1,109,,327,-900,741,,-332,1000,741
WILL|1|TKG|Radin Inten II~3|47532|51825|86|14,2770,45,1,1,140,,930,-766,80,,-977,853,80
WIOK|1|KTG|Rahadi Osman~1|81828|99635|14|17,1398,29,1,0,171.7,,682,-50,,,-569,50
WIPK|WIKK|PGK|Depati Amir~1|78378|61390|33|16,2250,45,1,1,165,,870,-200,33,350,-870,200,28
WIPL|WIGG|BKS|Fatmawati Soekarno~1|61363|23390|15|13,2239,30,1,1,133.4,,,,15,,,,15
WIPP|1|PLM|Sultan Mahmud Badaruddin II~1|71023|46981|15|11,2500,45,1,1,113,,383,-810,15,,-493,1190,12
WIPQ|1|PDO|Pendopo~1|67139|38800|56|03,1300,20,1,1,32.2,,-490,-400,,,504,300
#ID|S
ID-0003||PPJ|Pulau Panjang~1|43556|65625|47|,1440,30,0,2
ID-0172||ENG|Enggano~1|46944|21895|11
ID-AKQ||AKQ|Astra Ksetra~1|53884|52320|30
ID-KRC|WIJI|KRC|Departi Parbo~1|79060|14702|792|12,1800,,1,0
WAHP|1|PWL|Jenderal Besar Soedirman~1|25388|94141|69|10,1600,30,1,0
WI1B|||Suparlan Batujajar~1|30964|74756|655|11,1652,20,1,0,114.4,,283,-660,,805,-334,740,,104
WI1C|||Rumpin~1|36281|66219|68|14,1024,16,1,0,141.6,,224,-190,,,-487,310
WIAK|WICK||Sulaiman~1|30172|75730|666
WICB|WIRR|RTO|Budiarto~1|37068|65700|46|12,1821,30,1,1,119.6,,516,-900,46,,-298,500,46;04R,1602,46,1,1,43.6,,-210,-200,,,836,800;04L,1097,12,6,0,43.8,,233,-100,,,950,600
WICD|1|CBN|Cakrabhuwana~1|32430|85388|27|04,1259,30,1,0,40.8,,-346,-280,,,516,420
WICM|1|TSY|Wiriadinata~1|26520|82470|350|15,1094,20,1,0,147.7,,558,-400,,,-278,200
WICN|1|CJN|Nusawiru~1|22801|84890|5|07,1387,29,1,0,72.3,,-195,-600,,,185,600
WIDS|1|SIQ|Dabo~1|95204|45795|29|14,1170,30,1,1,143.3,,465,-350,29,,-383,250,29
WIGM|WIPU|MPC|Muko Muko~1|74589|10877|7
WIHP|1|PCB|Pondok Cabe~d|36630|67650|61|18,1986,45,1,0,184,,898,0,,,-891,-100
WILG|1||Gunung Batin~1|52936|52639|28
WILP|1|TFY|Muhammad Taufiq Kiemas~1|47884|39365|36|12,1311,,1,0
WIOD|WIKT|TJQ|H A S Hanandjoeddin~3|72559|77545|50|18,2500,45,1,1,176,,1133,-74,50,,-1121,76,41
WIPA|WIJJ|DJB|Sultan Thaha~1|83613|36451|25|13,2602,45,1,1,130,,640,-810,25,,-504,590,26,123
WIPB|1|LLJ|Silampari~1|67118|29145|113|02,1350,30,1,0
WIPD|1||Banding Agung~1|52130|39330|640|15,1006,22,1,0,151.7,,408,-200,,,-413,200
WIPI|WIJB|BUU|Muara Bungo~1|84584|21816|59|13,1350,,1,0
WIPO|||Gatot Subrato~1|56082|44010|137|03,2100,38,1,0,29,,-826,-400,,,833,500
WIPY|1|PXA|Atung Bungsu~1|59775|33792|12
