#AU|S
YBOI|1|GIC|Boigu Island~1|7672|22180|7|09,660,,0,0
YDNI|1|NLF|Darnley Island~1|4208|37803||10,500,,0,0
YMAA|1|UBB|Mabuiag Island~1|498|21952||15,400,,0,0
YMAE|1|MYI|Murray Island~1|849|40546|91|14,525,,0,0
YSII|1|SBR|Saibai Island~1|6217|26250|5|12,640,,0,0
YYKI|1|OKR|Yorke Island~1|2472|34057|3|12,1000,,0,0,,,,,3,,,,3
YYMI|1|XMY|Yam Island~1|1008|27743||11,710,,0,0
#AU|W
YSTI|1|STF|Stephens Island~7|4900|35500|0
#ID|L
WAJJ|1|DJJ|Dortheys Hiyo Eluay~3|74204|5199|88|12,3000,45,1,1,127,,844,-1126,89,,-771,1033,82
#ID|M
WAJO|1|OKL|Oksibil~1|50929|6277|1315|11,870,18,0,0
WAKK|1|MKQ|Mopah~3|14761|4197|3|16,1850,30,1,1,160.4,,1148,-370,3,,-428,131,3
WAKT|1|TMH|Tanah Merah~1|39033|3035|17
#ID|S
ID-0004|||Okpahik~6|53021|7705|1920
ID-0023|||Aboyi~6|57113|6407|252|02,401,21,4,0
ID-0030|||Bime~6|55144|2198|1366|17,506,30,4,0
ID-0031|||Diphikin~6|52745|7923|1697|18,532,30,4,0
ID-0036|WAJY||Borme~6|56056|4363|997|05,640,23,3,0
ID-0046|||Doyo Baru~1|74612|4643|117|10,494,25,4,0
ID-0062|||Hulu Atas~6|63201|2295|173|16,500,20,4,0
ID-0070|WAJV||Iwur~6|48609|7176|250|06,497,20,4,0
ID-0075|||Kaure~6|65302|3621|213|17,442,21,4,0
ID-0080|||Kiwi~6|53022|7224|1603|10,407,30,4,0
ID-0100|||Oklip~6|52379|7806|1920|12,427,18,4,0
ID-0111|WAJW||Okyap~6|52566|8483|1332|02,435,17,4,0
ID-0112|WRLT||Omban~6|56306|3925|938
ID-0131|||Sape~6|52345|5054|2099
ID-0144|||Suntamon~1|51917|1715|1414
ID-0165|||Yapil~6|54596|5657|1362|08,600,23,4,0
ID-0178|||Awimbon~6|48341|3816|150
ID-0193|||Kubibkop~1|52056|6945|2277
ID-0194|WAKY||Korowai Batu Danowage~1|47873|176|104
ID-0195|||Molding~6|51090|7421|1250
ID-0196|||Tarup~6|49023|8216|610
ID-0197|||Tinibil~6|51755|8738|1646
ID-0199|||Okbab~6|54140|4998|1829
ID-0200|||Alemson~6|51834|2228|1585
ID-0201|||Kotyobakon~6|53616|6549|1554
ID-0202|||Mipol~6|53942|6348|1463
ID-0203|||Binban~6|54147|5340|1585
ID-0204|||Kaklup~6|53792|5317|1981
ID-0205|||Maksum~6|54193|5160|1676
ID-0207|||Pedam~6|54605|4620|1951
ID-0208|||Dumpasik~6|55448|5089|1280
ID-0209|||Bordamban~1|55601|4845|914
ID-0210|||Kirimu~6|55352|3930|1951
ID-0211|||Hangmata~6|55077|6573|1006
ID-0222|WREL||Begowre~6|70179|9253|110
ID-0324||RUF|Yuruf Airport [UNUSABLE]|63711|9537|562
WAJG||BXM|Batom~1|55573|8836|121|07,771,21,1,0,78,,-71,-341,121,,74,338,118
WAJK|1||Kiwirok~6|52865|7403|1667|07,441,18,5,0
WAJS|1|SEH|Senggeh~1|65576|7781|279
WAKD|1|MDP|Mindiptana~1|41231|7095|37
#PG|L
AYNZ|1|LAE|Nadzab Tomodachi~3|34320|67265|73|09,2438,45,1,1,95,,-87,-1150,73,,-278,1050,66
AYPY|1|POM|Port Moresby Jacksons~3|5566|72200|45|14L,2750,45,1,1,148.4,,1253,-600,31,,-870,701,39;14R,1410,45,1,0,142,,869,-700,32,,-723,301,39
#PG|M
AYBA|1|VMU|Baimuru~1|25030|48218|8|04,900,45,4,0
AYBM|1|OPU|Balimo~1|19500|29330|16
AYCH|1|CMU|Chimbu~1|39757|49710|1516|03,1015,27,1,1,35.6,,-325,-300,1516,,409,300,1516
AYDU|1|DAU|Daru~1|9132|32080|6|14,1400,30,1,0,135,,451,-500,4,,-442,401,6
AYGA|1|GKA|Goroka~1|39183|53920|1610|17R,1646,30,1,1,176,,638,-99,1585,,-853,0,1585;17L,1214,18,1,0,176,,674,0,1585,,-455,101,1585
AYGR|1|PNP|Girua~1|11955|83090|95|03,1672,30,1,0,38.1,,-599,-500,94,,590,500,77
AYKM|1|KMA|Kerema~1|20364|57710|3|14,928,18,1,0,146,,360,-200,2,,-334,300,3
AYMD|1|MAG|Madang~1|47929|57890|6|07,1577,32,1,1,75,,-183,-700,6,62,186,701,2
AYMH|1|HGU|Mount Hagen Kagamuga~1|41718|42994|1642|12,2190,30,1,1,121,,444,-840,1635,,-578,860,1635;08,1097,18,1,0,85,,112,-640,1635,60,205,359,1635,60
AYMN|1|MDU|Mendi~1|38523|36570|1731|17,1344,30,1,0,172.8,,599,-99,1736,,-607,100,1727
AYMO|1|MAS|Momote~1|79381|74240|4|16,1870,45,1,1,161,,797,-299,1,,-798,300,2,60
AYVN|1|VAI|Vanimo~1|73074|13028|3|12,1760,26,1,1,130,,498,-580,3,140,-516,621,7
AYWD|1|WBM|Wapenamanda~1|43647|38922|1795|14,1540,23,1,0,139,,-277,-119,1795,,-1323,779,1795,73
AYWK|1|WWK|Wewak~3|64162|36690|6|10,1595,30,1,1,103.9,,170,-700,5,,-176,699,6
#PG|S
ABP||ABP|Atkamba~1|39354|10952|46
AGG||AGG|Angoram~1|59429|40738|23
AGK||AGK|Kagua~1|36036|38536|1631
AOB||AOB|Annanberg~1|50958|46358|40
APP||APP|Asapa~1|10208|81036|588
ARP||ARP|Aragip~1|1167|94833|533
AWR||AWR|Awar Airport (unusable)|58777|48533|11
AYAA|1|AMF|Ama~1|58989|16700|44|15,701,30,4,0
AYAE|1|UAE|Mount Aue~1|37700|46642|1295|14,580,30,4,0
AYAF|1|AFR|Afore~6|8613|83907|762|03,632,30,4,0
AYAG|1|AUP|Agaun~1|723|93900|975|06,909,45,4,0
AYAI|1|ATP|Aitape~1|68564|23468|3|16,844,30,4,0
AYAK|1|AIH|Aiambak~1|26572|12675|27|13,770,30,9,0
AYAM|1|AMU|Amanab~1|64140|12143|398|18,579,30,4,0
AYAN|1|ADC|Andakombe~1|28628|57447|1097|07,473,30,4,0
AYAO|1|AIE|Aiome~1|48543|47307|107|01,1000,,4,0
AYAQ|1|KPM|Kompiam~1|46183|39247|1554|05,780,18,5,0
AYAT|1|AUJ|Ambunti~1|57843|28232|15|14,750,45,4,0
AYAU|1||Arou~6|45049|25137|1472|14,610,30,4,0
AYAW|1|AWB|Awaba~1|19866|27521|10|18,705,30,4,0
AYAX|1|AEK|Aseki~1|26492|61940|1252|16,600,30,4,0
AYAY|1|AYU|Aiyura~1|36619|59042|1632|14,1280,,4,0
AYBB|||Bak~6|47315|20970|1658|11,600,30,4,0
AYBC|1|BCP|Bambu~1|41364|64925|2070|07,410,30,4,0
AYBD|1|BNM|Bodinumu~1|8922|76667|1128
AYBF|1|BMZ|Bamu~1|21515|32433|15|10,472,30,4,0
AYBG|1|BDZ|Baindoung~1|36528|69422|1341|10,470,30,4,0
AYBH|1|BSP|Bensbach~1|11419|12594|9|14,845,30,4,0
AYBI|1|BWP|Bewani~1|69783|11653|168|14,762,18,5,0
AYBO|1|BMH|Bomai~1|36268|46370|1006|01,730,30,4,0
AYBP|1|BPD|Bapi~6|22564|70206|893|14,495,45,4,0
AYBQ|1|BPK|Biangabip~1|44736|17446|326|16,420,30,4,0
AYBR|1|BRP|Biaru~1|23307|67594|1494|12,604,,0,0
AYBS|1||Begesin~6|46118|54474|299|12,500,30,4,0
AYBT|1||Batri~6|34481|39439|1375|11,600,30,4,0
AYBU|1|BUL|Bulolo~1|27837|66495|683|15,1333,,0,0
AYBW|||Blackwara~1|73818|10920|18|05,600,30,4,0
AYBX|||Wowobo~6|26595|45477|23|04,600,30,9,0
AYBY|1||Wuyabo~6|31615|58732|1951
AYBZ|1|XBN|Biniguni~1|3575|93039|66|05,585,30,4,0
AYCB|1|CVB|Chungribu~1|51934|47150|33
AYCG|1|CGC|Cape Gloucester~1|45448|84223|24|08,1080,30,4,0
AYCN|1||Changriwa~6|56713|37406|30|01,600,,4,0
AYDB|1|DBP|Debepare~1|36914|19056|110|12,788,30,4,0
AYDD|1||Dobu~6|33695|46383|949
AYDE|1|DER|Derim~1|38553|71072|1478|12,472,30,4,0
AYDI|1|BNT|Bundi~1|42578|52275|1341|15,670,45,4,0
AYDK|1|MDM|Munduku~1|53796|34516|30|10,853,,0,0
AYDL|1|KPF|Kondobol~1|14664|25049|40
AYDN|1|DNU|Dinangat~1|38454|66772|1618
AYDP|1||Tsendiap~6|46401|44462|477|06,520,30,4,0
AYDQ|1||Dimisisi~6|13702|22162|51|12,590,30,4,0
AYDR|1|DOO|Dorobisoro~1|5381|79209|539
AYDS|1||Dusin~1|48161|44122|1920|10,460,30,9,0
AYDW|1||Dewara~6|16198|24475|8|10,649,30,4,0
AYDY|1||Sindeni~6|29923|57965|1740|10,600,30,9,0
AYEA|1|KRU|Kerau~1|17284|70719|2243|15,579,30,4,0
AYEB|1|EMS|Embessa~1|5530|87628|40|01,500,45,4,0
AYED|1|XYR|Edwaki~1|61160|17922|58|02,736,30,4,0
AYEE|1|EMI|Emirau~1|83461|99758|52|12,1455,,0,0
AYEF|1|EFG|Efogi~1|8462|76598|1189|17,487,30,4,0
AYEG|1||Mengina~6|35164|49860|1287|01,600,30,4,0
AYEH|1|MHY|Morehead~1|12859|16444|30|09,1310,,0,0
AYEI|1||Milei~6|9206|76020|658
AYEK|1||Membok~6|35256|10190|16|09,450,30,9,0
AYEL|1|EPT|Eliptamin~1|49588|16779|1471|14,530,30,4,0
AYEM|1||Eleme~6|51860|39106|71|17,600,30,4,0
AYEN|1|EGA|Engati~6|30821|61053|1132|16,400,30,4,0
AYEO|1|EMO|Emo River~6|8766|80415|683|04,550,30,4,0
AYER|1|ERU|Erume~1|17462|69747|2039
AYES|1|MFZ|Meselia~1|38636|91183|55
AYET|1|BOT|Bosset~1|27627|11063|24|14,700,30,4,0
AYEU|1||Eloaua~6|84397|96304|8
AYEV|1|ERE|Erave~1|33935|39002|1113
AYEW|1|SWE|Siwea~1|37158|75824|1817|06,472,30,4,0
AYEY|||Mirsey~6|59379|26609|33|02,590,30,4,0
AYFA|1|FNE|Fane~1|14507|70858|1372
AYFE||FRQ|Feramin~1|47920|16988|1419|12,660,30,4,0
AYFF|1||Faia~1|28396|35313|24
AYFI|1|FIN|Finschhafen~1|33782|78541|18
AYFK|||Foroko~6|46717|48944|126|06,600,30,4,0
AYFO|||Fogomaiu~6|34904|30794|225|12,609,30,4,0
AYFR|1|FAQ|Frieda River~1|53895|19601|66
AYFS|||Fas~6|68017|14720|372|09,467,30,4,0
AYFU|1|FUM|Fuma~1|36067|24408|142|05,762,30,4,0
AYGC|1|GEW|Gewoia~1|7737|84949|104|04,454,30,4,0
AYGD|||Gimi~6|33518|54003|1553|02,520,,0,0
AYGE|||Geigorobi~6|58945|33056|23|12,600,30,4,0
AYGF|1|GUG|Guari~1|18714|68722|1966
AYGG|1|GRL|Garasa~1|20193|72135|774
AYGH|||Guhu~6|43043|61116|1|03,600,30,4,0
AYGI|1|GAR|Garaina~1|21244|71413|761
AYGM|||Gema~6|31969|57759|1637|02,560,30,4,0
AYGO|||Gokto~6|50864|44900|79|17,610,30,4,0
AYGP|1|GAP|Gusap~1|39468|59590|458
AYGQ|||Gawa~6|47410|22330|1981|11,600,30,4,0
AYGS|1|GBC|Gasuke~1|38972|17393|48
AYGU|1|AKG|Anguganak~1|64395|22173|286|10,770,30,5,0
AYGV|1|GVI|Green River~1|60978|11705|86
AYGX|1|GOC|Gora~6|9979|82364|761|08,500,30,4,0
AYGY|||Guavi~6|31300|27537|92|14,800,23,4,0
AYHA|||Haia~1|32926|49974|742|03,604,30,4,0
AYHB|1|HBD|Habi~1|36800|24893|303|02,600,30,4,0
AYHE|1|HNI|Heiweni~1|25777|64276|1061|16,428,30,4,0
AYHF|1|HYF|Hayfields~1|63016|30579|142|17,944,,0,0
AYHH|1|HNN|Honinabi~1|37543|21771|138|04,411,30,4,0
AYHJ|||Hewa~6|48086|29595|1524|01,600,30,4,0,,,-290,-76,,,284,90
AYHN|||Habina~6|33329|60000|1890|17,600,30,4,0
AYHO|1|HIT|Haivaro~1|30594|30590|55|06,500,30,4,0
AYHQ|||Hauna~6|57006|22305|22|03,483,30,4,0
AYHT|||Hotmin~6|54155|15742|60|14,460,30,4,0
AYHU|1|HWA|Hawabango~1|26070|60035|1391|03,414,30,4,0
AYHW|||Haewenai~6|42781|13205|67|08,600,30,4,0
AYHX|||Herowena~6|33771|51972|1431|17,600,30,4,0
AYIB|||Ibil~6|53172|10316|265|03,600,30,4,0
AYID|1|IDN|Indagen~1|37734|72440|1764|09,518,30,4,0
AYII|1|IMN|Imane~1|32476|61072|1177|06,500,,0,0
AYIM|1|KGM|Kungim~1|43290|10300|106|18,424,,0,0
AYIN|||Busilmin~6|50834|11548|1661|11,500,30,4,0
AYIO|1|IMD|Imonda~1|66720|11573|302
AYIP|||Iropena~6|49674|38711|1582|18,460,30,4,0
AYIR|||Inaru~6|53684|28913|54|05,560,30,9,0
AYIS|||Isan~6|40219|66198|2120|16,410,30,4,0
AYIU|||Ialibu~1|37218|39944|2053|10,1060,60,0,0
AYIW|1|WSA|Wasua~1|17164|28697|14|05,610,,0,0
AYIX|1|WIU|Witu~1|53105|94401|8|10A/28D,925,,4,0
AYIY|1|MPX|Miyanmin~1|50969|16208|762|11,600,30,4,0
AYJO|1|KGH|Yongai~1|14711|74603|1981
AYJS|1|JOP|Josephstaal~1|52529|50071|76|03,950,,0,0
AYJW|||Wauru~6|58180|11983|61|15,698,,4,0
AYKB|1|KBM|Kabwum|38445|71915|1356
AYKC|1|KDR|Kandrian~1|38078|95478|85
AYKD|1|KMF|Kamina~1|23507|59569|657|14,350,,0,0
AYKG|1|KPA|Kopiago~1|46117|24977|1355
AYKH|1|KAQ|Kamulai~1|18493|68340|1768|15,481,30,5,0
AYKI|1|UNG|Kiunga~1|38743|12820|27|07,1125,,0,0,,,,,30,,,,31
AYKJ|1|KNE|Kanainj~1|47097|47072|1239|09,388,,0,0
AYKK|1|KRI|Kikori~1|25756|42501|15
AYKO|1|KKD|Kokoda~1|11153|77310|378|17,855,45,4,0
AYKQ|1|KGW|Kagi~1|8641|76694|1280|07,447,30,4,0
AYKR|1|KRX|Kar Kar~1|54430|59404|40|16,900,,0,0,159.6,,,,20,,,,46
AYKT|1|KZF|Kaintiba~1|24997|60338|625|16,450,30,4,0
AYKU|1|KUQ|Kuri~1|28649|32761|11
AYKW|1|KWO|Kawito~1|20230|28236|22
AYKZ|1||Kairiru~6|66313|35542|18
AYLB|1|LAB|Lab Lab~1|42796|80566|49
AYLG|1|KEG|Keglsugl~1|41672|50972|2560|14,650,,0,0
AYLH|||Klauhau~6|58695|22495|40|01,600,30,4,0
AYLI|1|KII|Kibuli~6|9935|26981|16|09,600,30,4,0
AYLL|1|LGN|Linga Linga~1|44681|97342|5|06,750,,0,0
AYLN|1|LNM|Langimar~1|27769|62271|1563|17,504,,0,0
AYLO|1|LWI|Lowai~1|36656|66458|884|04,500,,0,0
AYLP|1|LPN|Leron Plains~1|36083|63434|207
AYLS|1|LNG|Lese~1|17201|62765|12|12,768,,0,0
AYLT|1|LNC|Lengbati~1|36154|73686|1753|07,468,,0,0
AYLU|1|LMI|Lumi~1|65232|20413|533
AYLX|1|LSJ|Long Island~1|46396|70177|35|04,614,30,4,0
AYLZ|||Slai~6|59678|31831|23|10,623,45,4,0
AYMA|1|MRM|Manari~1|8092|76219|802
AYMB|1|OBM|Morobe~1|22600|75900|2|17,609,,0,0
AYMC|1|MYX|Menyamya~1|27883|60194|1183
AYMI|1|MXK|Mindik~1|35283|74411|1280
AYMJ|1|MPG|Makini~1|34678|76512|771|08,477,,0,0
AYML|1|GUV|Mougulu~1|37191|24208|251
AYMP|1|MLQ|Malalaua~1|19286|61555|6|10,1100,,0,0
AYMQ|1|MQO|Malam~1|12908|26497|38|10,719,,0,0
AYMR|1|MXH|Moro~1|36367|32380|835|09,1760,,0,0,,,,,835,,,,835
AYMU|||Muluma~6|35735|27675|610|09,660,,4,0
AYMW|1|MWG|Marawaka~1|30264|58849|1844
AYMY|||Smok~6|66842|12461|222|15,600,30,4,0
AYNA|1|NKN|Nankina~1|41630|64533|1768
AYNB|1|KEX|Kanabea~1|24611|59050|1307|02,540,30,5,0
AYNC|1|NDN|Nadunumu~1|8564|76842|1554|05,415,,0,0
AYND|1|AUI|Aua Island~1|85394|30647|1|15,919,,0,0
AYNE|1|GBF|Negarbo(Negabo)~1|34322|47031|1372
AYNJ|1|NDI|Namudi~1|5262|83294|318|06,900,,0,0
AYNM|1|KSB|Kasonombe~1|36181|69859|1768|12,457,30,4,0
AYNN|1|KDP|Kandep~1|41594|35072|2350|09,853,,0,0
AYNO|1|NMN|Nomane~1|36782|50707|1839|08,496,,0,0
AYNS|1|BXZ|Bunsil~1|42757|78667|61|15,600,30,4,0
AYNT|||Kantobo~6|32773|35636|422|09,450,30,4,0
AYNU|1|UKU|Nuku~1|63232|24849|265|12,737,45,4,0
AYNY|1|NBA|Nambaiyufa~1|37588|52424|1692
AYOB|1|OBX|Obo~1|24094|13243|9|14,600,30,4,0
AYOD|||Obura~6|34493|59728|1707|10,570,30,4,0
AYOE|1|KGB|Konge~1|37761|72152|1798|01,614,,0,0
AYOF|1|OKV|Okao~1|44433|10328|137|06,600,30,9,0
AYOG|1|OGE|Ogeranang~1|35333|73642|1783|12,550,30,4,0
AYOH|||Okisai~6|52935|19006|94|01,665,30,4,0
AYOJ|1|OKP|Oksapmin~1|47739|22259|1567|10,675,30,4,0
AYOK|1|HOC|Komako~1|26016|58827|1207|02,373,,0,0
AYOL|1|KQL|Kol~1|42688|48460|1631|15,502,30,4,0
AYOM|1|OSE|Omora~1|21722|70806|774|14,500,30,4,0
AYOO|1|KOM|Komo-Manda~1|39318|28598|1541|12,790,45,4,0
AYOP|1|KSP|Kosipe~1|15493|72092|1935|12,600,,0,0
AYOQ|1|KCJ|Komaio~1|27286|35952|9
AYOS|||Kosimbi~6|60478|31767|45|17,600,,0,0
AYOU|||Kombaku~6|46183|46355|1646|18,421,30,4,0
AYOV|1|OLQ|Olsobip~1|46103|15153|457|18,615,45,4,0
AYOW|1|KDE|Koroba~1|43048|27441|1718
AYOX|||Moi~6|58385|12478|73|01,600,30,4,0
AYPA|||Somokopa~6|29162|25140|149|11,512,30,4,0
AYPB|1|PLE|Paiela~1|46276|29758|1859|01,487,30,5,0
AYPC|1|PGB|Pangoa~1|29774|15605|18|01,730,30,4,0
AYPD|1|PDI|Pindiu~1|35549|75158|913|08,610,30,4,0
AYPE|1|APR|April River~1|53233|25401|67|18,620,30,4,0
AYPG|1|PGN|Pangia~1|36140|41084|1628
AYPI|||Kapi~6|36290|46839|1039|05,600,30,4,0
AYPJ|1|PMP|Pimaga~1|35008|35103|837|09,885,18,4,0
AYPO|1|MPF|Mapoda~1|20210|31694|14|18,520,,0,0
AYPQ|1|PMN|Pumani~1|2531|94766|130|01,610,30,4,0
AYPS|||Maposi~6|54540|22211|32|01D/19A,500,,4,0
AYPU||WLU|Walluanda~1|35248|39872|1844
AYQA|1|KRJ|Karawari~6|54033|35225|21
AYQB|||Simbari~6|30377|56448|1085|07,420,30,4,0
AYQL|1|TLP|Tumolbil~1|52252|10133|1094|14,496,30,4,0,,,,,,10
AYQM|||Simogu~6|31992|57134|1521|16,520,30,4,0
AYQO|1|SPH|Sopu~1|16962|71659|2006
AYQQ|1|ONB|Ononge~1|13256|72624|1768|16,500,30,9,0
AYQR|||Sorimi~6|56761|13756|137|12,600,,0,0
AYQS|1|SXA|Sialum~1|39092|75955|52
AYQV|||Sinow~6|60075|15537|56|15,616,30,4,0
AYQW|||Sumwari~6|52492|23686|142|07,592,15,4,0
AYRA|1|KIQ|Kira~1|19349|73320|518|07,550,30,4,0
AYRE|1|RBP|Raba Raba~1|289|98322|52|12,790,,0,0
AYRG|1|RMN|Rumginae~1|41028|12717|49|15,595,30,4,0
AYRI|1|KMR|Karimui~1|35079|48230|1109|12,884,,0,0
AYRK|1|RKU|Kairuku~1|11830|65244|14|15,950,,0,0
AYRM|1|MWI|Maramuni~1|48700|34829|1573
AYRO|1|KOR|Kakoro(Koroko)~6|21653|65335|70|01,500,30,4,0
AYRR|||Tiri~6|33185|41842|1385|08,600,30,4,0
AYRT|||Kirinbit~6|57161|31512|18|16,614,30,4,0
AYRV||MRH|May River~6|56385|17850|33|05,600,30,4,0
AYSA|1|SBE|Suabi~1|38956|22783|142
AYSB|||Sirebi~6|27804|42352|35|18,900,25,5,0
AYSD|1|SDI|Saidor~1|43729|64628|25|12,1160,,0,0
AYSF|1|SFU|Safia~1|4055|86393|131|11,1080,,0,0
AYSG|1|SIL|Sila~1|9264|83893|680
AYSJ|1|SIM|Simbai~1|47214|45447|1769
AYSK|1|SGK|Sengapi~6|48742|43236|1903|14,500,30,9,0
AYSO|1|SBC|Selbang~1|46850|17520|1564
AYSP|1|SMH|Sapmanga~1|39247|68111|888|16,465,30,4,0
AYSQ||SPV|Sepik Plains~1|61179|36734|70
AYSR|||Sangera~6|60322|32763|39|10,658,30,4,0
AYSS|1|TDS|Sasereme~1|23783|28680|37|14,900,45,5,0
AYSU|1|SKC|Suki~1|19534|17222|7
AYSV|1|SXW|Sauren~1|40299|88543|14
AYSW|1|SWG|Satwag~1|38604|72792|1276|09,625,30,4,0
AYSX|1|MBV|Masa~1|36550|75910|1798|17,385,,0,0
AYTA|1|TIZ|Tari~1|41550|29480|1676|14,1584,,0,0,,,,,1673,,,,1673
AYTB|1|TBG|Tabubil~1|47195|12276|479|14,1290,,0,0,,,,,478,,,,478
AYTD|||Teredau~1|26795|46384|30|07,900,25,4,0
AYTE|1|TFM|Telefomin~1|48739|16419|1509
AYTF|1|TDB|Tetebedi~1|8414|80686|1026|01,565,30,4,0
AYTH|1|TFB|Tifalmin~1|48828|14181|1443|08,650,30,4,0
AYTI|1|TPI|Tapini~1|16433|69892|945
AYTM|||Tamo~6|52754|41529|43|16,565,30,4,0
AYTN|1|TKW|Tekin~1|47563|21652|1763
AYTO|1|KDQ|Kamberatoro~1|63994|10517|411|16,510,30,9,0
AYTP|1|TEP|Tep Tep~1|40447|65595|2137
AYTQ|||Tapen~6|41441|66384|1544|14,600,9,4,0
AYTR|1|TBQ|Tarabo~1|35333|55322|1859|07,700,30,4,0
AYTS|1|TSW|Tsewi~1|29305|61272|1276|06,550,30,9,0
AYTT|1|TRJ|Tarakbits~1|43860|10421|86|18,582,30,9,0
AYTU|1|TFI|Tufi~1|9240|93198|26|06,880,18,4,0
AYTV|1|TBE|Timbunke~1|58034|35192|7|12,600,30,4,1
AYTW|1|TWY|Tawa~1|25537|61067|1530|02,466,30,4,0
AYTY|1|TEO|Terapo~1|18303|61944|5|10,840,45,4,0
AYTZ|1|TKB|Tekadu~1|23192|65503|399|04,430,30,4,0
AYUA|||Utai~6|66140|15868|215|04,562,30,4,0
AYUC|1|UMC|Umba~1|29786|59660|1814|13,487,30,4,0
AYUE|1|URU|Uroubi~1|4838|85591|147|09,480,30,4,0
AYUG|||Brugam~6|63619|28379|181|07,486,30,4,0
AYUM|1|AUV|Aumo~1|42689|84453|137|14,800,30,5,0
AYUN|||Bunam~6|53436|42517|15|07,609,30,4,0
AYUO|||Omaura~6|36321|59902|1481|16,600,30,5,0
AYUP|1|GLP|Gulgubip~1|47192|15411|1494|03,450,30,5,0
AYUQ|||Kumbwareta~6|44922|41171|1240|13,662,,4,0
AYUR|1|UPR|Upiara~1|14589|26503|16
AYUS|||Suame~6|16316|25862|22|14,660,30,4,0
AYUT|||Bunguwat~6|39950|67205|1750|15,480,30,4,0
AYUV|||Tuvau~6|33975|58372|1615|14,580,30,4,0
AYUX|||Usarumpia~6|30142|58102|1774|04,457,30,4,0
AYUY|1|KUX|Kuyol~1|46276|16239|1003|09,500,,0,0
AYVA|||Vailala~6|22323|54857|26|17,900,30,5,0
AYVB|||Tobou~6|35974|74223|1442|10,475,30,4,0
AYVK|||Wokien~6|62270|19791|152|01,457,,4,0
AYVM|1|TCJ|Torembi~1|59835|31329|27|02,762,30,4,0
AYVP|||Woposali~6|33423|42974|612|08,800,30,5,0
AYVW|1|WUV|Wuvulu Island~1|82639|28367|5
AYWB|1|WAO|Wabo~1|30106|50751|40|14,725,30,4,0
AYWC|1|WTT|Wantoat~1|38675|64678|1189
AYWE|||Wangeto~6|42568|61484|1297|18A/36D,600,,4,0,,,,,1288,,,,1311
AYWF|1|WAJ|Wawoi Falls~1|30477|26557|113
AYWG|1|AGL|Wanigela~1|6625|91556|16
AYWH|1|WNU|Wanuma~1|51039|53213|689|05,465,,0,0
AYWL|||Walagu~6|36568|28254|610|18,605,,4,0
AYWM|||Wasengla~6|67045|10727|390|02A/20D,480,,4,0
AYWN|||Nugwaia~6|61817|28350|85|15,439,30,4,0
AYWO|1|WOA|Wonenara~1|32031|58919|1533|11,425,30,4,0
AYWS|1|WSU|Wasu~1|40383|71982|10
AYWT|1|WTP|Woitape~1|14542|72525|1585
AYWU|1|WUG|Wau~1|26544|67186|1097
AYWV|1||Warasai~6|59913|25127|46
AYWY|||Waro~6|34632|31979|444|10A/28D,670,,4,0
AYXA|||Wiawia~6|28363|56337|610|08A/26D,550,,4,0
AYXB|||Buluwo~6|63247|20151|183|16,746,30,4,0
AYXE|1|YVD|Yeva~1|24520|61880|1375
AYXI|1|SMJ|Sim~1|22500|69273|1664|18,422,30,4,0
AYXP|1|WPM|Wipim~1|12118|28820|53|09,499,30,4,0
AYXW|1|WEP|Weam~1|13816|11381|15|05,825,,4,0
AYYA|||Yabru~6|60327|11917|29|07,763,,4,0
AYYC|||Yagiap~6|59823|32174|34|01,797,,4,0
AYYD|||Yatoam~6|49051|23846|628|10,607,30,4,0
AYYE|1|KYX|Yalumet~1|39100|70117|792
AYYI|||Yili~6|64678|21645|457|16,600,30,4,0
AYYK|1|YEQ|Yenkis(Yankisa)~1|48903|39177|1125|13,465,30,4,0
AYYL|1|TCK|Tinboli~1|59051|33838|18|03,670,30,4,0
AYYM|1|LNF|Munbil~1|51441|12202|953
AYYN|||Yimnalem~6|48559|45956|1463|06,475,30,5,0
AYYO|1|RAX|Oram~1|3671|80481|1067|12,413,30,9,0
AYYP|1|KPE|Yapsiei~1|53719|10942|183
AYYQ|||Yagrombok~6|64150|26285|460|03,455,30,4,0
AYYR|1|KSX|Yasuru~1|33985|61813|463
AYYT|||Mount Tauwa~6|32707|43030|1128|12,457,,0,0
AYYU|||Mui~6|52088|43113|40|11,608,,0,0
AYYV|||Yawa~6|58997|21351|37|14,600,30,4,0
AYYZ|||Yambaitok|50047|39614|194|21,457,30,4,0,213,32,,,180,,,,215
AYZA|1|ZEN|Zenag~1|30478|66163|975|15,487,30,4,0
AYZM||WUM|Wasum~1|39509|93370|53|08,1140,,4,0
AYZN|1|SIZ|Sissano~1|70006|20445|8|11,490,30,4,0
AYZQ|||Sopise~6|32113|41593|1052|11,600,30,4,0
AYZS|1|OSG|Ossima~1|70844|12973|62|14,700,30,4,0
AYZU|||Oum~6|57316|21273|24|03,637,30,4,0
AYZW|||Siawi~6|59390|14197|70|17,450,30,9,0
AYZZ|||Zuebak~6|36912|65568|1085|14,420,30,9,0
BAJ||BAJ|Bali~1|51167|91333|27
BNV||BNV|Boana~1|35734|68267|899
BWJ||BWJ|Bawan~1|36031|68817|1433
DAF||DAF|Daup~1|52597|59515|85
DAO||DAO|Dabo~1|15681|78431|36
DDM||DDM|Dodoima~1|18226|78094|23
GUE||GUE|Guriaso (Keraso)~1|64168|15895|122
HAZ||HAZ|Hatzfeldhaven~1|55967|52056|8
HEO||HEO|Haelogo~1|8634|75984|981|12,430,30,4,0
IBI||IBI|Iboki~1|44464|91900|4
IOK||IOK|Iokea~1|15990|62770|12|18,543,,0,0
IOP||IOP|Ioma~1|16386|78400|29
ITK||ITK|Itokama~1|7985|82643|781|01,700,30,4,0
KAK||KAK|Kar~1|37548|35516|1513|11,594,,0,0
KMB||KMB|Koinambe~1|45125|46069|914|17,437,30,4,0
KPL||KPL|Kapal~1|13698|28238|52
LTF||LTF|Leitre~1|71663|16257|10|11,720,30,4,0,115
MJJ||MJJ|Moki~1|42819|52404|924
MMV||MMV|Mal~1|86086|41713|2|01,660,30,4,0
MNP||MNP|Maron Island~1|84496|50175|1|17,732,,0,0
MWU||MWU|Mussau~1|85500|97000|43|17,950,,0,0,175
NOM||NOM|Nomad River~1|37060|22342|93|08D/26A,915,,0,0
NOO||NOO|Naoro~1|7455|76214|723|14A/32D,450,,4,0
NPG||NPG|Nipa~1|38546|34531|1757
NWT||NWT|Nowata~1|158|97292|622|03,704,30,4,0
PG-0001|||Agali~6|46556|22142|838|04,607,30,9,0
PG-0003|AYAC||Akwom~6|60600|18328|49|18,600,30,4,0
PG-0004|AYAH||Ali~6|20742|23435|24|04,600,30,4,0
PG-0010|||Gobe~1|31222|37218|59|14,1050,,0,0,136
PG-0012|AYAJ||Ambua~6|40385|30604|2012|10,730,30,5,0
PG-0013|AYAB||Ambaluwa~6|42797|49211|2002|14,411,,4,0
PG-0014|||Anangalo~6|54000|38435|21|17,540,30,4,0
PG-0015|AYAD||Ande~6|29792|58222|1646|12,520,30,4,0
PG-0016|||Arufi~6|12461|19114|24|15,666,30,4,0
PG-0017|||Asama~6|19767|72717|549|10,600,30,4,0
PG-0018|AYAZ||Asimba~6|13947|75927|357|09,504,30,4,0
PG-0019|||Assengseng~6|39764|97858|472|16,475,30,9,0
PG-0021|||Benaria~6|39411|30339|1512|09,544,46,5,0
PG-0024|||Wobagen~6|47253|20342|1844|12,600,30,9,0
PG-0026|||Boikoa~6|29614|57342|1468|17,600,30,4,0
PG-0027|||Bosavi~6|35383|28411|716|14,579,30,4,0
PG-0028|AYBE||Boure~6|3815|87463|162|11,600,30,6,0
PG-0030|||Junkaral~6|45768|50100|148|01,600,9,4,0
PG-0031|||Kabori~6|66784|18584|637|05,445,30,4,0
PG-0032|AYDA||Dahamo~6|42468|19936|140
PG-0033|||Lumusa~6|44722|40656|1507|15,570,30,4,0
PG-0035||MZN|Minj~1|40970|46866|1606
PG-0036|||Pasinkap~6|49864|48424|78|18,552,30,9,0
PG-0039|||Kafa~6|34131|35150|564|11,600,30,4,0
PG-0042|||Gubil~6|51167|15254|671|03,600,30,4,0
PG-0043|||Gubam~6|13912|19196|37|17,675,30,4,0
PG-0044|AYDM||Duranmin~6|50269|19089|1186|06,540,30,4,0
PG-0045|AYBJ||Bank~6|46353|46905|1205|11,472,30,5,0
PG-0046|||Appa~6|34832|47068|1158|14,600,30,4,0
PG-0047|AYAV||Arkosame~6|62228|26227|190|16,368,30,9,0
PG-0049|||Kiriwo~6|15630|15142|21|10,670,30,4,0
PG-0051|||Kibeni~6|25154|38224|30|03,430,30,4,0
PG-0052|||Kilifas~6|67852|13642|334|09,700,,0,0
PG-0054|||Pukapuki~6|54638|25176|38|17,600,,0,0,179
PG-0055|||Samban~6|56345|40612|13|3,700,,0,0,32
PG-0056|||Asinuwa~6|29713|57678|1798|08,560,30,4,0
PG-0057|||Auwi~6|44900|26392|1571|14,540,30,4,0
PG-0059|AYBN||Baina~6|31088|36831|66|07,464,30,4,0
PG-0060|||Bu'u~6|25989|58149|1204|01,500,,0,0
PG-0066|||Fugwa~6|42831|26968|1859|16,732,15,4,0
PG-0067|||Giramben~6|42165|45568|1563|16,770,15,4,0
PG-0068|||Idam~6|58568|12592|64|06,584,30,4,0
PG-0069|||Kelabo~6|44341|25666|1695|11,460,30,4,0
PG-0072|||Yehebi~6|36072|22661|102|11,583,,0,0
PG-0074|||Angai~6|25979|57899|785|14,430,,0,0
PG-0094|||Komo~1|39375|28766|1592|16,1829,47,1,1,162,,1325,-302,1538,,-286,70,1572
PG-0096|||Aibai~6|37349|49873|2049|05D/23A,457,20,4,0,50,,1128,152,2081,,-135,-167,2022
PG-0107||BRH|Brahman~6|42590|53785|134
PG-0108||BIJ|Biliau~1|44225|63340|299
PG-0112|||Wanikipa~6|47452|25219|671|18A/36D,605,,4,0
PG-0115||BIZ|Bimin~1|47106|20140|1994
PG-0135||KSG|Kisengam Airport [CLOSED]|36380|67100|1128
PG-ATP||TAJ|Tadji~1|68018|24310|10
PG-IHU||IHU|Ihu~1|21024|53960|21|12,807,30,4,0
PG-KUY||KUY|Kamusi~1|25797|31218|30
PG-LMY|AYLM|LMY|Lake Murray~1|29901|14940|16
PGE||PGE|Yegepa~1|28656|61564|1274
PPX||PPX|Param~1|100|94770|1369|02,540,,4,0
RUU||RUU|Ruti~1|46656|42567|521
SSS||SSS|Siassi~1|44035|78106|381
TSI||TSI|Tsile Tsile~1|31502|63554|152
UUU||UUU|Manumu~1|9254|75735|549
