#NR|M
ANYN|1|INU|Nauru~3|94521|69195|7|12,2150,45,1,1,121,,672,-750,7,50,-584,649,6,116
#SB|H
AGTI|1|TLG|Tulaghi~2|8920|1492|1
#SB|L
AGGH|1|HIR|Honiara~3|5720|550|9|06,2200,45,1,1,68,,-374,-1000,9,,374,900,4
#SB|S
AGAF|1|AFT|Afutara~e|8086|9486|7|06,458,40,4,0
AGAR|1|RNA|Ulawa~1|1395|19795|12|11,860,20,9,0
AGAT|1|ATD|Uru Harbour~1|11267|10110||13,844,15,9,0,,,,,4,,,,5
AGGA|1|AKS|Gwaunaru'u~1|12974|6820|2|18,945,,0,0,,,,,9,,,,9
AGGJ|1|AVU|Avu Avu~1|1317|4106|8|14,750,30,4,0
AGGP|1|PRS|Parasi~1|3583|14250||12,657,24,9,0
AGGU|1|RUS|Marau~1|1383|8250|1|05,610,30,9,0
AGKW|1|KWS|Kwailabesi~1|16395|7751|16|08,578,20,4,0
AGOB|1|MHM|Manaoba~1|16750|8005|4
