#ID|M
ID-0339|||Old Nabire~1|66314|54967|6|16,1400,30,1,0,160.9,,641,-270,6,198,-558,130,6,344
ID-ZGP||UGU|Bilorai~1|62605|70312|2240|09,600,17,1,0
WABB|1|BIK|Frans Kaisiepo~1|88100|61080|14|11,3571,46,1,1,109.4,,527,-1500,11,,-532,1500,8
WABI|1|NBX|Douw Aturure~1|66020|53931|7
WABO|1|ZRI|Stevanus Rumbewas~1|81716|60624|6
WABP|WAYY|TIM|Mozes Kilangin~1|54702|68874|31|12,2390,45,1,1,121.9,,727,-939,31,,-417,960,31
WAPF|1|LUV|Karel Sadsuitubun~1|42397|27594|24|13,2350,,1,0
WASF|1|FKQ|Fakfak~1|70795|22670|141|10,1041,20,1,0,97,,88,-501,,,-27,500
WASK|1|KNG|Utarom~1|63554|36951|6|01,1600,30,1,0,11,,-703,-110,,,719,191
WASO|1|BXB|Babo~1|74678|34390|3|02,1305,30,1,0,23,,-546,-200,,,538,199
WASR|WAUU|MKW|Rendani~1|91082|40490|7|17,2000,45,1,0,178,,902,0,5,,-909,0,5
WASS|1|SOQ|Domine Eduard Osok~1|91060|12870|3|09,1850,27,1,0,94,,-66,-1001,,,-169,701
WAVV|1|WMX|Wamena~1|59027|89524|1657|15,2175,45,1,1,153,,145,159,,,-1187,860
#ID|S
DEX|WAVD|DEX|Nop Goliat Dekai~1|51443|94820|60|07,1950,30,1,0
ID-0022|WAKB||Aboge~6|39366|92670|16|02,498,24,4,0
ID-0024|||Amazu~6|43881|96234|18|12,600,20,4,0
ID-0026|WAVN||Angguruk~6|57998|94326|1469|09,500,27,4,0
ID-0027|||Arsbol~6|63059|89372|853|03,520,30,4,0
ID-0029|||Beoga~1|61835|74252|1901|16,488,24,4,0
ID-0033|WABK||Biri~6|71221|77682|126|15,450,27,4,0
ID-0034|||Bomela~1|53064|99127|1539|02A/20D,685,29,4,0
ID-0038|WRLA||Bugalaga~6|63765|65963|1939|06,419,22,5,0
ID-0040|||Comoro~6|40737|86315|6|11,601,26,9,0
ID-0043|||Daufo~9|68263|72544|152|09,439,14,4,0
ID-0044|WABV||Derapos~6|70263|72234|132|12,825,34,4,0
ID-0045|||Dou~6|67372|81484|91|09,604,18,4,0
ID-0047|WRLD||Eaopoto~6|60503|63383|1798|09,575,26,4,0
ID-0049|WRFH||Eri~6|73626|81018|134|09,488,23,4,0
ID-0050|||Faowi~6|67694|77262|101|18,735,28,4,0
ID-0052|WRFJ||Foao~6|69335|90992|73|18,488,27,4,0
ID-0053|||Fruata~6|70142|35001|59|01,503,24,9,0
ID-0054|WRFL||Geyarek~6|53496|87524|76|17,450,28,4,0
ID-0056|WASJ||Gusimawa~6|69580|38782|40|04,406,28,4,0
ID-0057|||Haya~6|71844|81099|76|18,500,27,4,0
ID-0059|||Hitadipa~1|62657|71170|1543|07,549,30,4,0
ID-0060|WAVP||Holuwon~6|55195|92740|1149|13,405,28,5,0
ID-0061|||Hubliki~6|62678|92863|600|04,448,28,4,0
ID-0063|||Ibele~6|59480|87960|1926|09,443,14,4,0
ID-0064|||Kaiy~6|70129|81062|59|10/26,549,27,4,0
ID-0066|||Illaga III~1|60007|76532|2339|04,681,20,4,0
ID-0067|||Ilugwa/Antara~1|61641|89217|1981|10,578,30,4,0
ID-0068|||Iratoi~6|67611|73339|107|18,582,25,4,0
ID-0069|||Iray~6|86697|39108|1970|03,850,29,4,0
ID-0071|||Jila~6|57532|75956|1338|14,422,28,4,0
ID-0072|||Jita~6|51436|77019|12|02,550,30,4,0
ID-0073|||Kanggime~6|63340|83616|1521|06,744,27,4,0
ID-0074|WABG||Kasonaweja~6|76993|80327|27|18,457,23,4,0
ID-0078|WAYC||Keneyan~6|54005|83844|137|04,636,31,9,0
ID-0081|WAVK||Kobagma~1|63335|90588|974|09,710,22,4,0
ID-0082|WRLN||Komopa~6|62002|64775|1775|06,548,28,4,0
ID-0083|||Koropun~6|55208|96499|1798|16,545,25,5,0
ID-0087|||Kwerba~6|73565|84089|75|04,488,27,4,0
ID-0088|||Kwijawagi|59744|82046|2831|05,716,21,4,0
ID-0089|||Lake Holmes~6|75278|79884|396|03,580,24,4,0
ID-0090|||Landikma~6|61788|92423|1020|13,431,26,4,0
ID-0091|||Langda~6|53215|99745|1975|16,446,24,5,0
ID-0099|WRPS||Magoda~6|60094|58532|1603|03,430,22,4,0
ID-0101|WRHI||Nalca~6|56364|98351|1600|05D/23A,442,18,4,0
ID-0107|WRHK||Nenei~6|85081|39959|873|06,420,30,4,0
ID-0109|WAVI||Nania~6|56371|93024|2152|12,442,23,4,0
ID-0110|||Nipsan~6|58832|96473|1829|10,500,23,5,0
ID-0115|WRHO||Pagai~6|64624|97819|93
ID-0116|||Panggema/Hasan~1|58646|93772|1481|06,472,24,4,0
ID-0117|||Papasena~6|70850|85876|68|18,488,27,4,0
ID-0118|||Pass Valley~6|61412|91003|1981|08,637,23,4,0
ID-0119|||Piramid~6|60985|87643|1716|03,652,27,4,0
ID-0124|||Prongkoli~6|58117|93422|1946|09,468,20,5,0
ID-0126|||Puldamat~1|56804|98704|1661|12,600,20,4,0
ID-0129|||Ros Bori~6|83414|61020|20|18,500,30,4,0
ID-0130|||Samboka~6|51632|97146|171|16,463,33,5,0
ID-0134|WAVU||Seradala~6|50202|99035|138
ID-0137|WRIL||Sikari~6|72381|83862|66
ID-0138|WAVJ||Silimo~6|55340|89431|1756|05,427,23,4,0
ID-0142|||Soba~6|56539|91788|1867|03,530,23,4,0
ID-0143|||Sumo~6|52495|93533|64|02,542,15,4,0
ID-0146|||Suswa Airstrip [UNUSABLE]|90580|22980|178|09,495,20,4,0
ID-0147|||Synopi~6|91579|29262|502|09,480,20,4,0
ID-0148|||Taige~6|86895|38517|1904|06,572,24,4,0
ID-0149|WAVZ||Taiyeve~6|67667|84458|54|06,670,27,4,0
ID-0150|||Takar~6|79625|91130|17|09,700,15,4,0
ID-0151|||Tangma~6|57402|90466|1786|11,423,15,5,0
ID-0153|||Tayayi~6|69553|76217|75|15,549,23,4,0
ID-0154|||Testega~6|86219|35942|1143|05,419,17,4,0
ID-0156|||Turmo~6|67264|75580|87|09,568,26,4,0
ID-0159|WRJL||Walma~6|57822|93936|1951|06,402,23,5,0
ID-0161|||Wanggemalu~6|45026|99783|67|12,494,30,4,0
ID-0163|||Wunin~6|63492|85543|1641|10A/28D,500,22,4,0,96
ID-0164|WAKC||Yaniruma~6|45794|98197|47|10,582,21,4,0
ID-0166|WRJV||Yigi~6|57715|83938|1859|08,427,20,9,0
ID-0167|||Yogosem~6|57523|91690|2499|09,475,23,4,0
ID-0173|WABX||Apouwo~6|59368|55600|1600|05,345,,0,0
ID-0175|WABN||Bareri~1|70184|77836|91|07,420,26,4,0
ID-0176|||Bari~1|60408|99016|506|08,442,30,4,0
ID-0177|WRMA||Basiem~1|39414|83835|15
ID-0281|||Wakbisik~6|56501|92116|2252|01,440,,0,0,6,,,,2287,,227,29,2242
ID-0394|WABP||Burumeso~6|76469|79981|59
ID-AAS||AAS|Apalapsili~1|61175|93109|945
ID-AGD||AGD|Anggi~1|86142|38737|2025|08,485,18,4,0
ID-AHI|||Mina Wanam~1|24593|91109|7|13,1000,25,2,0,127,,300,-395,7,,-280,365,11
ID-ELR||ELR|Elelim~1|62141|93845|454|02,679,22,4,0
ID-EWE||EWE|Ewer Asmat~1|45038|80784|8|06,600,18,4,0
ID-IUL||IUL|Ilu~1|62949|82002|1953|17,700,18,1,0
ID-LLN||LLN|Kelila~1|62710|87101|2771|03,771,30,4,0
ID-OBD||OBD|Obano~1|60894|62306|1768|08,763,20,5,0
ID-TMY||TMY|Tiom~1|60744|84555|2113|12,660,26,1,0;15,335,,0,2
KMM||KMM|Kimaam~1|20221|88518|8|13,607,18,4,0,131.6,,100,-80,6,,-260,320,8
NKD|WABS|NKD|Sinak~1|61778|78392|2225|08,640,12,5,0
WA1B|||Aru~1|34266|41470|50|14,1574,29,1,0,143.3,,569,-399,,,-573,400
WABC||IMU|Akimuga~6|53957|76576|50|05,550,20,4,0
WABD|1|ONI|Moanamani~1|59934|60377|1586
WABF||FOO|Kornasoren~1|90643|48723|4
WABG||WET|Deiyai / Waghete Baru~1|59408|62817|542
WABK||KBF|Karubaga~1|63154|84790|1585|17,732,20,1,0
WABL||ILA|Ilaga~1|60235|76225|2435|07,600,18,1,0
WABN||KOX|Kokonao~1|52893|64351|18|13,600,18,1,0
WABT|WAYE|EWI|Enarotali~1|60743|63786|1770|08,1093,,0,0,,,,,1552,,,,1552
WABW|||Waren~1|83715|41240|9|04,470,45,4,0
WABY|||Kebo~6|61752|63858|1782|01,744,30,5,0
WAJB|WAVB|BUI|Bokondini~1|63155|86774|1387|10,853,23,1,0
WAJC|1|DRH|Dabra~1|67294|86134|63|06D/24A,570,17,4,0
WAJI|1|ZRM|Mararena Sarmi~1|81269|87533|3|13,747,22,1,0,135.8,,204,-229,4,,8718,270,2
WAJL|1|LHI|Lereh~1|69200|99528|250|12,614,19,4,0
WAJM|WAVA|LII|Mulia~1|62981|79570|1798|09,797,27,1,0
WAJY|WAUE||Werur~1|95799|21886|11
WAKE|1|BXD|Bade~1|28241|95833|18|02,600,,1,0,21,,-281,-106,6,,226,90,9
WAKM|1|KCD|Kamur~1|38149|86372|8|09,649,15,4,0
WAKO|1|OKQ|Okaba~1|19054|97233|7|08,600,18,1,0
WAKP|1|KEI|Kepi~1|34570|93324|20|15,611,24,1,0
WAKQ|1|ZEG|Senggo~1|43093|93504|16|09,657,9,1,0
WAPD|1|DOB|Rar Gwamar~1|42263|42092|19|05,800,23,1,0
WAPI|1||Saumlaki/Olilit~1|20114|13060|66|12,900,23,1,0,129,,230,-301,60,,-280,301,62
WAPK|1|BJK|Benjina~1|39339|42740|25|04,1300,18,2,0,41,,-454,-400,,,435,400
WAPL|||Dumatubin~1|43384|27310|3|09,1300,30,2,0,92.3,,22,-500,,,-26,600
WAPO|||Larat~1|28718|17673|33|09,806,23,1,0
WASA|1|AYW|Ayawasi~1|88402|24641|475
WASB||NTI|Stenkol~1|78974|35160|16|13,600,18,1,0
WASC|1|RSK|Abresso~1|85033|41925|16|12,1050,30,4,0,,,261,-2145,,,-275,-1367
WASE||KEQ|Kebar~1|91896|30549|572
WASI|1|INX|Inanwatan~1|78726|21601|3|08,600,23,1,0
WASM||RDE|Merdey~1|84088|32959|117
WASN|1|RJM|Marinda~1|95750|7735|3|18,1340,30,1,0,184,,520,44,30,,-690,-60,14
WAST|1|TXM|Teminabuan~1|85546|20211|43|12,588,15,4,0
WASU|1|KBX|Kambuaya~1|86832|22870|433|06,552,24,5,0
WASW||WSR|Wasior~1|72796|45059|15|17,535,30,4,0
WPAS|WAPS|SXK|Mathilda Batlayeri~1|21516|13371|136|11,2000,45,1,0,116,,395,-796,,,-392,836
WRFC|1||Endomen~6|57759|98818|1100
WRHC|1||Makki~6|60305|86293|2056
WRHD|1||Mbuwa~6|57617|84657|2076
WRLR|1||Modio~6|59336|57903|1408
WRLS|1||Obogwy~6|71650|79722|90
WRMH|1||Miaro~6|38022|90080|10
WRRP|1||Mayado~6|80905|31574|65
