#EC|H
EC-0071|SEAP||Patio 400~2|90514|92694|10
SE06|SEZB||Palobamba~2|78097|99758|7|17,8,8,2,0
SEZD|1||Luz de Mar~2|86664|92512|12|17,14,14,9,0
#EC|L
SESA|1|SNC|General Ulpiano Paez~3|77899|90149|5|13,2630,50,1,1,129,,717,-850,4,,-682,840,4;08,1130,40,1,1,82,,661,-710,5,,808,280,4
#EC|M
SEMT|1|MEC|Eloy Alfaro~3|90539|93212|15|05,2860,45,1,1,55.8,,-723,-1060,11,,727,1060,15
SEPV|1|PVO|Reales Tamarindos~1|89584|95278|40|12,2271,27,1,0,128,,627,-810,35,,-636,810,39,130
#EC|S
EC-0047|||NIRSA~1|72797|97508|5|16,650,18,1,0
EC-0048|||Playas~1|73662|95957|15|02,440,10,1,0
EC-0056|SEAA||Aguayo~1|70711|99241|3
SE03|||Las Peñas~1|70528|98993|1|11,1000,12,1,1,110,,159,-430,,,-150,420
SEAB|1||Mar Abierto~1|78435|92268|3|,610,,1,0
SEAL|1||Algarrobo~6|77114|99802|11|13,900,12,5,0
SEAO|1||Agromarina~6|75468|99332|2
SEAQ|1||Aquapesca~6|75032|94478|15|06,850,25,5,0
SEAY|1||Ayangue~1|80223|92548|5
SEBM|||Brisas del Mar Airstrip.|71716|99791|3|09,700,15,5,0
SECG|||Chongón~6|77697|99455|11|03,700,12,5,0
SECI|||Calica~6|74830|98641|4|01,810,18,1,0
SEDA|||Dualar~6|76386|98376|1|03,760,18,5,0
SEDO|||Colas de Oro~1|73015|99386|1|13,700,14,5,0
SEEO|||El Morro~6|73565|96500|18|08X/26,600,15,5,0
SEEX|||Exportamar~6|74845|97786|3|18,800,18,5,0
SEHV|||Josema~1|76683|97953|24|08,800,12,1,0
SEJI|1|JIP|Jipijapa~1|90000|93333|68
SEOM|||Langosmar~1|75362|98631|9|16,777,15,1,0
SERL|||Roble Mar~1|69947|97710|3|12,1000,18,5,0
SEST|1|SCY|San Cristóbal~1|90898|3826|19|16,1894,20,1,0,169,,841,-160,8,,-842,150,16
SESV|1|BHA|Los Perales~1|93919|95973|3|15,2203,30,1,0,151,,873,-470,2,,-875,480,3
#PE|M
SPME|1|TBP|Captain Pedro Canga Rodríguez~3|64479|96189|35|14,2500,45,1,1,141,,868,-698,29,,-901,705,29
SPUR|1|PIU|PAF Captain Guillermo Concha Iberico~3|47943|93836|37|01,2500,45,1,1,12.5,,-1109,-250,37,,1097,240,37
SPYL|1|TYL|Captain Victor Montes Arias~3|54234|87459|86|17,2450,45,1,1,169.9,,1092,-200,84,,-1097,190,86
#PE|S
PE-0023||PTL|Walter Braedt Segú~1|59131|89742|9
