#BJ|L
DBBB|1|COO|Cotonou Cadjehoun~3|63572|23844|6|06,2410,45,1,1,53,,-654,-865,5,38,652,873,4
#BJ|S
DBBC|1||Bohicon/Cana~1|71254|20468|167
DBBD|1|DJA|Djougou~1|96921|16378|451
DBBP|1|PKO|Parakou~1|93577|26097|386|04,1600,,0,0,,,,,377,,,,385
DBBS|1|SVF|Savé~1|80182|24646|182
#CM|L
FKKD|1|DLA|Douala~3|40061|97195|10|12,2850,45,1,1,117,,577,-1146,10,,-586,1148,4
#CM|M
FKKC|1|TKC|Tiko~1|40892|93605|46|05,1375,46,1,1,43,,-452,-423,46,,450,429,44
#CM|S
FKKB|1|KBI|Kribi~1|28739|99778|45|03,1800,,0,0,,,,,44,,,,40
FKKF|1|MMF|Mamfe~1|57042|93064|126|08,1370,,0,0,,,,,125,,,,116
#GA|L
FOOL|1|LBV|Libreville Leon M'ba~3|4590|94121|12|16,3000,45,1,1,154,,1181,-575,9,,-1258,605,9
#GA|S
GA-0005||NKA|Nkan~6|3843|97536
#GH|M
DGAH|1||Ho~1|65797|5325|109|5,1605,30,1,0
#GQ|L
FGBT|1|BSG|Bata~3|19055|98057|4|03,3310,61,1,1,,,,,4,,,,4;04,2134,45,1,2,41,,-684,-593,2,,677,589,4
FGSL|1|SSG|Malabo~3|37553|87087|23|04,2940,46,2,1,42,,-989,-879,23,,983,883,12
OCS|FGCO|OCS|Corisco~3|9109|93303|17|01,3115,,2,0
#NG|L
DNAA|1|ABV|Nnamdi Azikiwe~3|90068|72632|342|04,3609,60,1,1,35,,-1336,-946,331,,1334,941,342
DNAS|1|ABB|Asaba~3|62042|66653|93|11,3400,58,1,1
DNEN|1|ENU|Akanu Ibiam~3|64737|75605|142|08,2402,45,1,1,80,,-151,-959,142,,221,1180,126
DNIL|1|ILR|General Tunde Idiagbon~3|84402|44939|343|05,3100,60,1,1,49,,-923,-1059,341,,906,1073,334
DNMM|1|LOS|Murtala Muhammed~3|65774|33212|41|18R,3900,60,1,1,180,,1038,-764,20,,-2488,-764,15;18L,2742,45,1,1,180,,1961,794,41,,-519,794,26
DNPO|1|PHC|Port Harcourt~3|50155|69496|27|03,3000,60,1,1,28,,-1200,-648,25,,1191,633,27
#NG|M
DNAI|1|QUO|Akwa Ibom~3|48725|80930|52|03,3600,,0,0
DNAK|1|AKR|Akure~1|72467|53010|335|03,2803,45,1,0,24,,-1147,-521,335,,1164,521,335
DNBE|1|BNI|Benin~1|63170|55995|79|05,2399,45,1,1,46,,-799,-826,71,,715,727,79
DNBY|1||Bayelsa~3|49576|62033|20|06,3700,,1,0
DNCA|1|CBQ|Margaret Ekpo~3|49760|83472|64|03,2451,45,1,1,27,,-983,-491,61,,993,510,64
DNIB|1|IBA|Ibadan~1|73625|39783|221|05,2400,45,1,1,40,,-837,-697,221,,821,706,221
DNIM|1|QOW|Sam Mbakwe International Cargo~1|54271|72060|114|17,2700,45,1,0,167,,1196,-270,114,,-1187,274,114
DNJO|1|JOS|Yakubu Gowon~1|96398|88691|1290|10,3001,45,1,1,95,,126,-1363,1288,,-121,1360,1293
DNMK|1|MDI|Makurdi~1|77039|86139|113|05,2996,50,2,0,52,,-836,-1060,,,832,1068
DNMN|1|MXJ|Minna~1|96522|64623|254|05,3399,44,1,0,45,,-1066,-1096,222,,1094,1106,254
DNSU|1|QRW|Warri~1|55982|58187|74|06,2093,30,1,0
NG-0004|DNPM|PHG|Port Harcourt City Airport / Port Harcourt Air Force Base|48461|70214|17|04/26,2110,,1,1
#NG|S
DN50|||Shiroro~1|98847|68186|398|06,1271,15,1,0,61,,-287,-504,,,277,510
DN51|||Ajaokuta~1|74579|64608|189|06,1519,45,1,0,57,,-441,-544,,,308,610
DN55|DNEK||Eket~1|46428|79491|14|01,1300,21,1,0,10,,-642,-109,,,517,97
DN56|DNES||Escravos~1|56167|51885|3|13,1550,30,1,0,125,,1264,-185,,,461,962,,60
DNAN|1||Chinua Achebe~3|62672|68713|64
DNBB|1||Bebi~1|66215|93190|280|10,1700,23,1,0
DNBI|1||Bida~1|91029|60148|137|04,1189,20,1,0
DNFB|1||Finima Bonny~1|44048|71809||04,1701,30,1,0
DNFD|1||Forçados Terminal~1|53550|53490|3|02,965,18,1,0
NG-0024|||Bacita~6|90421|49188|149|12,900,,4,0
#ST|L
FPST|1|TMS|São Tomé~3|3782|67122|10|11,2220,45,1,0,103,,233,-978,12,61,-238,968,5,61
#ST|M
FPPR|1|PCP|Principe~1|16612|74111|180|18,1320,30,1,1,168,,752,-60,177,,-405,188,180
#TG|L
DXNG|1|LRL|Niamtougou~3|97667|10909|462|03,2500,45,2,1,21.8,,-987,-390,457,,1113,460,462
DXXX|1|LFW|Lomé–Tokoin~3|61656|12545|22|04,3001,45,1,1,39,,-1047,-881,19,,1074,810,19
#TG|S
DXAK|1||Akpaka~1|75830|11170|210
DXKP|1||Kolokope~1|78035|12960|180
DXSK|1||Sokodé~1|89943|11530|370
