#CD|M
FZEA|1|MDK|Mbandaka~1|226|82887|317|18,2202,45,1,1,173,,987,-110,319,,-987,120,311
FZFK|1|GMA|Gemena~1|32354|97713|420|11,1996,45,1,1,102,,191,-880,,,-197,870
#CD|S
FZEN|1|BSU|Basankusu~1|12248|97881|371|06,1480,,6,0
FZFA|1|LIE|Libenge~1|36266|86385|343
FZFJ|1||Goyongo~1|41768|98006|500
FZFQ|1||Mpaka~1|41061|92307|600
FZFT|1||Tandala~1|29782|93511|500
#CF|L
FEFF|1|BGF|Bangui M'Poko~3|43985|85188|368|16,2600,45,1,1,165,,1133,-290,368,,-1138,290,360
#CF|M
FEFT|1|BBT|Berbérati~1|42216|57864|588|17,1660,30,1,0,167,,749,-170,588,,-753,170,567
#CF|S
FEFC|1|CRF|Carnot~1|49370|58940|605
FEFO|1|BOP|Bouar~1|59580|56370|1024
FEFP|1||Paoua~1|72500|64330|621
FEFQ|1||Kaga-Bandoro~1|69830|91830|450
FEFS|1|BSN|Bossangoa~1|64920|74290|499
FEFU|1||Sibut~1|57330|90830|430
FEGC|1||Bocaranga~1|69170|56170|1056
FEGF|1|BTG|Batangafo~1|73141|83088|420
FEGG|1||Gamboula~1|41330|51500|610
FEGU|1|BCF|Bouca~1|65170|82670|467
FEGZ|1|BOZ|Bozoum~1|63442|63219|675
#CG|M
FCOU|1|OUE|Ouesso~1|16160|60379|353|01,2050,30,1,1,14,,-894,-230,353,,904,230,352
#CG|S
FCOI|1|ION|Impfondo~1|15900|80466|320
FCOS|1|SOE|Souanke~1|19983|41742|525
FCOT|1|BTB|Betou~1|30576|85144|356
#CM|L
FKKR|1|GOU|Garoua~3|93348|33721|242|09,3363,45,1,1,86,,10,-1730,211,,208,1330,240,115
FKYS|1|NSI|Yaoundé Nsimalen~3|37226|15533|694|01,3400,45,1,1,10,,-1519,-270,690,,1510,260,694
#CM|M
FKKM|1|FOM|Foumban Nkounja~1|56369|7508|1208|04,2100,45,1,1,38,,-749,-580,1208,,753,580,1208
FKKN|1|NGE|N'Gaoundéré~1|73570|35592|1114|02,2700,45,1,1,22,,-1101,-450,1112,150,1103,450,1100,40
FKKU|1|BFX|Bafoussam~1|55369|3546|1325|15,2500,45,1,1,147,,951,-620,1325,,-947,610,1325
FKKV|1|BPC|Bamenda~1|60392|1226|1239|17,2500,45,1,1,171,,1122,-170,,,-1114,180,,501
FKKY|1|YAO|Yaoundé Ville~1|38360|15235|751|03,1987,45,1,1,24,,-816,-370,740,,823,360,750
#CM|S
FKAB|1||Banyo~1|67750|18070|1110
FKKE|1||Eseka~1|36421|7909|225
FKKG|1|BLC|Bali~1|58953|339|1361
FKKI|1|OUR|Batouri~1|44750|43625|656|02,1900,,0,0,,,,,646,,,,650
FKKO|1|BTA|Bertoua~1|45486|37261|650
FKKS|1|DSC|Dschang~1|54500|670|1400
FKKW|1|EBW|Ebolowa~1|28760|11850|602
#GA|M
FOGO|1|OYE|Oyem~1|15431|15814|658|03,1800,30,1,0,25,,-738,-340,660,,740,330,660
FOOB|1|BMM|Bitam~1|20756|14932|600|13,1745,30,9,0,123,,432,-660,589,,-424,660,589
FOOK|1|MKU|Makokou~1|5792|28909|526|06,1796,45,1,0,58,,-425,-690,,,428,690
#GA|S
FOGV|1|MVX|Minvoul~1|21524|21080|600
FOOE|1|MKB|Mekambo~1|9767|39685|510
FOOM|1|MZC|Mitzic~1|7830|15500|583
#GQ|M
FGMY|1|GEM|President Obiang Nguema~3|16764|10249|660|18,3000,60,1,1,177,,1393,-77,658,,-1319,75,653
#GQ|S
MDV||MDV|Médouneu~1|10085|7552|640
#NG|M
DNYO|1|YOL|Yola~1|92576|24304|183|17,2999,45,1,1,171,,1345,-220,175,,-1329,230,183;13,1573,30,1,2,126.3,,1637,-410,,,796,740
#NG|S
DNJA|1||Jalingo~1|89020|12835|209
#TD|M
FTTD|1|MQQ|Moundou~1|86285|60742|429|04,1800,35,1,0,35,,-1079,-740,422,,260,190,429
#TD|S
FTTA|1|SRH|Sarh~1|91444|83744|365|04,1800,,0,0,,,,,364,,,,365
FTTH|1|LTC|Lai~1|93979|63125|357
FTTP|1|PLF|Pala~1|93781|49250|467
