#CO|H
SKTU|1|TRB|Gonzalo Mejía~1|80719|32599|2
#CO|L
SKBO|1|BOG|El Dorado~3|47016|58531|2548|14L,3800,45,1,1,127,,1179,-520,2546,,-890,2220,2546;14R,3800,45,1,1,127,,890,-2230,2545,,-1181,510,2547
SKCL|1|CLO|Alfonso Bonilla Aragon~3|35427|36181|964|02,3000,45,1,1,10,,-1280,-200,961,,1384,260,964
SKRG|1|MDE|Jose Maria Córdova~3|61645|45769|2120|01,3440,45,1,1,360,,-1523,8,2124,,1587,-12,2141
#CO|M
SKAP|1|API|Gomez Nino Apiay~d|40761|64373|368|10,2501,50,1,1,95,,99,-1120,378,,-104,1120,364
SKAR|1|AXM|El Eden~1|44528|42336|1216|02,2147,36,1,1,13,,-941,-230,1209,,936,210,1213
SKAS|1|PUU|Tres De Mayo~1|5052|34992|248|01,1625,40,1,0,8.6,,-723,-110,,,728,110,254
SKBC|1|ELB|Las Flores~1|90455|60251|34|10,1215,28,1,0,99.7,,97,-550,,,-89,550
SKBG|1|BGA|Palonegro~1|71265|68152|1188|17,2250,40,1,1,159,,956,-360,1189,,-956,370,1174
SKBS|1|BSC|José Celestino Mutis~1|62029|26053|24|18,1211,24,1,0,174,,545,-60,,,-541,60
SKBU|1|BUN|Gerardo Tobar López~1|38196|30102|15|09,1202,23,1,1,86,,-36,-540,12,,41,540,15
SKCC|1|CUC|Camilo Daza~3|79276|74885|334|16,2347,45,1,1,148,,1274,-810,335,,-518,330,313;03,1933,45,1,1,17,,-971,-300,319,,700,210,306
SKCO|1|TCO|La Florida~1|18144|12508|2|06,1600,27,1,0,54,,-423,-590,3,,427,580,3
SKCU|1|CAQ|Juan H White~1|79685|48015|53|01,1156,20,1,0,14,,-511,-120,,,504,130
SKCV|1|CVE|Coveñas~1|94009|43087|9|05,1340,30,1,0,50.2,,-387,-470,,53,392,470,,58
SKCZ|1|CZU|Las Brujas~1|93327|47144|161|02,1503,30,1,1,19.8,,-634,-230,,,642,230,,69
SKEB|1|EBG|El Bagre~1|75965|51911|55|18,1314,12,1,0,184,,591,40,,,-597,-50
SKEJ|1|EJA|Yariguíes~1|70243|61932|126|04,1800,45,1,1,31,,-695,-420,122,,701,420,124
SKFL|1|FLA|Gustavo Artunduaga Paredes~1|15892|44356|245|12,1500,30,1,1,116,,293,-610,243,,-295,610,245
SKGI|1|GIR|Santiago Vila~1|42762|52033|274|02,1600,28,1,1,12.4,,-704,-150,274,,712,160,285
SKGO|1|CRC|Santa Ana~1|47582|40443|908|01,2025,40,1,1,5,,-1008,-90,907,30,992,80,908,30
SKGP|1|GPI|Guapi~1|25701|21020|50|01,1297,20,1,1,18,,-554,-240,50,,561,120,50
SKIB|1|IBE|Perales~1|44216|48667|914|14,1800,30,1,1,131,,535,-610,928,,-533,610,905
SKIP|1|IPI|San Luis~1|8619|23282|2976|08,2500,36,1,1,79,,-264,-670,2967,,181,1532,2980;06,1760,28,1,3,61,,-382,-690,2964,,387,700,2976
SKLC|1|APO|Antonio Roldán Betancur~1|78120|32836|14|15,2180,30,1,0,149.5,,846,-500,12,,-854,500,14
SKMD|1|EOH|Enrique Olaya Herrera~1|62197|44094|1508|02,2500,38,1,1,16,,-1095,-200,1498,400,1147,220,1500,300
SKMG|1|MGN|Baracoa~1|92847|51539|54|11,1500,21,1,0,101.6,,140,-670,,,-133,670
SKMR|1|MTR|Los Garzones~1|88237|41742|12|14,2298,46,1,1,138,,646,-590,6,,-637,580,5
SKMU|1|MVP|Fabio Alberto Leon Bentley~1|12537|97661|207|02,1795,20,1,1,11,,-800,-160,160,,793,160,160
SKMZ|1|MZL|La Nubia~1|50296|45353|2094|10,1474,20,1,1,95,,53,-660,,,-54,660,,81
SKNV|1|NVA|Benito Salas~1|29502|47060|446|02,1792,40,1,1,14,,-790,-200,441,120,781,200,442
SKOC|1|OCV|Aguas Claras~1|83151|66417|1173|01,1200,30,1,0,6.4,,-546,-60,,,539,60
SKPE|1|PEI|Matecaña~3|48127|42605|1346|08,2020,45,1,1,73,,-280,-870,1323,,274,870,1347
SKPI|1|PTX|Pitalito~1|18578|39143|1284|06,1497,30,1,0,60,,-340,-590,,,334,580
SKPP|1|PPN|Guillermo León Valencia~1|24544|33907|1733|07,1910,30,1,1,70.8,,-278,-810,1717,,284,790,1733
SKPQ|1|PAL|German Olano~d|54836|53426|173|01,3044,50,1,1,3,,-1374,-60,173,,1376,70,173
SKPS|1|PSO|Antonio Nariño~1|13967|27091|1814|02,2312,40,1,1,16,,-1050,-340,1780,61,959,230,1780,52
SKPZ|1|PZA|Paz de Ariporo~1|58761|81133|274|04,1504,30,1,0,33.1,,-565,-360,,,574,380
SKQU|1|MQU|Mariquita~1|52126|51164|467|01,1800,50,1,0,2.8,,-817,-40,,,809,30
SKSJ|1|SJE|Jorge E. Gonzalez Torres~1|25797|73606|184|01,1493,20,1,0,5.3,,-674,-60,184,93,672,70,183
SKSV|1|SVI|Eduardo Falla Solano~1|21522|52337|280|14,1500,26,1,0,132,,445,-510,,,-450,500
SKTJ|||Tunja~1|55414|66555|2725|04,1108,20,1,0,34.3,,-413,-280,,,414,280
SKTM|1|TME|Gustavo Vargas~1|64511|82397|320|07,2000,30,1,1,59,,-467,-780,320,,463,790,320
SKTQ|1|TQS|Captain Ernesto Esguerra Cubides~d|7459|47660|178|07,1896,24,2,0,64,,-379,-770,178,,379,760,174
SKUC|1|AUC|Santiago Perez~1|70689|92631|128|11,2100,30,1,1,98,,123,-950,128,,-127,940,128
SKUI|1|UIB|El Caraño~1|56908|33588|62|13,1400,30,1,1,122,,335,-530,53,,-343,540,62,85
SKUL|1|ULQ|Heriberto Gíl Martínez~1|40884|37649|955|01,1065,30,1,1,11.4,,-476,-100,,65,468,90
SKVV|1|VVC|Vanguardia~1|41679|63862|425|05,1712,30,1,1,39,,-602,-480,425,,597,490,416
SKYP|1|EYP|El Alcaravan - Yopal~1|53191|76160|313|05,2575,30,1,1,45.1,,-822,-820,307,150,824,830,313,175
#CO|S
SK-005||ARO|Arboletes~1|88551|35773|4
SK-012||ULS|Mulatos~1|86402|32812|6
SK-020||SJR|San Juan De Uraba~1|87667|34667|3
SK-021||NPU|San Pedro~1|82893|36250|128
SK-045||PCC|Puerto Rico~1|19167|48333|299
SK-046||SQF|Solano~1|7020|47495|262
SK-059||CUI|Currillo~1|46667|80000|151
SK-109||MOY|Monterrey~1|49069|71052|457
SK-110||NUH|Nunchia~1|56500|78000|564
SK-115||EUO|Paratebueno~1|44013|68116|250
SK-116||PRE|Pore~1|57333|80167|297
SK-120||SQE|San Luis De Palenque~1|54002|82999|168
SK-129||TTM|Tablón De Tamara~1|57267|78994|489
SK-140||LMX|Lopez de Micay~1|28412|27628|34
SK-144||AYC|Ayacucho~1|86021|63871|126
SK-160||GRA|Gamarra~1|82020|62347|40
SK-195||PZR|Pizarro~1|49616|26361|2
SK-197||UNC|Unguía~1|80327|29082|37
SK-198||AYA|Ayapel~1|83000|48500|37
SK-207||SCA|Santa Catalina~1|85000|38250|85
SK-217||MND|Medina~1|44837|66553|401
SK-236||GCA|Guacamayas~1|22833|50500|457
SK-245||SRO|Santana Ramos~1|22167|47500|1834
SK-261||GAA|Guamal~1|91500|57667|20
SK-272||BAC|Barranca De Upia~1|45833|70333|204
SK-275||CJD|Candilejas~1|20667|54167|305
SK-277||CQT|Caquetania~1|20333|57833|274
SK-284||ELJ|El Recreo~1|20000|58667|274
SK-327||MSK|Morelia~1|37505|85439|185
SK-348||SOH|Solita~1|30167|82500|199
SK-365||MQR|Mosquera~1|26496|16639|15
SK-366||PYN|Payán~1|18000|18333|30
SK-367||ISD|Santa Bárbara~1|24458|20182|3
SK-392||AZT|Zapatoca~1|67673|67152|1944
SK-422||HRR|Herrera~1|32167|41500|1750
SK-434||PLA|Planadas~1|31971|43580|1198|01,675,18,1,0,13,,-291,-72,,,312,70
SK-442||SQB|Santa Ana~1|44083|49783|668
SK-467|||San Marino~1|43753|39260|928|17,1244,,1,0,166,,540,-140,,,-540,130
SK-471||ARF|Acaricuara~1|5333|98667|179
SK-518||GMC|Guerima~1|36300|96770|144
SK53|||Yaguarito~1|38800|66600|255|07,1280,15,1,0,65,,-86,-530,,,411,510
SKAD|1|ACD|Alcides Fernández~1|84978|27259|15
SKAG|1|HAY|Hacaritama~1|82470|64186|166|12,1200,45,1,0
SKAM|1|AFI|Amalfi~1|68950|49527|1679
SKAT|1|ARQ|El Troncal~1|70211|86111|156
SKCA|1|CPB|Capurganá~1|86322|26497|15
SKCD|1|COG|Mandinga~1|50720|33236|65|09,1213,22,1,0
SKCI|1|CCO|Carimagua~1|45642|86636|213
SKCM|1|CIM|Cimitarra~1|63675|60293|226
SKCN|1|RAV|Cravo Norte~1|63164|97886|104|04,1120,14,1,0,39.9,,-344,-260,,,432,390
SKCP|1|BHF|Cupica~1|66948|25064
SKCR|1|CUO|Carurú~1|10138|87027|250
SKEH|1|ECR|El Charco~1|24494|19058|8
SKGA|1|LGT|La Gaviota~1|45505|90746|180|06,1355,,6,0
SKGB|||Marco Fidel Suarez~d|34590|35034|965|06,1900,30,1,1,62,,-411,-760,,,408,750
SKGY|||Guaymaral~1|48123|59351|2557|11,1720,20,1,0,103,,178,-760,2584,,-172,750,2584
SKGZ|1||La Jagua~1|21464|43056|799
SKHA|1|CPL|General Navas Pardo~1|37243|45342|832
SKHC|1|HTZ|Hato Corozal~1|61533|82380|250
SKIG|1|IGO|Jaime Ortiz Betancourt~1|76776|33168|34
SKIM|1|LPE|La Primavera~1|54776|95788|119
SKIO|||Cicuco~1|92688|53477|20|06,1270,20,1,0,55.4,,-328,-480,,,324,470
SKJC|||Juanchaco~1|39340|26385|14|17,1220,,1,0
SKJU|1|JUO|Juradó~1|70718|22729|10
SKMA|||Major Justino Mariño Cuesto~d|47280|57244|2537|06,1850,24,1,0,58.8,,-452,-690,,,412,730
SKMB|1|TBD|Timbiqui~1|27786|23320|44
SKME|||Lieutenant Colonel Luis F. Pinto Parra~d|42164|53650|313|05R,1154,28,1,0,41,,-390,-350,,,398,340;05L,402,20,2,0,40,,-52,-200,,,226,30
SKMF|1|MFS|Miraflores~1|13500|80556|223
SKML|1|MTB|Montelibano~1|79717|45675|49|18,1085,25,1,0,174.2,,492,-50,49,46,-484,50,44,53
SKMP|1|MMP|San Bernardo~1|92583|55616|18|02,1240,15,1,0,15.6,,-496,-110,,,580,200
SKNA|1|LMC|La Macarena~1|21757|62133|241
SKNC|1|NCI|Necocli~1|84544|32207|6
SKNQ|1|NQU|Reyes Murillo~1|57103|27381|4|05,1200,,1,0
SKOE|1|ORC|Orocue~1|47904|86518|132
SKOT|1|OTU|Otu~1|70105|52846|628|16,946,15,1,0,159.7,,388,-160,,,-414,140
SKPA|1|RON|Juan Jose Rondon~1|57645|68946|2501|05,1640,30,1,0,37,,-589,-450,,,597,440
SKPL|1|PLT|Plato~1|98000|52167|21
SKPN|1|NAR|Puerto Nare~1|62100|54094|145|06,1009,11,1,0,71,,-149,-430,137,,153,430,145
SKPR|1|PBE|Puerto Berrio~1|64603|55895|136|18,1289,25,1,0,173,,583,-70,,,-574,70
SKRU|1|SNT|Las Cruces~1|73832|64946|134
SKSA|1|RVE|Los Colonizadores~1|69519|81428|207|16,1200,30,1,0,150,,150,-90,205,401,-1070,270,203
SKSI|||Santiago I~1|47321|76768|175|04,1198,23,1,0,32.9,,-450,-290,,,459,300
SKSL|1|SSL|Santa Rosalia~1|51309|91318|122
SKSO|1|SOX|Alberto Lleras Camargo~1|56773|70297|2486|04,1881,24,1,0,39.9,,-757,-550,,,539,550
SKSR||SRS|San Marcos~1|86900|48440|43
SKTA|1|TAU|Tauramena~1|50128|72576|446
SKTB|1|TIB|Tibú~1|86315|72696|59|09,1500,20,1,0,83.4,,-76,-680,59,,80,680,59
SKTD|1|TDA|Trinidad~1|54328|83375|198|05,1100,,0,0,,,,,198,,,,198
SKTI|||Tolemaida~d|42448|53501|493|04,2829,29,1,1,34.3,,-1046,-710,,,1046,710;04L,436,20,2,0,34.5,,952,380,,,1277,610
SKTL|1|TLU|Golfo de Morrosquillo~1|95095|44146|5|17,1350,,1,0
SKUB|1|URI|Uribe~1|32375|56528|2553|12,838,,1,0
SKUR|1|URR|Urrao~1|63288|38575|1856
SKVG|1|VGZ|Villa Garzón~1|9788|33944|380|16,1317,12,1,0,165.9,,574,-140,,,-581,150
SKVL|1|PYA|Velásquez~1|59390|55430|173|15,1682,15,1,0,150.4,,666,-370,147,,-657,380,173
SKYA|1|AYG|Yaguara~1|15442|60667|247
#EC|L
SETN|1|ESM|Carlos Concha Torres~3|9785|3734|10|18,2400,45,1,1,183,,1086,40,6,,-1082,-60,10
#EC|M
SETU|1|TUA|Lieutenant Colonel Luis A. Mantilla~3|8095|22919|2941|05,2460,30,1,0,55,,-642,-900,2940,,643,910,2924
#EC|S
SECC|||La Celeste Airport.|128|6322|198|17,729,19,1,0
SEER|||Palpailón|12216|11317|21|04,800,15,5,0
SEKK|||Km 192~1|1847|6088|380|17,933,20,1,0,179,,372,-80,,,-471,-70
SENL|1|LGQ|Nueva Loja~1|931|31325|299|05,2300,,0,0,,,,,299,,,,296
SEPT|1|PYO|Putumayo~1|1159|41498|223
SESL|||San Lorenzo~1|12648|12029|43|12,1200,20,1,0
#PA|L
MPTO|1|PTY|Tocumen~3|90714|6165|41|03R,3050,45,2,1,29.5,,-2383,-920,7,,16,450,11;03L,2682,61,1,1,31,,139,-380,17,,2222,870,41
#PA|M
MPEJ|1|ONX|Enrique Adolfo Jimenez~1|93566|1326|8|18,2700,45,2,1,182,,1618,46,7,,-827,-37,8
MPMG|1|PAC|Marcos A. Gelabert~3|89733|4444|9|01,1800,30,1,1,6,,-805,-70,5,135,813,70,9,165
#PA|S
CZJ||CZJ|Corazón de Jesús~1|94469|14243|2
GHE||GHE|Garachiné~1|80644|16327|13
IVI||IVI|Viveros Island~1|84693|9984|30
MP23|||Capt. Alex H. Bosquez~1|91663|4548|120|18,1191,50,1,0,178.8,,539,0,,,-542,20
MP24|||Captain Krish E. Persaud~1|85885|1103|43|18,1200,25,1,0,183.4,,537,30,,,-545,-40
MP26|||Punta Cocos~1|82249|10956|20|07,1219,46,1,0,77,,-126,-540,18,,116,550,20
MPHO|MPPA|BLB|Panamá Pacífico~3|89148|4004|16|18,2591,45,1,0,180,,1171,0,16,,-1172,0,5
MPI||MPI|Mamitupu~1|91851|20159|8
MPJE|1|JQE|Jaqué~1|75178|18428|9
MPOA|1|PUE|Puerto Obaldía~1|86688|25826|68|17,690,10,1,0
MPWN|1|NBL|Wannukandi~1|92735|18602|2
OGM||OGM|Ogobsucum~1|91383|20661|4
PA-0001||ACU|Achutupu~1|91885|20058|3
PA-0003||AIL|Ailigandí~1|92226|19764|17
PA-0004||CTE|Cartí~1|94529|10211|2
PA-0011||MPP|Mulatupo~1|89455|22665|5|14,525,7,0,0
PA-0013||PYC|Playón Chico~1|93069|17647|5|03,740,,2,0
PA-0017||NMG|San Miguel~1|84565|10658|21
PA-0018||TUW|Tubualá~1|89186|22908|6
PA-0022||PYV|Yaviza~1|81528|23130|23
PA-0032|MPCA||Caledonia~1|89020|23071|1|,410,8,0,0
PA-BFQ|MPPI|BFQ|Bahia Piña~1|75874|18201|4
PA-ELE||ELE|EL Real~1|81072|22745|20
PA-MRF|||Miraflores~1|83389|18681|10|15,701,,1,0
PA-OTD|MPRA|OTD|Raul Arias Espinoza~1|86288|9653|13|18,700,15,9,0,,,,,11,,,,11
PA-SAX||SAX|Sambú~1|80263|17904|10|12,600,,2,0
SIC||SIC|San José Island~1|82622|9220|46|13,1330,,2,0
TJC||TJC|Ticantiquí~1|94185|15104|5
UTU||UTU|Ustupu~1|91283|20663|3|16,450,137,2,0
#VE|M
SVBI|1|BNS|Barinas~1|86150|97858|187|13,1999,41,1,1,123,,516,-760,189,300,-465,760,183;03,1201,40,1,0,33,,-284,-1180,189,,619,-590,189,451
SVGD|1|GDO|Guasdualito~1|72108|92436|130|05,2070,30,1,0,56,,-496,-790,,,552,780,,884
SVLF|1|LFR|La Fria~1|82392|77290|93|01,2025,58,1,1,360,,-920,-10,88,,911,0,98
SVMD|1|MRD|Alberto Carnevalli~1|85821|88390|1526|06,1630,45,1,0,59,,-381,-650,,,355,570
SVPM|1|SCI|Paramillo~1|78014|77972|1010|02,1090,40,1,0,13,,-476,-107,1004,,482,108,1002
SVPT|1|PTM|Palmarito~1|75755|98256|106|05,1151,20,1,0,51.6,,-303,-400,,,344,420
SVSA|1|SVZ|Juan Vicente Gómez~3|78408|75601|400|17,1870,40,1,1,165.5,,821,-200,,,-815,230
SVSO|1|STD|Mayor Buenaventura Vivas~3|75654|79649|330|11,3045,45,1,1,110.4,,452,-1300,330,,-509,1290,287
SVSZ|1|STB|Miguel Urdaneta Fernández~1|89746|80567|10|18,2693,40,1,1,179,,1200,10,10,80,-1234,40,5
SVVG|1|VIG|Juan Pablo Pérez Alfonso~1|86241|83273|76|09,3245,44,1,1,81.9,,-206,-1470,73,,206,1450,81,496
SVVL|1|VLV|Dr. Antonio Nicolás Briceño~1|93405|94159|628|03,2070,45,1,1,27,,-865,-290,593,46,924,290,548
#VE|S
SV74|||Aricuaisa~1|95819|72120|50|07,2160,20,1,0,67,,-391,-910,,,385,900
SVBK|||Bocono~1|92663|97701|1581|04,1280,18,1,0,36.4,,-497,-400,,,454,310
SVCG|1|CUV|Casigua El Cubo~1|87581|74637|30|10,1052,21,1,0,92.8,,-148,-510,,,-194,450
SVEB|||El Guayabo del Zulia~1|86762|76644|24|09,1000,13,1,0,91.4,,3,-370,,,-19,540
SVEJ|SVQL||El Jabillal~1|94529|92265|108
SVEN|||Encontrados~1|90378|77520|20|05,1255,16,1,0,47.7,,-386,-420,,,379,430
SVFU|||La Fortuna~1|75833|85333|127|08,999,15,1,0,74,,-3260,-880,,,-3011,-10
SVGC|||La Gran China~1|97771|75132|42|03,1200,15,1,0,28.3,,-480,-260,,,475,260
SVHD|||Hacienda El Calvario~1|99000|74500|80|12,940,15,1,0,117.8,,-139,-420,,,-528,330
SVMN|1||Mene Grande~1|98060|91037|27
SVRX|||Hacienda Río Yaza~1|98435|74528|150|13,1169,17,1,0,122.8,,284,-450,,,-289,440
SVSB|1|SBB|Santa Bárbara de Barinas~1|78035|88343|180|12,1695,40,1,0,111,,282,-730,,,-276,704
