#BR|L
SBBV|1|BVB|Atlas Brasil Cantanhede~3|28462|93094|84|8,2700,45,1,0
#BR|S
BR-0537|||SAPAN~1|45742|92603|332|18,614,12,6,0
BR-0629|||Fazenda Paraíso~1|33136|96529|77|06,529,18,5,0
BR-0706|||Fazenda Estrela~1|33682|87803|113|12,800,20,5,0
BR-1889|||Cical Taxi Aéreo e Agro Pecuária~1|30431|90522|97|09,750,18,6,0
BR-2509|||Fazenda Depósito~1|41083|92667|111|11,850,40,4,0
BR-2652|||Homoxi~1|24994|62713|696|6,750,30,4,0
BR-2653|||Orinduque~1|47436|99615|578|6,800,20,6,0
BR-3099|||Novo Intento~1|27800|93833|86|4,1050,20,6,0
BR-3104|||Ouro Fino~1|29341|92755|86|7,790,22,1,0
BR-3131|||Fazenda São Marco~1|30528|95204|90|05/22,1500,60,4,0
BR-3185|||Estância Norteagro~1|26758|92214|85|2,1150,16,1,0
BR-3241|||Napoleão~1|39065|99729|38|11,800,13,4,0
SBYA|1||Iauaretê~1|6104|8200|142|6,1600,30,1,0
SD1J|||Fazenda São Joaquim~6|34821|88655|105|13,750,18,6,0
SD5E|||Fazenda Serra da Lua~1|26083|97878|109|08,799,18,5,0
SD6X|||Malboro~1|27019|91517|82|17/25,900,20,6,0
SDF9|||Aviação Agrícola Manain~1|29986|92775|87|02,800,18,5,0
SDJS|||Andorinha~1|47273|97583|224|13,820,20,6,0
SDKZ|||Caraparu 4~1|45579|95300|239|11,615,20,6,0
SDMG|||Haxiu~1|26754|62533|120|18,515,19,4,0
SDMM|||Lago Verde~1|45578|92139|330|02,514,12,6,0
SDPI|||Makukem~1|46878|97553|188|15,530,19,6,0,,,167,-171,,,-171,167
SDPX|||Nova Vitória~1|44989|90583|510|12,608,13,6,0
SDRM|||Olomai~6|39267|58153|173|13,426,17,4,0
SDRT|||Ponto Geral~1|46495|92151|714|08,870,20,6,0,,,-309,-644,,,20,69
SDSD|||Samã I~1|44118|90486|169|12,600,15,6,0
SDVF|||Santo Antônio do Pão~1|45897|98186|199|12,688,20,6,0,,,82,-299,,,-78,301
SDVP|||São Luiz Cotingo~1|43339|95064|60|07,635,20,4,0
SDWO|||Sauba~6|38621|74209|249|15,450,15,4,0
SDXA|||SAWI~6|42119|99955|110|05,527,13,6,0,,,-191,-130,,,199,141
SDXK|||Ticoça~1|44133|98833|148|11,450,15,6,0,,,21,-199,,,-14,206
SDYT|||Tucuxim~1|37639|60131|450|15,500,19,6,0,,,164,-158,,,-166,149
SDZC|||Uxiu~6|27081|73311|75|01,420,16,6,0,,,-193,13,,,184,-11
SDZN|||Warogarem~6|48049|97810|710|17,790,20,6,0
SDZO|||Waromada~6|45761|95563|710|01,505,18,6,0
SI7P|||Arroz Faccio~1|32593|96375|83|09,780,18,5,0
SID4|||Fazenda Boa Esperança~6|26505|85373|110|12,750,20,6,0
SIN6|||Rancho Tandera~6|24194|90725|91|10,700,18,6,0
SIP6|||Fazenda Flores~1|39094|85633|97|15,501,18,5,0
SIS8|||Fazenda Belo Horizonte~1|35769|85947|121|04,630,20,5,0
SIX7|||Professor Ferreirinha~6|27203|93320|82|11,600,18,6,0
SIZ0|||Fazenda Quincuncá~1|27287|93310|81|10,650,18,5,0
SIZ4|||São Matheus~1|20897|81753|157|16,800,18,5,0
SJ2W|||Fazenda Tucumã~6|31333|89583|125|02,900,18,6,0
SJ3M|||Condomínio Aeronáutico Monte Cristo~1|29373|92776|82|10,500,18,6,0
SJ4B|||Morada do Sol~6|26811|91094|82|12,700,18,6,0
SJ5A|||Lago Azul~6|27375|93223|72|08,500,18,6,0
SJ8Q|||Fazenda Brasília|32131|89053|131|06,700,18,5,0
SJH4|||Fazenda São José~1|17574|88351|59|05,1000,18,5,0
SJKL|||Canã~1|46204|99216|303|2,650,25,6,0
SJKM|||Canawapai~1|48122|99735|575|3,700,20,6,0
SJKN|||Caracanã~1|47006|97330|606|12,800,30,6,0
SJKO|||Cararuau~1|40629|98349|181|10,600,20,6,0
SJKP|||Caraparu~1|45427|95370|364|18,800,20,6,0
SJKQ|||Caramambataí (Mapae)~1|51291|94111|606|17,700,20,5,0
SJKS|||Catrimani I~1|23755|69910|333|11,700,30,4,0
SJKT|||Contão~1|41731|94530|116|9,700,20,6,0
SJKU|||Cumaipá~1|48151|95291|667|1,700,20,6,0
SJKV|||Cumanã I~1|44677|92228|484|10,800,25,6,0
SJKW|||Cumanã II~1|44256|91736|363|8,650,20,6,0
SJKZ|||Estevão~1|44448|95636|303|07,435,15,6,0,58,,-90,-150,,,115,190
SJLA|||Flechal~1|46666|97098|633|11,580,12,6,0,92,,13,-265,628,,-5,258,621
SJLC|||Hakoma~1|27222|64221|712|12,600,20,6,0,99,179,40,-260,715,,-40,275,713
SJLE|||Halikato-u~1|32240|67977|303|9,600,30,4,0
SJLK|||Lago Grande I~1|34428|96475|91|2,600,20,6,0
SJLL|||Maturucá~1|44608|98997|455|8,650,20,6,0
SJLM|||Leão de Ouro~1|41517|85722|91|12,600,20,6,0
SJLN|||Maloquinha~1|47269|94094|576|9,700,20,6,0
SJLO|||Manalaí~1|50842|96211|667|9,650,20,4,0
SJLP|||Manoá-Pium~1|29800|99047|106|1,600,20,6,0
SJLQ|||Maracanã~1|43650|99833|546|8,600,20,6,0
SJLT|||Milho~1|33856|95922|109|9,600,20,6,0
SJLU|||Missão Catrinami~1|17408|77136|121|8,750,30,1,0
SJLW|||Mudubim I~1|44217|95103|455|9,600,20,6,0
SJMD|||Paapiu Novo~1|27228|70497|212|17,600,30,4,0
SJME|||Mato Grosso~1|45706|90969|848|6,700,25,1,0
SJMF|||Pacu~1|41639|97778|303|9,600,20,6,0
SJMH|||Palimiú~1|33296|70288|273|1,700,30,4,0,,,-297,-7,,,219,11
SJMI|||Parafuri~6|32827|61502|606|8,600,30,4,0
SJMJ|||Pedra Branca~1|44558|97310|454|4,900,30,1,0
SJMK|||Pedra Preta~1|47113|95234|667|1,700,30,4,0
SJML|||Piolho~1|47024|92659|697|17,700,25,1,0
SJMM|||Pipi~1|49319|96808|788|3,650,25,6,0
SJMN|||Raposa~1|38096|99071|151|9,800,30,1,0
SJMO|||Santa Isabel~1|44691|91359|364|12,600,25,6,0
SJMP|||Santa Liberdade~6|42890|97406|576|9,650,20,6,0
SJMQ|||Santa Maria de Normândia~6|41739|98588|258|8,650,25,6,0
SJMT|||São Miguel Cachoeirinha~1|44903|90094|364|10,700,25,4,0
SJMU|||Sauparú~1|49897|95644|697|18,600,20,6,0
SJMV|||Serra do Sol~1|49425|95247|756|12,1200,30,6,0
SJMW|||Socó~1|44700|98231|515|9,600,25,6,0
SJMX|||Suapi~1|45753|91417|758|10,600,20,6,0
SJNB|||Ubaru~1|45017|91978|364|10,600,20,6,0
SJNC|||Uraricoera~1|31475|77696|242|7,600,30,4,0
SJNF|||Wilimon~1|46350|98239|530|2,550,20,6,0
SJNG|||Xidea~1|26113|61289|606|1,800,30,4,0
SJQK|||Barra do Vento~1|26956|91858|85|8,1000,18,6,0
SJS9|||Fazenda Cajueiro~6|29372|90061|88|09,1000,18,4,0
SJYE|||Água Fria~1|46206|97228|303|10,900,20,6,0
SJYF|||Ajarani~1|20078|85242|181|8,1000,25,1,0
SJYG|||Alto Mucajaí~1|27650|77786|72|9,600,25,4,0
SJYI|||Araí~1|44439|91528|457|9,700,25,6,0
SJYJ|||Aratha-Ú~1|31608|62186|72|8,650,30,4,0
SJYK|||Baixo Catrimani~1|10711|77817|52|17,800,30,4,0
SJYL|||Baixo Mucajaí~1|27369|79806|152|17,900,30,1,0
SJYM|||Bala~1|38372|93967|106|5,600,20,6,0
SJYO|||Bananal~1|46328|94144|272|16,700,25,6,0
SJYP|||Bananeira~1|43211|98061|272|9,800,20,6,0
SJYQ|||Barreirinha~1|43304|97122|364|09,800,25,6,0,,,-50,-124,,,137,573
SJYR|||Caju~1|47094|94891|242|12,600,20,4,0
SJYS|||Camará~6|39907|98180|181|8,600,20,6,0
SJYT|||Campo Formoso~1|47179|92290|364|18,1000,30,6,0
SJYU|||Campo Grande~6|46856|91997|364|8,1000,30,6,0
SNA2|||Sítio AJJ~6|29709|94490|80|11,700,18,6,0
SNA3|||Lago do Robertinho~1|29464|90884|85|09,700,18,6,0
SS6J|||Recanto dos Guimarães~6|1835|92034|50|02,1000,25,6,0
SWAE|||Uaicas~1|35519|68306|330|2,800,30,4,0
SWAK|||Assunção do Içana~1|10617|23964|150|06,950,30,9,0
SWAO|||Anamoim~1|17859|25939|102|14,1000,23,1,0
SWAZ|||Santo Atanázio~1|4708|6454|120|17,900,30,5,0
SWBV|||Auaris~1|40035|55064|759|13,1140,23,1,0
SWEO|||Itapara Sport Fishing~1|2097|84500|80|13,700,18,6,0
SWEU|||Ecotur Univini Park~1|7976|83370|81|3,700,18,6,0
SWKU|||Cucuí~1|11195|31586|84|17,1200,30,1,0
SWMK|||Maturacá~1|6283|38849|100|7,1200,30,1,0,,,-212,-477,,,183,463
SWMU|||Surumu~1|43164|92994|500|12,1000,15,1,0
SWMV|||Paa-Piu~1|27269|70494|300|14,850,25,6,0
SWPC|||Parí Cachoeira~1|2656|2060|115|13,1200,30,5,0
SWPD|||Pouso da Águia~1|27874|94045|86|6,750,18,1,0
SWQE|||Querari~1|10878|1620|166|18,970,30,1,0
SWQI|||Caracaraí~1|18439|88782|56|4,2500,80,6,0
SWSQ|||São Joaquim~1|17002|6103|165|10,1200,30,1,0
SWTH|||Fazenda Smith~1|29185|94893|80|11,900,13,5,0
SWTR|||Taraquá~1|1213|14515|75|2,1000,30,6,0
SWUK|||Uapuí Cachoeira~1|11994|7882|76|18,900,30,1,0
SWUQ|||Surucucu~1|28353|63530|870|12,1080,30,1,0
#CO|M
SKPC|1|PCR|German Olano~1|61847|25068|54|07,1800,21,1,1,60,,-401,-700,55,,403,710,55
SKPD|1|PDA|Obando Cesar Gaviria Trujillo~1|38535|20938|140|17,1801,26,1,0,168.7,,801,-160,140,,-796,160,140
SKUA|||Marandúa~d|55245|13144|87|03,2472,30,6,1,24,,-659,410,,,1378,1310;07,2067,44,1,1,63.4,,-419,-830,85,,416,830,86
#CO|S
SK-223||NAD|Macanal~1|28090|23783|100
SK-481||MFB|Monfort~1|6333|2500|192
SK-482||MHF|Morichal~1|17500|833|168
SK-510||VAB|Yavarate~1|6118|7926|106
SK-511||CSR|Casuarito~1|58333|18667|75
SKBM|1|NBB|Barranco Minas~1|34907|1918|131
#GY|S
SYBR|1|BMJ|Baramita~1|73711|95107|100
SYIB|1|IMB|Imbaimadai~1|57081|97058|502
SYKM|1|KAR|Kamarang~1|58653|93858|488
SYMR|1|MWJ|Matthews Ridge~1|74877|98148|99
SYOR|1|ORJ|Orinduik~1|47253|99650|548
SYPL||PIQ|Pipillipai~1|53567|96190|503
SYPR|1|PRR|Paruima~1|58172|89445|538
#VE|H
VE-0006|SVKR||Aeroservicios Ranger HLS|73006|84986|160
VE-0245|SVKD||Fuerte Escamoto HLS|45484|88704|900
#VE|L
SVPR|1|PZO|General Manuel Carlos Piar~3|82885|72396|144|07,2050,45,1,1,64,,-400,-830,144,,406,840,144
#VE|M
SVAC|1|AGV|Oswaldo Guevara Mujica~1|95534|7621|195|11,1826,40,1,1,105,,218,-770,223,,-214,840,226;05,750,23,1,0,42,,-738,-340,,,-237,120
SVAN|1|AAO|Anaco~1|94302|55293|220|09,1260,40,1,0,90.4,,7,-570,,57,-2,530
SVCB|1|CBL|General Tomas de Heres~1|81222|64630|60|07,1685,45,1,1,56,,-457,-680,,81,395,590,,108;12,1404,41,1,2,116,,179,-410,,180,-357,720
SVCD|1|CXA|Caicara del Orinoco~1|76255|38372|43|11,1500,30,1,0,101.6,,194,-880,,,-79,460
SVCL|1|CLZ|Calabozo~1|89247|25829|100|09,1460,35,1,0,83.5,,-78,-660,,,69,660
SVCN|1|CAJ|Canaima~1|62320|71452|442|01,2155,30,1,0,353.7,,-970,140,,,967,-70
SVED|1|EOR|El Dorado~1|67157|83612|97|08,1219,38,1,0,87.5,,-50,-590,,,-3,510
SVEZ|1|EOZ|Elorza~1|70597|5033|90|07,1200,30,1,0,76.5,,-124,-520,,,128,530
SVGU|1|GUQ|Guanare~1|90269|2448|185|05,1800,40,1,1,44.8,,-568,-570,,,577,580,,350
SVJM|1||San Juan de Los Morros~1|99070|26204|428|06,1521,23,1,0,48.8,,-458,-530,,,448,520
SVMT|1|MUN|José Tadeo Monagas~3|97490|68467|68|06,2100,45,1,1,49,,-618,-720,65,209,632,700,59
SVPA|1|PYH|Cacique Aramare~1|56200|23939|75|04,2521,43,1,1,30,,-983,-580,75,,981,580,74
SVSE|1|SNV|Santa Elena de Uairén~1|45547|88548|896|11,1660,30,1,0,102,,159,-700,,,-154,760
SVSR|1|SFD|San Fernando de Apure Las Flecheras National~1|78833|25560|47|11,1957,49,1,0,108,,269,-850,48,,-265,840,48
SVST|1|SOM|San Tomé~1|89451|58489|262|08,1920,45,1,1,68.3,,-317,-810,,,327,820;18,544,27,1,2,171.4,,932,300,,,446,380
SVTC|1|TUV|Tucupita~1|90890|79058|5|07,1680,40,1,0,65,,-322,-690,,,321,700
SVTM|1|TMO|Tumeremo~1|72494|84711|105|08,2976,38,1,0,68,,-506,-1250,,,503,1250
SVVP|1|VDP|Valle de La Pascua~1|92220|40064|125|08,1500,50,1,0,72.5,,-206,-660,,,208,660
#VE|S
SV02|||San Diego De Cabrutica~1|84044|49845|150|07,1489,23,1,0,56.5,,-369,-570,,,375,560
SV73|||Uverito~1|86703|73746|91|11,994,14,1,0,92.9,,25,-450,,,-21,460
SVAJ|||Mata de Juajua~1|88189|41133|120|11,1347,14,1,0,99.7,,81,-600,,,-124,600
SVAS||LPJ|Armando Schwarck~1|65775|31834|81|05,1400,22,1,0,47.2,,-450,-490,,,403,430
SVAT|1||San Fernando de Atabapo~1|40517|22989|92
SVCE|SVUR||Cuenca de Unare~1|93503|47193|62|12,1021,15,1,0,108,,144,-440,,,-143,450
SVCJ|||San Carlos~1|96477|14253|156|15,2004,30,1,0,141.5,,711,-560,,299,-707,570
SVCT|SVJT||Caujarito~1|68833|16167|110
SVCZ|||Captain Manuel Ríos~d|93727|30772|181|08,3000,59,1,1,78.2,,-336,-1350,,,230,1320
SVDP|1||Hato Divina Pastora~6|46885|89407|854|15,1320,12,6,0
SVDS|1||CODSA~6|47809|88744|869|06/25,860,60,4,0
SVDW|SVPI||Ciudad Piar~1|74930|67308|268|07,1589,40,1,0,74,,-226,-790,,,177,590
SVDZ|SVPP|PPZ|Puerto Paez~1|62201|25525|45|04R,2300,,6,0;04L,1605,,4,0
SVEL|SVLL||El Callao~1|73334|81701|240
SVET|||El Manteco~1|73495|74686|305|10,1200,30,1,0,90.4,,96,-650,,,89,440
SVIC|1|ICA|Ikabaru~1|43381|82613|500|11,1200,20,6,0
SVKA|1|KAV|Kavanayen~1|55931|82367|1189
SVKM|1|KTV|Kamarata~1|57171|76627|539
SVLM|||Las Flores~1|94979|70987|36|07,1248,11,1,0,55,,-443,-456,,,201,462
SVMZ|||Mantecal~1|75576|8584|90|08,1190,18,1,0,59,,-257,-430,,,290,461
SVNB|SVMA||Maripa~1|74545|48238|61
SVNX|||Morichal~1|88281|69050|83|08,1500,30,1,0,73,,-190,-650,,,200,650
SVOE|SVSN||Sabaneta~1|87443|862|162|08,1120,22,1,0,76.3,,-137,-500,,,104,490
SVOF|SVSM||Santa Bárbara de Monagas~1|97023|63746|245|10,1100,18,1,0,90.6,,1,-500,,,-9,510
SVOK|||Oritupano~1|90613|65549|148|08,1064,18,1,0,84.9,,-24,-440,,,61,520
SVPE|1|PDZ|Pedernales~1|99787|77687|8|09,1274,24,1,0,72,,-176,-550,,82,179,560,,53
SVPF|SVPG||Pariaguán~1|88190|52605|240|10,1047,18,1,0,91,,16,-490,,,7,460
SVPH|SVPX|PPH|Paraitepuy~6|46004|85018|1028|10,930,,4,0;09,915,20,4,0,134
SVPI|||El Pauji~6|44690|84107|871|06,1180,18,6,0
SVPP|SVLP||Luepa~1|57916|85593|1295|09,1853,30,1,0,74.9,,-277,-810,,,160,800
SVPU|SVGA||La Paragua~1|68351|66505|243
SVQL|SVTO||Tocomita~1|77578|69177|180|10,1800,25,1,0,104,,191,-800,,,-199,790
SVQU|||Santa Rosa de Guanare~1|87496|2775|131|09,1134,12,1,0,95,,-2,-480,,,-92,540
SVRD|1||El Remanso del Cinaruco Pedroc~1|65679|25758|55
SVRN|SVQT||El Terrón~1|93833|67333|115
SVSN|||Los Siete Samanes~1|88753|31601|120|09,1466,22,1,0,78.9,,-133,-650,,,122,660
SVTE|SVAB||Antabare~1|64848|71061|367
SVTK|||La Trinidad de Orichuna~1|71081|2108|100|07,1474,20,1,0,63.9,,-268,-590,,,318,610
SVTL|SVLC||La Centella~1|69417|41083|256
SVTV|SVTN||Turen~1|92703|8867|159
SVTY|||Toromacho~1|91308|36088|45|9,700,,0,1
SVUA|SVMY||Mayupa~1|62501|72150|510
SVUM|1|URM|Uriman~1|53581|73284|350
SVUP|1||Upata~1|79792|76710|322|12,1111,30,1,0,117.1,,220,-430,,,-239,470
SVUQ|1|WOK|Uon Quen~1|49840|82699|860
SVUY|1||Uruyen~1|56804|75423|450
SVWQ|||El Pardillero~1|85983|2392|610|16,1093,12,1,0,158.2,,459,-100,,,-459,270
SVWX|1||El Recreo~1|90408|23970|120
SVXU|1||La Guacamaya~1|85771|9067|87
VE-0091|||Hato San Leonardo~1|69900|17383|156|SW/NE,1250,,0,0
VE-0107|SVLE||La Esmeralda~1|31722|44592|114
VE-0207||SFX|Macagua~1|82788|73348|70
VE-0208||SVV|San Salvador de Paul~1|70000|80000|176
VE-0210|||La Culata~1|92843|16090|90|16,1166,14,6,0,,,457,-379,,,-326,300
VE-0222||ELX|El Tigre~1|88335|57917|255
VE-0234|SVQS||Hato Santa Rita~9|75758|29855|40
VE-0258|||Colgransa~6|45906|88172|918|09,538,10,4,0
VE-0259|||Las Agallas~6|45702|84796|898|08,1590,38,6,0
VE-0261|||Mina La Frasca~6|45792|85659|900|13,401,30,4,0
VE-0262|||Campamento Nawahitón Runway|48720|87327|994|12,661,9,6,0
VE-0263|||Yuruaní~6|50149|88414|846|10,1400,25,4,0
VE-0264|||Apoipó~6|47570|85141|857|09,545,10,4,0
VE-0265|||Pampatá~6|48094|83785|825|07,425,7,2,0
VE-0266|||Parkupik~6|43492|78110|420|07,687,8,6,0
VE-0267|||Balamito~6|41809|78871|513|09,477,9,4,0
VE-0268|||Taramical~6|41776|79291|540|08,411,7,4,0
