#ID|L
WIMM|1|KNO|Kualanamu~3|36378|88706|7|05,3750,60,3,1,,,-1190,-1200,6,,1204,1186,6
WITT|1|BTJ|Sultan Iskandar Muda~3|55251|54200|20|17,3000,45,1,1,168.3,,947,-190,17,,-1262,270,20
#ID|M
WIMB|1|GNS|Binaka~1|11663|77052|6|09,1355,30,1,0,92.3,,32,-660,,,-16,560
WIME|1|AEG|Aek Godang~1|14001|94305|281|11,1396,23,1,0,113,,245,-580,,,-245,570
WIMK|1|MES|Soewondo Air Force Base|35584|86723|35|05,2900,45,1,1,46.7,,-933,-1010,27,277,864,890,26
WIMS|1|FLZ|Dr. Ferdinand Lumban Tobing~1|15571|88871|10|12,1724,30,1,1,124.2,,321,-460,,,-553,820
WIMU|1|LSR|Alas Leuser~1|33915|78637|128|15,1633,30,1,1,146,,555,-380,126,100,-560,400,123,33
WITC|1|MEQ|Cut Nyak Dhien~1|40410|62533|3
WITK|1|TXE|Rembele~1|47211|68519|1417|09,1170,30,1,0,89.8,,-24,-590,,,-20,460
WITL|1|LSX|Lhok Sukon~1|50695|72592|9|16,1120,21,1,1,154.7,,459,-220,,200,-457,210,,64
#ID|S
ID-0039|||Calang~6|46123|56235|10|13,800,23,5,0
ID-0139|WIMI|FSH|Syekh Hamzah Fansyuri~1|22696|79679|5|12,900,23,3,0
ID-0214||GYO|Blangkejeren~1|39455|73597
ID-0284|WIEP||Pusako Anak Nagariu~1|767|97838|23
ID-0383|||Langsa~6|45298|80238|3|05,800,23,1,0,50
KJX|WITO|KJX|Kuala Batu~1|37357|67901|1
WIMA|1|LSW|Malikus Saleh~1|52267|69503|27|06,1850,30,1,1,62,,-394,-730,,,390,740
WIMF|1|JHN|Jenderal Besar Abdul Haris Nasution~1|9440|95341|320
WIMN|1|DTB|Silangit~1|22597|89919|1433|09,2400,30,1,0,93,,38,-1330,1443,229,-31,710,1411
WIMP|1|SIW|Sibisa~1|26020|89624|1291
WITA||TPK|Teuku Cut Ali~1|31690|72883|5|14,1271,23,1,0
WITG|WIML|LKI|Lasikin~1|24113|63277|6
WITN|1|SBG|Maimun Saleh~1|58747|53397|120|10,1844,30,1,1,97.4,,51,-830,,,-165,820
#IN|M
VO94|||Campbell Bay Airport / INS Baaz|70130|39228|5|05,1050,30,1,0,47,,-322,-340,,,331,350
VOCX|1|CBD|Car Nicobar Air Force Base|91531|28193|2|02,2717,43,2,1,20,,-1204,-400,,,1085,460
#MY|L
WMKL|1|LGK|Langkawi~3|63297|97287|9|03,3810,45,1,1,34,,-1419,-980,6,610,1424,970,9
#TH|L
VTSG|1|KBV|Krabi~3|80956|89890|25|14,3000,45,1,1,140.6,,1087,-890,25,,-384,320,23
VTSP|1|HKT|Phuket~3|81133|83174|25|09,3100,45,1,1,85,,-131,-1410,6,50,121,1302,25,50
#TH|M
VTSB|1|URT|Surat Thani~1|91326|91356|6|04,3000,45,1,1,44.2,,-977,-960,6,,977,950,5
VTSF|1|NST|Nakhon Si Thammarat~1|85396|99447|4|01,2100,45,1,1,6,,-946,-100,4,,949,100,4
VTSN|1||Cha Eian~1|84712|99556|13|18,2300,45,1,0,173,,1029,-120,,,-1044,130
VTSR|1|UNN|Ranong~1|97776|85855|17|02,2000,45,2,1,24,,-826,-370,11,,830,370,17
VTST|1|TST|Trang~1|75087|96166|20|08,2100,45,1,1,80.9,,-146,-940,20,,155,940,16
#TH|S
VTSW|||Phuket~j|80187|84029|6|13,500,18,4,0
