#BN|L
WBSB|1|BWN|Brunei~3|49442|49280|22|03,3658,46,1,1,31.1,,-1419,-800,6,,1419,900,22
#BN|S
WBAK|1|KUB|Anduki~1|46352|43787|2
#ID|M
ID-0341|||Susilo~1|639|14736|30|08,1297,30,1,0,81.8,,-111,-560,31,,55,540,31
WALR|WAQQ|TRK|Juwata International Airport / Suharnoko Harbani AFB|33251|75642|7|06,2250,45,1,1,56,,-529,-820,7,,542,880,7
WAQT|1|BEJ|Kalimarau~1|21478|74307|18|01,1410,23,1,0,13.8,,151,30,,,1389,330,,189
WIOP|1|PSU|Pangsuma~1|8346|29402|91|10,1004,23,1,0,106,,226,-720,,,-31,80
#ID|S
ID-0032|||Binuang~6|37147|58517|815|06,488,30,4,0
ID-0042|||Datah Dian~6|20070|51516|549|15,420,18,4,0
ID-0055|WIAM||Gilgal~6|4580|10707|33|16,429,23,4,0
ID-0077|||Kelansam~6|1228|14197|29|06,521,30,4,0
ID-0079|||Kerapak~6|939|19083|48|13,459,23,4,0
ID-0092|||Lokok~6|10216|507|565|14,411,17,4,0
ID-0094|WAQH||Long Rungan~1|35989|58408|878|03,400,25,4,0
ID-0095|WAOE||Long Segar~6|7981|68157|37|14,450,18,4,0
ID-0097|||Lumbis~6|43038|62175|175|04,486,20,4,0
ID-0102|WIFA||Nanga Labang~6|2280|16508|25
ID-0104|||Nanga Merakai~6|7024|15225|34|14,524,24,4,0
ID-0105|WIFD||Nanga Nyabu~6|10134|27136|45|01,483,29,4,0
ID-0106|WIFH||Nanga Ruan~6|6281|31753|85|12,510,25,4,0
ID-0410|WAGU||Byan~1|5498|61015|69|09,1800,30,1,0
ID-NAF||NAF|Banaina~1|27231|71260|18
WALG|WAGD|TJS|Tanjung Harapan~1|28381|73746|6|03,1150,23,1,0,29,,-646,-360,,,307,140
WALJ|1|DTD|Datadawai~1|8070|45291|155|02,750,18,1,0
WALV|WAQB||Bunyu~1|34557|78670|36|04,1000,30,1,1,38.1,,-353,-200,,,358,300
WALX|WAQK||Mangkajang~1|20072|77490|14|07,1734,44,2,1,69.4,,-245,-700,14,,307,700,14,45
WAQC|1|RTU|Maratua~1|21976|85994|13
WAQM|1|LNU|Robert Atty Bessing|35753|66198|8
WAQP|1||Long Pala~6|40439|61289|454
WIAC|1||Balai Sepuak~6|4502|12170|16
WRLA|WALA|SGQ|Sangkimah~1|3844|75428|18|02,788,23,1,0
WRLB|WAQJ|LBW|Yuvai Semaring~1|39005|56901|774|04,900,23,1,0
WRLC|WALC|BXT|LNG Badak~1|1217|74766|15|04,1021,23,1,1,39.3,,-320,-260,19,59,310,240,13,61
WRLF|WAQA|NNX|Nunukan~1|41340|76695|18|13,1100,23,1,0
WRLJ|||Tanjung Bara~1|5605|76444|15|04,726,17,1,0,37,,-290,-230,,73,290,200,,73;H,18,18,0,0,,,-163,-235
WRLN|||Long Mawang~1|17992|49043|602|18,440,15,4,0
WRLP|WAQL|LPU|Long Apung~1|17069|49699|743|17,799,23,1,0
WRLW|WALW||Muara Wahau~1|11932|69559|62|10,700,20,9,0
#MY|L
WBGG|1|KCH|Kuching~3|14874|3529|27|07,3780,46,1,1,68,,-639,-1599,27,,616,1560,23,98
WBKK|1|BKI|Kota Kinabalu~3|59327|60493|3|02,3780,45,1,1,23,,-1455,-615,3,488,1693,714,3,61
#MY|M
WBGB|1|BTU|Bintulu~1|31239|30200|23|17,2745,45,1,1,167.8,,1205,-200,10,,-1217,300,23
WBGJ|1|LMN|Limbang~1|48083|50100|4|04,1500,30,1,1,36.8,,-544,-400,4,,544,400,4
WBGK|1|MKM|Mukah~1|28819|20433|6|15,1500,30,1,0
WBGM|1|MUR|Marudi~1|41787|43303|31|10,998,25,1,0,103,,-16,-1230,,,-224,-430,,213
WBGR|1|MYY|Miri~1|43220|39870|18|02,2745,60,1,1,25,,-1117,-500,18,,1131,500,18
WBGS|1|SBW|Sibu~1|22616|19850|37|13,2754,45,1,1,130.3,,805,-900,28,,-804,1000,35
WBGZ|1|BBN|Bario~1|37346|54785|1021|11,670,,0,0
WBKD|1|LDU|Lahad Datu~1|50324|83238|14|11,1371,30,1,1,115.8,,256,-580,14,,-286,620,14
WBKL|1|LBU|Labuan~1|53017|52483|31|14,2745,45,1,1,146,,1097,-630,30,,-952,768,30
WBKS|1|SDK|Sandakan~1|59009|80590|14|08,2500,45,1,1,81,,-158,-900,12,,157,1000,6
WBKW|1|TWU|Tawau~1|43134|81215|17|06,2682,47,1,1,58.2,,-644,-950,17,,638,1050,12
WBMU|1|MZV|Mulu~1|40483|48050|24|03,1500,30,1,1,35,,-555,-400,27,50,562,400,30
#MY|S
LAC||LAC|Layang-Layang~1|73716|38440|2|06,1366,,0,0
MY-LBP||LBP|Long Banga~1|32021|54018|229
MY-SPT||SPT|Sipitang~1|50833|55500|13
WBGC|1|BLG|Belaga~1|26521|37670|61
WBGD|1|LSM|Long Semado~1|42170|56000|655
WBGF|1|LGL|Long Lellang~1|34210|51540|427
WBGI|1|ODN|Long Seridan~1|39761|50673|185
WBGL|1|LKH|Long Akah~1|33109|47856|88
WBGP|1|KPI|Kapit~1|20105|29315|20|16,427,,1,0
WBGQ|1|BKM|Bakalalan~1|39740|56180|884
WBGU|1|LSU|Long Sukang~1|45522|54940|366
WBGW|1|LWY|Lawas~1|48492|54080|2|01,686,18,0,0
WBKA|1|SMM|Semporna~1|44546|85950|18
WBKE|1|TEL|Telupid~1|56286|71260|105
WBKG|1|KGU|Keningau~1|53555|61649|316
WBKH|1|SXS|Sahabat [Sahabat 16]~1|50878|90940|12
WBKM|1|TMG|Tomanggong~1|54026|86576|8|11,670,,5,0
WBKN|1|GSA|Long Pasia~1|44098|57245|968
WBKO|1|SPE|Sepulot~1|47330|64670|244
WBKP|1|PAY|Pamol~1|59966|74048|11
WBKR|1|RNU|Ranau~1|59578|66802|549
WBKT|1|KUD|Kudat~1|69241|68371|3
WBTM|1|TGC|Tanjung Manis~1|21778|12020|5|05,1497,30,1,0,48.5,,-444,-500,,,452,500
#PH|L
RPVP|1|PPS|Puerto Princesa International Airport / PAF Antonio Bautista~d|97420|87591|22|09,2600,45,2,1,92.5,,63,-1210,22,,-39,1190,8
#PH|M
RPMN|1|TWT|Sanga Sanga~1|50482|97433|5|02,1860,30,1,0,18,,-784,-230,0,,543,170,5
#PH|S
PH-0502||TGB|Tagbita~6|87149|73526
RPMU|1|CDY|Cagayan de Sulu~1|70140|84960
#VN|S
VN-0005|||Đảo Trường Sa (Spratly Island)~1|86445|19203||04,600,,0,0
