#ID|L
WIDD|1|BTH|Hang Nadim~3|11210|41190|38|04,4029,45,1,1,42,,-1355,-1200,38,,1361,1200,21
#ID|M
WIBB|1|PKU|Sultan Syarif Kasim II International Airport / Roesmin Nurjadin AFB|4586|14443|31|18,2243,30,1,1,182,,1228,70,27,,-791,-30,27
WIBD|1|DUM|Pinang Kampai~1|16090|14335|17|03,1800,30,1,1,29.8,,-687,-350,,,726,450
WIDN|1|TNJ|Raja Haji Fisabilillah~3|9240|45334|16|04,2249,30,1,1,43.2,,-742,-640,11,,479,460,17,450
WION|WIDO|NTX|Ranai~1|39087|83880|2|18,2563,32,1,1,182.2,,1160,0,,,-1157,-100
#ID|S
ID-0028|WIAF||Bentiang~6|9196|99155|728|04,451,25,4,0
ID-0136|||Serukam|7970|93317|58|09,428,25,4,0,104
ID-0179|WIOQ||Anik~6|5375|97421|42
ID-0290|WIOD|SKJ|Singkawang~1|7899|89604|17
WIBL|1||Sultan Syarif Haroen Setia Negara~1|4993|19234|13
WIBS|1|SEQ|Sungai Pakning Bengkalis~1|13700|21400|1|18,800,30,1,0
WIBT||TJB|Raja Haji Abdullah~1|10529|33915|5|09,1700,30,1,0
WIDB||TBX|Tambelan~1|9799|75647|6
WIDE|WIBG|PPR|Tuanku Tambusai~1|8454|3702|46|18,1292,30,1,0,181.1,,597,-20,,,-572,-20
WIDL|1|LMU|Letung~1|29645|57548|10
WIDM||MWK|Matak~1|33481|62580|3|18,1190,30,1,1,180.2,,540,0,,,-536,0
WIOH|1||Liku~1|17375|93240|8
WIOI|||Singkawang~1|10757|96880|84|01,900,23,9,0
#MY|L
WMKI|1|IPH|Sultan Azlan Shah~1|45673|10916|40|04,1798,37,1,1,41.4,,-543,-460,40,,677,640,31
WMKJ|1|JHB|Senai~3|16413|36700|41|16,3800,46,1,1,160,,1418,-600,41,,-1417,500,37
WMKK|1|KUL|Kuala Lumpur~3|27456|17100|21|14L,4124,60,1,1,146,,3268,-800,17,,179,1200,21,105;14R,4050,60,1,1,146,,-209,-1200,16,56,-3247,800,15;15,3960,60,1,1,146,,-743,-3250,8,,-3710,-1267,8
WMKP|1|PEN|Penang~3|52963|2762|3|04,3352,46,1,1,42.2,,-1040,-920,3,,1208,1080,3
WMSA|1|SZB|Sultan Abdul Aziz Shah~3|31306|15490|27|15,3780,45,1,1,149.7,,1473,-800,21,,-1477,900,27
#MY|M
WMAP|||Kluang~1|20414|33070|46|05,1250,37,6,0,49,,-373,-400,,,372,500
WMBT|1|TOD|Tioman~1|28182|41600|5|02,992,30,1,0,26,,-404,-200,4,,400,200,4
WMKA|1|AOR|Sultan Abdul Halim~1|61897|3980|5|04,2745,46,1,1,42.5,,-918,-800,4,,911,900,5
WMKB|1|BWH|RMAF Butterworth~d|54659|3910|3|18,2438,46,1,1,184,,1102,100,2,,-1098,0,2
WMKC|1|KBR|Sultan Ismail Petra~1|61669|22930|5|10,2400,45,1,1,100,,157,-900,5,152,-166,900,4,61
WMKD|1|KUA|Kuantan~1|37754|32090|18|18,2804,46,1,1,183,,1292,100,17,,-1240,-100,18
WMKE|1|KTE|Kerteh~1|45372|34270|5|16,1355,30,1,1,163,,587,-200,5,,-582,200,5
WMKM|1|MKZ|Malacca~3|22656|22528|11|03,2135,45,1,1,30.1,,,,5,,,,11
WMKN|1|TGG|Sultan Mahmud~1|53826|31030|6|04,3480,46,1,1,45,,-641,-600,6,,648,700,6
#MY|S
MY-GTK||GTK|Sungai Tekai~1|26412|28930|49
WBGN|1|BSE|Sematan~1|18127|97654|7
WMAN|1|SXT|Sungai Tiang~1|43303|23950|3
WMAU|1|MEP|Mersing~1|23891|38742|3
WMBA|1|SWY|Sitiawan~1|42222|6993|8
WMBI|1|TPG|Taiping (Tekah)~1|48664|7154|12
WMGK|||Gong Kedak~1|57996|24840|6|08,2012,46,1,1,82,,-129,-900,6,,123,900,6
WMKF|||Simpang~1|31123|17030|34|04,1891,45,1,1,35.1,,-686,-500,34,328,676,400,34,398;03,158,30,6,0,34.9,,-7,-200,,,110,-100
WMPA|1|PKG|Pulau Pangkor~1|42447|5530|6|04,732,30,1,0,,,,,13
WMPR|1|RDN|LTS Pulau Redang~1|57648|30049|11
#SG|L
WSSS|1|SIN|Singapore Changi~1|13502|39940|7|02C,4000,60,1,1,23,,-2140,-900,5,,1193,500,5;02L,4000,60,1,1,23,,-123,-1600,7,,3221,-200,4,740;02R,4000,60,1,3,23,,-2781,600,5,,548,2000,5
#SG|M
WSAC|||Changi Air Base (East)|13441|40090|7
WSAG|||Sembawang~d|14253|38130|26|04,1907,30,1,0,42.8,,-781,-900,,152,484,200,,235;05,1036,30,1,1,47,,-196,0,,61,443,600,,61
WSAP|1|QPG|Paya Lebar~d|13604|39100|20|02,3780,61,1,1,22.9,,-1576,-700,13,,1577,600,20
WSAT|1|TGA|Tengah~d|13876|37083|15|18,2743,45,1,1,185,,1204,170,15,,-1272,-30,15;01,688,20,1,0,9.6,,-71,-930,,,553,-830;18R,352,72,4,0,184.7,,-418,70,,,-733,70
WSSL|1|XSP|Seletar~1|14156|38667|11|03,1836,46,1,1,33,,-516,-370,11,,687,430,3
#SG|S
SG-0002|||Pulau Sudong Military~6|12053|37190||09,2438,,0,0
#TH|L
VTSM|1|USM|Samui~3|95478|620|20|17,2060,45,1,1,174.5,,941,0,13,260,-913,100,17,300
VTSS|1|HDY|Hat Yai~3|69332|3930|27|08,3050,45,1,1,83,,-237,-1400,20,,99,1400,18
#TH|M
BTZ|VTSY|BTZ|Betong~3|57900|11500|239|,1800,,0,0
VTSC|1|NAW|Narathiwat~1|65199|17430|5|02,2500,45,1,1,23,,-829,-300,5,,833,400,5
VTSH|1|SGZ|Songkhla~1|71866|6080|4|13,1510,45,1,1,134.8,,468,-500,,,-488,500
VTSK|1|PAN|Pattani~1|67855|11540|2|08,1400,40,1,0,86,,-47,-700,2,,38,600,2
#TH|S
VTSA|1||Khoun Khan~1|66614|800|5|17,1100,40,1,0,173.8,,501,0,,,-501,100
#VN|M
VVCM|1|CAH|Cà Mau~1|91777|51778|2|09,1500,30,1,0,,,-8,-679,2,,-44,687,2
VVCS|1|VCS|Con Dao~1|87318|66330|6|11,1830,30,1,0,111,,292,-821,5,,-255,747,6
VVRG|1|VKG|Rach Gia~1|99580|51324|2|08,1500,30,1,0,,,-153,-635,2,,185,689,2
#VN|S
SOA||SOA|Sóc Trăng~1|95814|59602|6
