#ID|L
WAMM|1|MDC|Sam Ratulangi~3|15486|49262|80|18,2650,45,1,1,181.9,,1074,-20,82,,-1320,-120,80
#ID|M
WAEE|1|TTE|Sultan Babullah~1|8310|73816|15|14,1791,30,1,1,141,,672,-560,15,,-589,540,15
WAEW||OTI|Pitu~1|20460|83250|15|09,2402,29,1,0,89,,-26,-1100,,,24,1001
WAMH|1|NAH|Naha~1|36848|55272|5|15,1096,30,1,0,150.4,,274,-120,,,-592,280
#ID|S
ID-0181|WAEH|WDB|Weda Bay~1|4679|79482|3
ID-0273|||Marimoi~1|11013|77025|35|15,920,22,1,0,152.8,,429,-150,,,-311,250
WAFL|1|TLI|Sultan Bantilan~1|11234|7937|5|11,1400,30,1,0
WAFZ|||Panua Pohuwato~1|4618|18147||09,1200,,1,0
WAMA|WAEG|GLX|Gamarmalamo~1|18381|77862|48|04,750,23,1,0
WAME|WAEM|PGQ|Buli~1|9171|83821|2
WAMG|1|GTO|Jalaluddin~1|6371|28500|32|09,2500,45,1,1,97,,149,-1199,27,,-135,1029,27
WAMI|1|LKM|Bolaang Mongondow~1|8886|40336|9|11,1600,,1,0
WAMK|WAEK|KAZ|Kuabang~1|11886|78960|12|18,903,23,1,0
WAMN|1|MNA|Melangguane~1|40103|66732|1|18,1400,29,1,0
WAMO||BRG|Siau/Sitaro~1|26486|54233|47|02,1410,30,1,1,20,,-549,-195,96,76,578,223,26
WAMS|1|IAX|Miangas~1|55604|65801|3
WAMY|WAFY|UOL|Buol - Pogogul~1|11023|14134|15|06,750,21,2,0
#PH|L
RPMD|1|DVO|Francisco Bangoy~3|71255|56460|29|05,3000,45,1,1,49.3,,-883,-1100,28,,887,1000,29
RPMR|1|GES|General Santos~3|60572|50962|154|17,3227,45,2,1,173,,1541,-220,154,,-1356,180,142
RPMY|1|CGY|Laguindingan~3|86122|44565|58|09,2100,45,2,1,86,,-73,-950,58,,74,950,58
RPMZ|1|ZAM|Zamboanga~3|69224|20600|10|09,2609,44,1,1,93.8,,81,-1200,7,,-77,1100,10
RPSP|1|TAG|Bohol-Panglao~3|95730|37701|13|03,2500,,1,0
#PH|M
PH-0462|||Central Mindanao~1|69123|49245|50
RPMA|1|AAV|Allah Valley~1|63679|47524|201|16,1340,18,1,0,155,,401,-340,,,-704,160
RPMB|1||Rajah Buayan~d|61055|52349|9|01,1700,30,1,0,15,,-653,-190,4,,840,210,9
RPMC|1|CBO|Cotabato (Awang)~1|71648|42099|58|10,1900,45,1,1,104,,246,-890,,60,-157,810,,60
RPME|1|BXU|Bancasi~1|89515|54788|43|12,2096,45,2,1,117,,378,-880,39,,-414,720,43
RPMF|1|BPH|Bislig~1|81951|63210|4|05,1200,30,2,0,52,,-248,-400,,,418,500
RPMG|1|DPL|Dipolog~1|86020|33419|4|02,1912,30,2,1,17.8,,-899,-990,,30,751,-490
RPMH|1|CGM|Camiguin~1|92539|47091|16|07,1202,30,1,0,71,,-219,-710,5,,144,290,2
RPMJ|1|JOL|Jolo~1|60537|10110|36|09,1263,30,1,0,88.7,,-16,-600,,63,10,600,,44
RPMO|1|OZC|Labo~1|81785|38420|23|03,1743,45,1,0,33,,-662,-500,4,427,663,400,5
RPMP|1|PAG|Pagadian~1|78256|34596|2|02,2004,45,1,0,17,,-585,-360,,,904,40
RPMQ|1|MXI|Mati National~1|69491|62737|48|14,1625,32,2,0,139,,579,-570,,,-525,430
RPMS|1|SUG|Surigao~1|97558|54809|6|18,1708,30,2,1,172,,941,-290,,,-588,-90
RPMW|1|TDG|Tandag~1|90720|61713|5|03,1452,30,2,0,26,,-577,-230,5,,600,270,4,58
RPVD|1|DGT|Sibulan~1|93342|33019|5|09,1896,36,1,1,93,,22,-447,,460,-50,858
#PH|S
LWA||LWA|Lebak Rural~1|66739|40581|5
PH-0456|RPMT||Del Monte Plantation~1|83481|48506|601
PH-0686|||Siasi~1|55677|8433|52|04,751,11,2,0
PRNO||XSO|Siocon~1|77100|21620|18
RP17|||Malita~1|64027|56193|5|17,1200,30,2,0,170.6,,493,-30,5,,-576,70,5
RPMI|1|IGN|Maria Cristina (Iligan)~1|81305|42150|396|02,1400,18,2,0,20,,-592,-200,,,590,200
RPML|1||Lumbia~9|84152|46112|183|01,2454,36,1,1,12.9,,-1040,-220,183,134,1124,280,182
RPMM|1|MLP|Malabang~1|76169|40580|8
RPMV|1|IPE|Ipil~1|77849|26015
RPMX|1||Liloy Community~1|81021|26704|76
RPNS|1|IAO|Siargao~1|98591|60140|3|01,1270,30,2,0,9.5,,-563,-100,,,562,100
XMA||XMA|Maramag~1|77538|50333|280
