#CR|L
MROC|1|SJO|Juan Santamaría~3|99939|57912|921|07,3012,46,1,1,69.1,,-490,-1310,895,,495,1290,928,600
#CR|M
MRBA|1|BAI|Buenos Aires~1|91639|66698|370|01,990,10,2,0,9.7,,-487,-80,,,358,60
MRCC|1|OTR|Coto 47~1|86016|70312|8|18,1000,20,1,1,180.4,,452,20,,,-460,20
MRGF|1|GLF|Golfito~1|86540|68178|15|13,1400,20,1,0,135.1,,452,-450,,,-450,450
MRLM|1|LIO|Limón~3|99580|69780|2|14,1800,30,1,1,146,,670,-450,2,,-678,450,2
MRNS|1|NOB|Nosara~1|99765|43470|10|04/24,1000,18,1,0,36,,-367,-260,,200,366,270
MRPJ|1|PJM|Puerto Jimenez~1|85333|67000|2|16,825,,0,0,,,,,2,,,,2
MRPM|1|PMZ|Palmar Sur~1|89510|65314|15|04,1393,18,1,0,4,213,-529,-340,15,,534,350,15
MRPV|1|SYQ|Tobías Bolaños~3|99571|58602|1002|10,1566,23,1,1,95,,60,-730,987,61,-69,740,1002
MRQP|1|XQP|Quepos Managua~1|94432|58702|26|04,1100,11,1,0,41,,-381,-320,21,,374,330,32
#CR|S
CR-0006||ACO|Cóbano~1|96934|49088|153
MRCH|1|JAP|Chacarita~1|99814|52273|2|09,1500,15,1,0,96.4,,77,-680,,,-75,680,,525
MRCR|1|PLD|Playa Samara/Carrillo~1|98705|45186|15
MRDK|1|DRK|Drake Bay~1|87189|63583|4|09,750,,1,0
MRFI|||Finca 10 / Nuevo Palmar Sur~1|89164|64927|8|03,1433,23,1,0,33,,-552,-350,,,542,360
MRIA|1|PBP|Islita~1|98561|46292|2|03,800,,0,0,,,,,1,,,,1
MRPD|||Pandora~1|97322|70168|30|08,1000,20,1,0,83,,-58,-450,,,52,450
MRSI|1|IPZ|San Isidro del General~1|93487|62877|640
MRSV|1|TOO|San Vito de Java~1|88270|70411|984|08,980,11,1,0,81.4,,-155,-440,,,-23,440
MRTR|1|TMU|Tambor~1|97393|49838|10|12,830,,1,0
#EC|S
SECQ|||Coaque~1|162|99081|40|15,700,15,5,0
#PA|M
MPBO|1|BOC|Bocas del Toro "Isla Colón"~3|93409|77492|3|08,1500,26,1,1,87,,-42,-690,2,,33,680,2
MPCE|1|CTD|Alonso Valderrama~1|79878|95902|10|01,1500,20,1,1,12,,-651,-130,,,658,140
MPCH|1|CHX|Changuinola Captain Manuel Niño~3|94590|74849|6|03,1100,25,1,1,31.6,,-445,-270,5,,405,260,6
MPDA|1|DAV|Enrique Malek~3|83890|75636|27|04,2600,45,1,1,38,,-908,-730,11,,944,723,27
MPSA|1|SYP|Ruben Cantu~1|80856|90547|83|17,1200,25,1,0,175,,543,-40,,,-543,50
#PA|S
MP01|||Finca Ceiba~1|83550|71636|16|18,950,9,1,0,180,,429,0,,,-429,10
MP02|||Finca 45~1|95433|72662|17|13,1150,9,1,0,129,,330,-400,,,-324,410
MP03|||La Cabezona~1|83457|74958|9|05,1000,12,1,0,49.1,,-1027,-270,,,-435,410
MP17|||Finca 67~1|94344|75009|9|10,1030,10,1,0,96.2,,-278,-290,,,-379,630
MP18|||Guillermo Palm Jaén~1|85038|96397|86|18,1021,12,1,0,182,,465,10,,,-458,-20
MP21|||Alvaro Berroa~1|87704|73356|1524|12,2000,20,1,0,121.1,,464,-770,,,-466,780
MP22|||Ingenio Santa Rosa~1|81952|93413|33|01,980,14,1,0,16,,-424,-120,,,428,120
MP27|||Deborah~1|95161|74045|6|06,976,7,1,0,66,,-178,-400,,,185,410
MPNU|||Augusto Vergara~1|78575|97238|15|16,1059,11,1,0,161,,436,-150,,,-461,170
MPPD|1|PDM|Capt. J. Montenegro~1|75348|99567|45|17,1000,15,1,0
MPSM|1|RIH|Scarlett Martinez~3|83759|98721|32|17,2450,45,1,1,165,,1482,-475,,,-649,131
MPZL|||Finca 32~1|94271|74373|7|08,1047,10,1,0,83.4,,-56,-470,,,53,480
PA-0038|||Pixvae~6|78412|84327|17|07,811,30,6,0
PA-AML||AML|Puerto Armuelles~1|82677|71355|13|04,900,20,1,0,38,,-390,-310,,,250,190
